Size;Method;Time;Status;Solution;Timeout;Scans
1000000;BFDC;1203138;1;1;0;3.21
1000000;BFDC;1218150;1;1;0;3.21
1000000;BFDC;1206285;1;1;0;3.21
1000000;BFDC;1207101;1;1;0;3.21
1000000;BFDC;1204650;1;1;0;3.21
1000000;BFDC;1205327;1;1;0;3.21
1000000;BFDC;1205044;1;1;0;3.21
1000000;BFDC;1204597;1;1;0;3.21
1000000;BFDC;1210320;1;1;0;3.21
1000000;BFDC;1204114;1;1;0;3.21
1000000;RULT;5377562;1;1;0;9.98
1000000;RULT;5376133;1;1;0;9.98
1000000;RULT;5383713;1;1;0;9.98
1000000;RULT;5378227;1;1;0;9.98
1000000;RULT;5376448;1;1;0;9.98
1000000;RULT;5377837;1;1;0;9.98
1000000;RULT;5377543;1;1;0;9.98
1000000;RULT;5381961;1;1;0;9.98
1000000;RULT;5375984;1;1;0;9.98
1000000;RULT;5388313;1;1;0;9.98
50000;ILP;35117011;1;1;0;0.00
50000;ILP;34357962;1;1;0;0.00
50000;ILP;34577771;1;1;0;0.00
50000;ILP;34251908;1;1;0;0.00
50000;ILP;34074844;1;1;0;0.00
50000;ILP;33910834;1;1;0;0.00
50000;ILP;33988149;1;1;0;0.00
50000;ILP;33870648;1;1;0;0.00
50000;ILP;34173571;1;1;0;0.00
50000;ILP;33831717;1;1;0;0.00
50000;BFDC;21737;1;1;0;3.21
50000;BFDC;20377;1;1;0;3.21
50000;BFDC;20312;1;1;0;3.21
50000;BFDC;20262;1;1;0;3.21
50000;BFDC;20171;1;1;0;3.21
50000;BFDC;20054;1;1;0;3.21
50000;BFDC;20163;1;1;0;3.21
50000;BFDC;20011;1;1;0;3.21
50000;BFDC;19993;1;1;0;3.21
50000;BFDC;20045;1;1;0;3.21
50000;RULT;165969;1;1;0;8.84
50000;RULT;148715;1;1;0;8.84
50000;RULT;148726;1;1;0;8.84
50000;RULT;148797;1;1;0;8.84
50000;RULT;148714;1;1;0;8.84
50000;RULT;148740;1;1;0;8.84
50000;RULT;148648;1;1;0;8.84
50000;RULT;148762;1;1;0;8.84
50000;RULT;148768;1;1;0;8.84
50000;RULT;149917;1;1;0;8.84
50000;CRA;42489710;1;1;0;2131.77
50000;CRA;42307666;1;1;0;2131.77
50000;CRA;42312121;1;1;0;2131.77
50000;CRA;42308179;1;1;0;2131.77
50000;CRA;42307389;1;1;0;2131.77
50000;CRA;42308483;1;1;0;2131.77
50000;CRA;42310147;1;1;0;2131.77
50000;CRA;42313320;1;1;0;2131.77
50000;CRA;42308607;1;1;0;2131.77
50000;CRA;42310831;1;1;0;2131.77
400000;BFDC;2376880;1;1;0;19.15
400000;BFDC;2379937;1;1;0;19.15
400000;BFDC;2379441;1;1;0;19.15
400000;BFDC;2380501;1;1;0;19.15
400000;BFDC;2380330;1;1;0;19.15
400000;BFDC;2383757;1;1;0;19.15
400000;BFDC;2377511;1;1;0;19.15
400000;BFDC;2381267;1;1;0;19.15
400000;BFDC;2379839;1;1;0;19.15
400000;BFDC;2380137;1;1;0;19.15
400000;RULT;50992108;1;1;0;278.80
400000;RULT;50855860;1;1;0;278.80
400000;RULT;50844744;1;1;0;278.80
400000;RULT;50854920;1;1;0;278.80
400000;RULT;50857633;1;1;0;278.80
400000;RULT;50846751;1;1;0;278.80
400000;RULT;50845702;1;1;0;278.80
400000;RULT;50855834;1;1;0;278.80
400000;RULT;50854027;1;1;0;278.80
400000;RULT;50848698;1;1;0;278.80
85900;ILP;142204003;1;1;0;0.00
85900;ILP;140918645;1;1;0;0.00
85900;ILP;140394086;1;1;0;0.00
85900;ILP;140712843;1;1;0;0.00
85900;ILP;140695129;1;1;0;0.00
85900;ILP;140820933;1;1;0;0.00
85900;ILP;139957954;1;1;0;0.00
85900;ILP;139949705;1;1;0;0.00
85900;ILP;140435702;1;1;0;0.00
85900;ILP;140589260;1;1;0;0.00
85900;BFDC;57262;1;1;0;3.33
85900;BFDC;56857;1;1;0;3.33
85900;BFDC;56713;1;1;0;3.33
85900;BFDC;56716;1;1;0;3.33
85900;BFDC;56767;1;1;0;3.33
85900;BFDC;56777;1;1;0;3.33
85900;BFDC;57112;1;1;0;3.33
85900;BFDC;56786;1;1;0;3.33
85900;BFDC;56686;1;1;0;3.33
85900;BFDC;56620;1;1;0;3.33
85900;RULT;328342;1;1;0;10.03
85900;RULT;326027;1;1;0;10.03
85900;RULT;320845;1;1;0;10.03
85900;RULT;328494;1;1;0;10.03
85900;RULT;325557;1;1;0;10.03
85900;RULT;320796;1;1;0;10.03
85900;RULT;335563;1;1;0;10.03
85900;RULT;320817;1;1;0;10.03
85900;RULT;331839;1;1;0;10.03
85900;RULT;321103;1;1;0;10.03
85900;CRA;231932545;1;1;0;5733.98
85900;CRA;230917340;1;1;0;5733.98
85900;CRA;230894867;1;1;0;5733.98
85900;CRA;230896267;1;1;0;5733.98
85900;CRA;230898682;1;1;0;5733.98
85900;CRA;230912591;1;1;0;5733.98
85900;CRA;230899421;1;1;0;5733.98
85900;CRA;230897194;1;1;0;5733.98
85900;CRA;230913760;1;1;0;5733.98
85900;CRA;230909005;1;1;0;5733.98
200000;ILP;135674079;1;1;0;0.00
200000;ILP;135654541;1;1;0;0.00
200000;ILP;136248416;1;1;0;0.00
200000;ILP;136244368;1;1;0;0.00
200000;ILP;136168983;1;1;0;0.00
200000;ILP;136296628;1;1;0;0.00
200000;ILP;136233204;1;1;0;0.00
200000;ILP;136155109;1;1;0;0.00
200000;ILP;136238187;1;1;0;0.00
200000;ILP;136342277;1;1;0;0.00
200000;BFDC;378206;1;1;0;6.84
200000;BFDC;368884;1;1;0;6.84
200000;BFDC;377258;1;1;0;6.84
200000;BFDC;368461;1;1;0;6.84
200000;BFDC;377355;1;1;0;6.84
200000;BFDC;369234;1;1;0;6.84
200000;BFDC;379733;1;1;0;6.84
200000;BFDC;368625;1;1;0;6.84
200000;BFDC;368654;1;1;0;6.84
200000;BFDC;368831;1;1;0;6.84
200000;RULT;1730877;1;1;0;23.57
200000;RULT;1738496;1;1;0;23.57
200000;RULT;1742428;1;1;0;23.57
200000;RULT;1735139;1;1;0;23.57
200000;RULT;1739253;1;1;0;23.57
200000;RULT;1735258;1;1;0;23.57
200000;RULT;1737215;1;1;0;23.57
200000;RULT;1732672;1;1;0;23.57
200000;RULT;1734613;1;1;0;23.57
200000;RULT;1728748;1;1;0;23.57
200000;CRA;152011472;1;1;0;1197.38
200000;CRA;150680887;1;1;0;1197.38
200000;CRA;150672864;1;1;0;1197.38
200000;CRA;150711318;1;1;0;1197.38
200000;CRA;150685302;1;1;0;1197.38
200000;CRA;150681838;1;1;0;1197.38
200000;CRA;150692150;1;1;0;1197.38
200000;CRA;150690722;1;1;0;1197.38
200000;CRA;150682733;1;1;0;1197.38
200000;CRA;150694607;1;1;0;1197.38
