Size;Method;Time;Status;Solution;Timeout;Scans
0.4000;ULT;41351;0;0;0;12.01
0.4000;ULT;41203;0;0;0;12.01
0.4000;ULT;41219;0;0;0;12.01
0.4000;ULT;39397;0;0;0;12.01
0.4000;ULT;41319;0;0;0;12.01
0.4000;ULT;41311;0;0;0;12.01
0.4000;ULT;41309;0;0;0;12.01
0.4000;ULT;41280;0;0;0;12.01
0.4000;ULT;41253;0;0;0;12.01
0.4000;ULT;41201;0;0;0;12.01
0.4000;ULT;39366;0;0;0;12.01
0.4000;ULT;41263;0;0;0;12.01
0.4000;ULT;41311;0;0;0;12.01
0.4000;ULT;41317;0;0;0;12.01
0.4000;ULT;41219;0;0;0;12.01
0.4000;ULT;41217;0;0;0;12.01
0.4000;ULT;39388;0;0;0;12.01
0.4000;ULT;41298;0;0;0;12.01
0.4000;ULT;41280;0;0;0;12.01
0.4000;ULT;41323;0;0;0;12.01
0.4000;ULT;891307;0;0;0;264.28
0.4000;ULT;888335;0;0;0;264.28
0.4000;ULT;892149;0;0;0;264.28
0.4000;ULT;907603;0;0;0;264.28
0.4000;ULT;873635;0;0;0;264.28
0.4000;ULT;886161;0;0;0;264.28
0.4000;ULT;885695;0;0;0;264.28
0.4000;ULT;874369;0;0;0;264.28
0.4000;ULT;882969;0;0;0;264.28
0.4000;ULT;865889;0;0;0;264.28
0.4000;ULT;870390;0;0;0;264.28
0.4000;ULT;868549;0;0;0;264.28
0.4000;ULT;852859;0;0;0;264.28
0.4000;ULT;884963;0;0;0;264.28
0.4000;ULT;884707;0;0;0;264.28
0.4000;ULT;884767;0;0;0;264.28
0.4000;ULT;884924;0;0;0;264.28
0.4000;ULT;884801;0;0;0;264.28
0.4000;ULT;884679;0;0;0;264.28
0.4000;ULT;884702;0;0;0;264.28
0.4000;RULT;11;0;0;0;0.01
0.4000;RULT;11;0;0;0;0.01
0.4000;RULT;11;0;0;0;0.01
0.4000;RULT;11;0;0;0;0.01
0.4000;RULT;11;0;0;0;0.01
0.4000;RULT;11;0;0;0;0.01
0.4000;RULT;11;0;0;0;0.01
0.4000;RULT;11;0;0;0;0.01
0.4000;RULT;11;0;0;0;0.01
0.4000;RULT;11;0;0;0;0.01
0.4000;RULT;11;0;0;0;0.01
0.4000;RULT;11;0;0;0;0.01
0.4000;RULT;11;0;0;0;0.01
0.4000;RULT;11;0;0;0;0.01
0.4000;RULT;10;0;0;0;0.01
0.4000;RULT;11;0;0;0;0.01
0.4000;RULT;11;0;0;0;0.01
0.4000;RULT;10;0;0;0;0.01
0.4000;RULT;10;0;0;0;0.01
0.4000;RULT;11;0;0;0;0.01
0.4000;RULT;46;0;0;0;0.49
0.4000;RULT;45;0;0;0;0.49
0.4000;RULT;45;0;0;0;0.49
0.4000;RULT;45;0;0;0;0.49
0.4000;RULT;45;0;0;0;0.49
0.4000;RULT;45;0;0;0;0.49
0.4000;RULT;45;0;0;0;0.49
0.4000;RULT;45;0;0;0;0.49
0.4000;RULT;45;0;0;0;0.49
0.4000;RULT;45;0;0;0;0.49
0.4000;RULT;45;0;0;0;0.49
0.4000;RULT;45;0;0;0;0.49
0.4000;RULT;45;0;0;0;0.49
0.4000;RULT;45;0;0;0;0.49
0.4000;RULT;45;0;0;0;0.49
0.4000;RULT;45;0;0;0;0.49
0.4000;RULT;45;0;0;0;0.49
0.4000;RULT;45;0;0;0;0.49
0.4000;RULT;45;0;0;0;0.49
0.4000;RULT;45;0;0;0;0.49
0.4000;ILP;21333;0;0;0;0.00
0.4000;ILP;21224;0;0;0;0.00
0.4000;ILP;20908;0;0;0;0.00
0.4000;ILP;21321;0;0;0;0.00
0.4000;ILP;21512;0;0;0;0.00
0.4000;ILP;21186;0;0;0;0.00
0.4000;ILP;20977;0;0;0;0.00
0.4000;ILP;21189;0;0;0;0.00
0.4000;ILP;21861;0;0;0;0.00
0.4000;ILP;21147;0;0;0;0.00
0.4000;ILP;21346;0;0;0;0.00
0.4000;ILP;20971;0;0;0;0.00
0.4000;ILP;21066;0;0;0;0.00
0.4000;ILP;20912;0;0;0;0.00
0.4000;ILP;21152;0;0;0;0.00
0.4000;ILP;21312;0;0;0;0.00
0.4000;ILP;21570;0;0;0;0.00
0.4000;ILP;21079;0;0;0;0.00
0.4000;ILP;21065;0;0;0;0.00
0.4000;ILP;21254;0;0;0;0.00
0.4000;ILP;21546;0;0;0;0.00
0.4000;ILP;20916;0;0;0;0.00
0.4000;ILP;20844;0;0;0;0.00
0.4000;ILP;20892;0;0;0;0.00
0.4000;ILP;20943;0;0;0;0.00
0.4000;ILP;21003;0;0;0;0.00
0.4000;ILP;20705;0;0;0;0.00
0.4000;ILP;21337;0;0;0;0.00
0.4000;ILP;21394;0;0;0;0.00
0.4000;ILP;20830;0;0;0;0.00
0.4000;ILP;21086;0;0;0;0.00
0.4000;ILP;20877;0;0;0;0.00
0.4000;ILP;21263;0;0;0;0.00
0.4000;ILP;20978;0;0;0;0.00
0.4000;ILP;21038;0;0;0;0.00
0.4000;ILP;20610;0;0;0;0.00
0.4000;ILP;21235;0;0;0;0.00
0.4000;ILP;20329;0;0;0;0.00
0.4000;ILP;21081;0;0;0;0.00
0.4000;ILP;20545;0;0;0;0.00
0.4000;CP;92964;0;0;0;0.00
0.4000;CP;88058;0;0;0;0.00
0.4000;CP;87538;0;0;0;0.00
0.4000;CP;97095;0;0;0;0.00
0.4000;CP;98512;0;0;0;0.00
0.4000;CP;98473;0;0;0;0.00
0.4000;CP;99153;0;0;0;0.00
0.4000;CP;98206;0;0;0;0.00
0.4000;CP;97937;0;0;0;0.00
0.4000;CP;97827;0;0;0;0.00
0.4000;CP;99298;0;0;0;0.00
0.4000;CP;98093;0;0;0;0.00
0.4000;CP;98092;0;0;0;0.00
0.4000;CP;98007;0;0;0;0.00
0.4000;CP;97827;0;0;0;0.00
0.4000;CP;98639;0;0;0;0.00
0.4000;CP;97510;0;0;0;0.00
0.4000;CP;97758;0;0;0;0.00
0.4000;CP;97602;0;0;0;0.00
0.4000;CP;97900;0;0;0;0.00
0.4000;CP;97689;0;0;0;0.00
0.4000;CP;87486;0;0;0;0.00
0.4000;CP;87474;0;0;0;0.00
0.4000;CP;87494;0;0;0;0.00
0.4000;CP;96639;0;0;0;0.00
0.4000;CP;97131;0;0;0;0.00
0.4000;CP;96813;0;0;0;0.00
0.4000;CP;97175;0;0;0;0.00
0.4000;CP;96790;0;0;0;0.00
0.4000;CP;97734;0;0;0;0.00
0.4000;CP;97162;0;0;0;0.00
0.4000;CP;96952;0;0;0;0.00
0.4000;CP;89405;0;0;0;0.00
0.4000;CP;87854;0;0;0;0.00
0.4000;CP;86770;0;0;0;0.00
0.4000;CP;96688;0;0;0;0.00
0.4000;CP;96620;0;0;0;0.00
0.4000;CP;96961;0;0;0;0.00
0.4000;CP;97052;0;0;0;0.00
0.4000;CP;97257;0;0;0;0.00
0.4000;SCP;74399;0;0;0;0.00
0.4000;SCP;74666;0;0;0;0.00
0.4000;SCP;72085;0;0;0;0.00
0.4000;SCP;70852;0;0;0;0.00
0.4000;SCP;71977;0;0;0;0.00
0.4000;SCP;72007;0;0;0;0.00
0.4000;SCP;75523;0;0;0;0.00
0.4000;SCP;74558;0;0;0;0.00
0.4000;SCP;74658;0;0;0;0.00
0.4000;SCP;74578;0;0;0;0.00
0.4000;SCP;74798;0;0;0;0.00
0.4000;SCP;74375;0;0;0;0.00
0.4000;SCP;74578;0;0;0;0.00
0.4000;SCP;74627;0;0;0;0.00
0.4000;SCP;74415;0;0;0;0.00
0.4000;SCP;74359;0;0;0;0.00
0.4000;SCP;74579;0;0;0;0.00
0.4000;SCP;74462;0;0;0;0.00
0.4000;SCP;75402;0;0;0;0.00
0.4000;SCP;74640;0;0;0;0.00
0.4000;SCP;55617;0;0;0;0.00
0.4000;SCP;55762;0;0;0;0.00
0.4000;SCP;55863;0;0;0;0.00
0.4000;SCP;56021;0;0;0;0.00
0.4000;SCP;55844;0;0;0;0.00
0.4000;SCP;56374;0;0;0;0.00
0.4000;SCP;52327;0;0;0;0.00
0.4000;SCP;51949;0;0;0;0.00
0.4000;SCP;51531;0;0;0;0.00
0.4000;SCP;51593;0;0;0;0.00
0.4000;SCP;51324;0;0;0;0.00
0.4000;SCP;55969;0;0;0;0.00
0.4000;SCP;55776;0;0;0;0.00
0.4000;SCP;55906;0;0;0;0.00
0.4000;SCP;56157;0;0;0;0.00
0.4000;SCP;55870;0;0;0;0.00
0.4000;SCP;55837;0;0;0;0.00
0.4000;SCP;55777;0;0;0;0.00
0.4000;SCP;55765;0;0;0;0.00
0.4000;SCP;55866;0;0;0;0.00
0.4000;KAB;429;0;0;0;0.00
0.4000;KAB;65;0;0;0;0.00
0.4000;KAB;64;0;0;0;0.00
0.4000;KAB;60;0;0;0;0.00
0.4000;KAB;61;0;0;0;0.00
0.4000;KAB;59;0;0;0;0.00
0.4000;KAB;59;0;0;0;0.00
0.4000;KAB;60;0;0;0;0.00
0.4000;KAB;59;0;0;0;0.00
0.4000;KAB;59;0;0;0;0.00
0.4000;KAB;59;0;0;0;0.00
0.4000;KAB;59;0;0;0;0.00
0.4000;KAB;59;0;0;0;0.00
0.4000;KAB;69;0;0;0;0.00
0.4000;KAB;59;0;0;0;0.00
0.4000;KAB;58;0;0;0;0.00
0.4000;KAB;58;0;0;0;0.00
0.4000;KAB;60;0;0;0;0.00
0.4000;KAB;60;0;0;0;0.00
0.4000;KAB;58;0;0;0;0.00
0.4000;KAB;390;0;0;0;0.00
0.4000;KAB;41;0;0;0;0.00
0.4000;KAB;39;0;0;0;0.00
0.4000;KAB;37;0;0;0;0.00
0.4000;KAB;34;0;0;0;0.00
0.4000;KAB;35;0;0;0;0.00
0.4000;KAB;34;0;0;0;0.00
0.4000;KAB;33;0;0;0;0.00
0.4000;KAB;32;0;0;0;0.00
0.4000;KAB;32;0;0;0;0.00
0.4000;KAB;32;0;0;0;0.00
0.4000;KAB;31;0;0;0;0.00
0.4000;KAB;31;0;0;0;0.00
0.4000;KAB;31;0;0;0;0.00
0.4000;KAB;31;0;0;0;0.00
0.4000;KAB;31;0;0;0;0.00
0.4000;KAB;30;0;0;0;0.00
0.4000;KAB;31;0;0;0;0.00
0.4000;KAB;30;0;0;0;0.00
0.4000;KAB;31;0;0;0;0.00
0.4000;BFDC;11;0;0;0;0.01
0.4000;BFDC;10;0;0;0;0.01
0.4000;BFDC;10;0;0;0;0.01
0.4000;BFDC;10;0;0;0;0.01
0.4000;BFDC;10;0;0;0;0.01
0.4000;BFDC;10;0;0;0;0.01
0.4000;BFDC;10;0;0;0;0.01
0.4000;BFDC;10;0;0;0;0.01
0.4000;BFDC;10;0;0;0;0.01
0.4000;BFDC;10;0;0;0;0.01
0.4000;BFDC;10;0;0;0;0.01
0.4000;BFDC;10;0;0;0;0.01
0.4000;BFDC;10;0;0;0;0.01
0.4000;BFDC;10;0;0;0;0.01
0.4000;BFDC;10;0;0;0;0.01
0.4000;BFDC;10;0;0;0;0.01
0.4000;BFDC;10;0;0;0;0.01
0.4000;BFDC;10;0;0;0;0.01
0.4000;BFDC;10;0;0;0;0.01
0.4000;BFDC;10;0;0;0;0.01
0.4000;BFDC;84;0;0;0;0.56
0.4000;BFDC;83;0;0;0;0.56
0.4000;BFDC;82;0;0;0;0.56
0.4000;BFDC;82;0;0;0;0.56
0.4000;BFDC;82;0;0;0;0.56
0.4000;BFDC;82;0;0;0;0.56
0.4000;BFDC;82;0;0;0;0.56
0.4000;BFDC;82;0;0;0;0.56
0.4000;BFDC;82;0;0;0;0.56
0.4000;BFDC;82;0;0;0;0.56
0.4000;BFDC;82;0;0;0;0.56
0.4000;BFDC;82;0;0;0;0.56
0.4000;BFDC;82;0;0;0;0.56
0.4000;BFDC;82;0;0;0;0.56
0.4000;BFDC;82;0;0;0;0.56
0.4000;BFDC;82;0;0;0;0.56
0.4000;BFDC;82;0;0;0;0.56
0.4000;BFDC;82;0;0;0;0.56
0.4000;BFDC;82;0;0;0;0.56
0.4000;BFDC;82;0;0;0;0.56
0.4000;CRA;28;0;0;0;0.01
0.4000;CRA;21;0;0;0;0.01
0.4000;CRA;21;0;0;0;0.01
0.4000;CRA;21;0;0;0;0.01
0.4000;CRA;21;0;0;0;0.01
0.4000;CRA;21;0;0;0;0.01
0.4000;CRA;21;0;0;0;0.01
0.4000;CRA;21;0;0;0;0.01
0.4000;CRA;21;0;0;0;0.01
0.4000;CRA;21;0;0;0;0.01
0.4000;CRA;21;0;0;0;0.01
0.4000;CRA;20;0;0;0;0.01
0.4000;CRA;21;0;0;0;0.01
0.4000;CRA;21;0;0;0;0.01
0.4000;CRA;21;0;0;0;0.01
0.4000;CRA;21;0;0;0;0.01
0.4000;CRA;21;0;0;0;0.01
0.4000;CRA;21;0;0;0;0.01
0.4000;CRA;21;0;0;0;0.01
0.4000;CRA;21;0;0;0;0.01
0.4000;CRA;63;0;0;0;0.28
0.4000;CRA;46;0;0;0;0.28
0.4000;CRA;44;0;0;0;0.28
0.4000;CRA;43;0;0;0;0.28
0.4000;CRA;42;0;0;0;0.28
0.4000;CRA;42;0;0;0;0.28
0.4000;CRA;42;0;0;0;0.28
0.4000;CRA;42;0;0;0;0.28
0.4000;CRA;42;0;0;0;0.28
0.4000;CRA;48;0;0;0;0.28
0.4000;CRA;41;0;0;0;0.28
0.4000;CRA;42;0;0;0;0.28
0.4000;CRA;41;0;0;0;0.28
0.4000;CRA;41;0;0;0;0.28
0.4000;CRA;41;0;0;0;0.28
0.4000;CRA;42;0;0;0;0.28
0.4000;CRA;41;0;0;0;0.28
0.4000;CRA;41;0;0;0;0.28
0.4000;CRA;42;0;0;0;0.28
0.4000;CRA;41;0;0;0;0.28
0.5000;ULT;885716;0;0;0;264.13
0.5000;ULT;886376;0;0;0;264.13
0.5000;ULT;885253;0;0;0;264.13
0.5000;ULT;885181;0;0;0;264.13
0.5000;ULT;885204;0;0;0;264.13
0.5000;ULT;885154;0;0;0;264.13
0.5000;ULT;886145;0;0;0;264.13
0.5000;ULT;864027;0;0;0;264.13
0.5000;ULT;876371;0;0;0;264.13
0.5000;ULT;874315;0;0;0;264.13
0.5000;ULT;864358;0;0;0;264.13
0.5000;ULT;865045;0;0;0;264.13
0.5000;ULT;882272;0;0;0;264.13
0.5000;ULT;880660;0;0;0;264.13
0.5000;ULT;880747;0;0;0;264.13
0.5000;ULT;881475;0;0;0;264.13
0.5000;ULT;883631;0;0;0;264.13
0.5000;ULT;883473;0;0;0;264.13
0.5000;ULT;884475;0;0;0;264.13
0.5000;ULT;886342;0;0;0;264.13
0.5000;ULT;869637;0;0;0;257.72
0.5000;ULT;859233;0;0;0;257.72
0.5000;ULT;870760;0;0;0;257.72
0.5000;ULT;858892;0;0;0;257.72
0.5000;ULT;870258;0;0;0;257.72
0.5000;ULT;858926;0;0;0;257.72
0.5000;ULT;870292;0;0;0;257.72
0.5000;ULT;860903;0;0;0;257.72
0.5000;ULT;870086;0;0;0;257.72
0.5000;ULT;882672;0;0;0;257.72
0.5000;ULT;862126;0;0;0;257.72
0.5000;ULT;860489;0;0;0;257.72
0.5000;ULT;860473;0;0;0;257.72
0.5000;ULT;861337;0;0;0;257.72
0.5000;ULT;862358;0;0;0;257.72
0.5000;ULT;863447;0;0;0;257.72
0.5000;ULT;864525;0;0;0;257.72
0.5000;ULT;865213;0;0;0;257.72
0.5000;ULT;844848;0;0;0;257.72
0.5000;ULT;855851;0;0;0;257.72
0.5000;RULT;20;0;0;0;0.13
0.5000;RULT;20;0;0;0;0.13
0.5000;RULT;20;0;0;0;0.13
0.5000;RULT;20;0;0;0;0.13
0.5000;RULT;20;0;0;0;0.13
0.5000;RULT;20;0;0;0;0.13
0.5000;RULT;20;0;0;0;0.13
0.5000;RULT;20;0;0;0;0.13
0.5000;RULT;20;0;0;0;0.13
0.5000;RULT;20;0;0;0;0.13
0.5000;RULT;20;0;0;0;0.13
0.5000;RULT;20;0;0;0;0.13
0.5000;RULT;20;0;0;0;0.13
0.5000;RULT;20;0;0;0;0.13
0.5000;RULT;20;0;0;0;0.13
0.5000;RULT;20;0;0;0;0.13
0.5000;RULT;20;0;0;0;0.13
0.5000;RULT;20;0;0;0;0.13
0.5000;RULT;20;0;0;0;0.13
0.5000;RULT;20;0;0;0;0.13
0.5000;RULT;27;0;0;0;0.22
0.5000;RULT;26;0;0;0;0.22
0.5000;RULT;26;0;0;0;0.22
0.5000;RULT;26;0;0;0;0.22
0.5000;RULT;26;0;0;0;0.22
0.5000;RULT;26;0;0;0;0.22
0.5000;RULT;26;0;0;0;0.22
0.5000;RULT;26;0;0;0;0.22
0.5000;RULT;26;0;0;0;0.22
0.5000;RULT;26;0;0;0;0.22
0.5000;RULT;26;0;0;0;0.22
0.5000;RULT;26;0;0;0;0.22
0.5000;RULT;26;0;0;0;0.22
0.5000;RULT;26;0;0;0;0.22
0.5000;RULT;26;0;0;0;0.22
0.5000;RULT;26;0;0;0;0.22
0.5000;RULT;26;0;0;0;0.22
0.5000;RULT;26;0;0;0;0.22
0.5000;RULT;26;0;0;0;0.22
0.5000;RULT;26;0;0;0;0.22
0.5000;ILP;24200;0;0;0;0.00
0.5000;ILP;23695;0;0;0;0.00
0.5000;ILP;24034;0;0;0;0.00
0.5000;ILP;23911;0;0;0;0.00
0.5000;ILP;23777;0;0;0;0.00
0.5000;ILP;24083;0;0;0;0.00
0.5000;ILP;24154;0;0;0;0.00
0.5000;ILP;24117;0;0;0;0.00
0.5000;ILP;23629;0;0;0;0.00
0.5000;ILP;23547;0;0;0;0.00
0.5000;ILP;23737;0;0;0;0.00
0.5000;ILP;24218;0;0;0;0.00
0.5000;ILP;23869;0;0;0;0.00
0.5000;ILP;24104;0;0;0;0.00
0.5000;ILP;23666;0;0;0;0.00
0.5000;ILP;23493;0;0;0;0.00
0.5000;ILP;24092;0;0;0;0.00
0.5000;ILP;24268;0;0;0;0.00
0.5000;ILP;24324;0;0;0;0.00
0.5000;ILP;24069;0;0;0;0.00
0.5000;ILP;24271;0;0;0;0.00
0.5000;ILP;23506;0;0;0;0.00
0.5000;ILP;23524;0;0;0;0.00
0.5000;ILP;23859;0;0;0;0.00
0.5000;ILP;23613;0;0;0;0.00
0.5000;ILP;23907;0;0;0;0.00
0.5000;ILP;24343;0;0;0;0.00
0.5000;ILP;23614;0;0;0;0.00
0.5000;ILP;24171;0;0;0;0.00
0.5000;ILP;24304;0;0;0;0.00
0.5000;ILP;24108;0;0;0;0.00
0.5000;ILP;23854;0;0;0;0.00
0.5000;ILP;24390;0;0;0;0.00
0.5000;ILP;23933;0;0;0;0.00
0.5000;ILP;23668;0;0;0;0.00
0.5000;ILP;24128;0;0;0;0.00
0.5000;ILP;24188;0;0;0;0.00
0.5000;ILP;23286;0;0;0;0.00
0.5000;ILP;23670;0;0;0;0.00
0.5000;ILP;23911;0;0;0;0.00
0.5000;CP;94022;0;0;0;0.00
0.5000;CP;96617;0;0;0;0.00
0.5000;CP;106007;0;0;0;0.00
0.5000;CP;108021;0;0;0;0.00
0.5000;CP;107821;0;0;0;0.00
0.5000;CP;109020;0;0;0;0.00
0.5000;CP;108061;0;0;0;0.00
0.5000;CP;107558;0;0;0;0.00
0.5000;CP;107753;0;0;0;0.00
0.5000;CP;103875;0;0;0;0.00
0.5000;CP;97158;0;0;0;0.00
0.5000;CP;95486;0;0;0;0.00
0.5000;CP;102750;0;0;0;0.00
0.5000;CP;102912;0;0;0;0.00
0.5000;CP;103208;0;0;0;0.00
0.5000;CP;103982;0;0;0;0.00
0.5000;CP;102774;0;0;0;0.00
0.5000;CP;103222;0;0;0;0.00
0.5000;CP;103651;0;0;0;0.00
0.5000;CP;102289;0;0;0;0.00
0.5000;CP;102656;0;0;0;0.00
0.5000;CP;103418;0;0;0;0.00
0.5000;CP;103048;0;0;0;0.00
0.5000;CP;102761;0;0;0;0.00
0.5000;CP;103067;0;0;0;0.00
0.5000;CP;102928;0;0;0;0.00
0.5000;CP;103001;0;0;0;0.00
0.5000;CP;103415;0;0;0;0.00
0.5000;CP;103575;0;0;0;0.00
0.5000;CP;102256;0;0;0;0.00
0.5000;CP;103191;0;0;0;0.00
0.5000;CP;103185;0;0;0;0.00
0.5000;CP;103005;0;0;0;0.00
0.5000;CP;102782;0;0;0;0.00
0.5000;CP;102962;0;0;0;0.00
0.5000;CP;102653;0;0;0;0.00
0.5000;CP;104174;0;0;0;0.00
0.5000;CP;107492;0;0;0;0.00
0.5000;CP;97107;0;0;0;0.00
0.5000;CP;98911;0;0;0;0.00
0.5000;SCP;95122;0;0;0;0.00
0.5000;SCP;95128;0;0;0;0.00
0.5000;SCP;97012;0;0;0;0.00
0.5000;SCP;96337;0;0;0;0.00
0.5000;SCP;95911;0;0;0;0.00
0.5000;SCP;96165;0;0;0;0.00
0.5000;SCP;95868;0;0;0;0.00
0.5000;SCP;95051;0;0;0;0.00
0.5000;SCP;94922;0;0;0;0.00
0.5000;SCP;96572;0;0;0;0.00
0.5000;SCP;96439;0;0;0;0.00
0.5000;SCP;96008;0;0;0;0.00
0.5000;SCP;95964;0;0;0;0.00
0.5000;SCP;96217;0;0;0;0.00
0.5000;SCP;95283;0;0;0;0.00
0.5000;SCP;94922;0;0;0;0.00
0.5000;SCP;95477;0;0;0;0.00
0.5000;SCP;96276;0;0;0;0.00
0.5000;SCP;96666;0;0;0;0.00
0.5000;SCP;95795;0;0;0;0.00
0.5000;SCP;91918;0;0;0;0.00
0.5000;SCP;91367;0;0;0;0.00
0.5000;SCP;92956;0;0;0;0.00
0.5000;SCP;92926;0;0;0;0.00
0.5000;SCP;90772;0;0;0;0.00
0.5000;SCP;92719;0;0;0;0.00
0.5000;SCP;91772;0;0;0;0.00
0.5000;SCP;92602;0;0;0;0.00
0.5000;SCP;92848;0;0;0;0.00
0.5000;SCP;93119;0;0;0;0.00
0.5000;SCP;93616;0;0;0;0.00
0.5000;SCP;91787;0;0;0;0.00
0.5000;SCP;92242;0;0;0;0.00
0.5000;SCP;90735;0;0;0;0.00
0.5000;SCP;93066;0;0;0;0.00
0.5000;SCP;93630;0;0;0;0.00
0.5000;SCP;93566;0;0;0;0.00
0.5000;SCP;93723;0;0;0;0.00
0.5000;SCP;94052;0;0;0;0.00
0.5000;SCP;94518;0;0;0;0.00
0.5000;KAB;451;0;0;0;0.00
0.5000;KAB;103;0;0;0;0.00
0.5000;KAB;100;0;0;0;0.00
0.5000;KAB;96;0;0;0;0.00
0.5000;KAB;96;0;0;0;0.00
0.5000;KAB;95;0;0;0;0.00
0.5000;KAB;93;0;0;0;0.00
0.5000;KAB;90;0;0;0;0.00
0.5000;KAB;90;0;0;0;0.00
0.5000;KAB;90;0;0;0;0.00
0.5000;KAB;90;0;0;0;0.00
0.5000;KAB;90;0;0;0;0.00
0.5000;KAB;92;0;0;0;0.00
0.5000;KAB;92;0;0;0;0.00
0.5000;KAB;101;0;0;0;0.00
0.5000;KAB;100;0;0;0;0.00
0.5000;KAB;100;0;0;0;0.00
0.5000;KAB;95;0;0;0;0.00
0.5000;KAB;94;0;0;0;0.00
0.5000;KAB;93;0;0;0;0.00
0.5000;KAB;376;0;0;0;0.00
0.5000;KAB;31;0;0;0;0.00
0.5000;KAB;30;0;0;0;0.00
0.5000;KAB;29;0;0;0;0.00
0.5000;KAB;29;0;0;0;0.00
0.5000;KAB;28;0;0;0;0.00
0.5000;KAB;27;0;0;0;0.00
0.5000;KAB;27;0;0;0;0.00
0.5000;KAB;27;0;0;0;0.00
0.5000;KAB;26;0;0;0;0.00
0.5000;KAB;27;0;0;0;0.00
0.5000;KAB;27;0;0;0;0.00
0.5000;KAB;26;0;0;0;0.00
0.5000;KAB;26;0;0;0;0.00
0.5000;KAB;25;0;0;0;0.00
0.5000;KAB;26;0;0;0;0.00
0.5000;KAB;25;0;0;0;0.00
0.5000;KAB;26;0;0;0;0.00
0.5000;KAB;25;0;0;0;0.00
0.5000;KAB;25;0;0;0;0.00
0.5000;BFDC;30;0;0;0;0.15
0.5000;BFDC;29;0;0;0;0.15
0.5000;BFDC;29;0;0;0;0.15
0.5000;BFDC;29;0;0;0;0.15
0.5000;BFDC;29;0;0;0;0.15
0.5000;BFDC;29;0;0;0;0.15
0.5000;BFDC;29;0;0;0;0.15
0.5000;BFDC;29;0;0;0;0.15
0.5000;BFDC;29;0;0;0;0.15
0.5000;BFDC;29;0;0;0;0.15
0.5000;BFDC;29;0;0;0;0.15
0.5000;BFDC;29;0;0;0;0.15
0.5000;BFDC;29;0;0;0;0.15
0.5000;BFDC;29;0;0;0;0.15
0.5000;BFDC;29;0;0;0;0.15
0.5000;BFDC;29;0;0;0;0.15
0.5000;BFDC;29;0;0;0;0.15
0.5000;BFDC;29;0;0;0;0.15
0.5000;BFDC;29;0;0;0;0.15
0.5000;BFDC;29;0;0;0;0.15
0.5000;BFDC;44;0;0;0;0.25
0.5000;BFDC;42;0;0;0;0.25
0.5000;BFDC;42;0;0;0;0.25
0.5000;BFDC;42;0;0;0;0.25
0.5000;BFDC;42;0;0;0;0.25
0.5000;BFDC;42;0;0;0;0.25
0.5000;BFDC;41;0;0;0;0.25
0.5000;BFDC;42;0;0;0;0.25
0.5000;BFDC;42;0;0;0;0.25
0.5000;BFDC;42;0;0;0;0.25
0.5000;BFDC;42;0;0;0;0.25
0.5000;BFDC;41;0;0;0;0.25
0.5000;BFDC;41;0;0;0;0.25
0.5000;BFDC;41;0;0;0;0.25
0.5000;BFDC;42;0;0;0;0.25
0.5000;BFDC;42;0;0;0;0.25
0.5000;BFDC;42;0;0;0;0.25
0.5000;BFDC;42;0;0;0;0.25
0.5000;BFDC;42;0;0;0;0.25
0.5000;BFDC;42;0;0;0;0.25
0.5000;CRA;36;0;0;0;0.13
0.5000;CRA;33;0;0;0;0.13
0.5000;CRA;31;0;0;0;0.13
0.5000;CRA;31;0;0;0;0.13
0.5000;CRA;31;0;0;0;0.13
0.5000;CRA;31;0;0;0;0.13
0.5000;CRA;30;0;0;0;0.13
0.5000;CRA;31;0;0;0;0.13
0.5000;CRA;31;0;0;0;0.13
0.5000;CRA;30;0;0;0;0.13
0.5000;CRA;31;0;0;0;0.13
0.5000;CRA;30;0;0;0;0.13
0.5000;CRA;31;0;0;0;0.13
0.5000;CRA;30;0;0;0;0.13
0.5000;CRA;30;0;0;0;0.13
0.5000;CRA;30;0;0;0;0.13
0.5000;CRA;30;0;0;0;0.13
0.5000;CRA;30;0;0;0;0.13
0.5000;CRA;30;0;0;0;0.13
0.5000;CRA;31;0;0;0;0.13
0.5000;CRA;37;0;0;0;0.13
0.5000;CRA;34;0;0;0;0.13
0.5000;CRA;34;0;0;0;0.13
0.5000;CRA;34;0;0;0;0.13
0.5000;CRA;34;0;0;0;0.13
0.5000;CRA;34;0;0;0;0.13
0.5000;CRA;34;0;0;0;0.13
0.5000;CRA;34;0;0;0;0.13
0.5000;CRA;34;0;0;0;0.13
0.5000;CRA;34;0;0;0;0.13
0.5000;CRA;34;0;0;0;0.13
0.5000;CRA;34;0;0;0;0.13
0.5000;CRA;34;0;0;0;0.13
0.5000;CRA;34;0;0;0;0.13
0.5000;CRA;34;0;0;0;0.13
0.5000;CRA;34;0;0;0;0.13
0.5000;CRA;34;0;0;0;0.13
0.5000;CRA;34;0;0;0;0.13
0.5000;CRA;34;0;0;0;0.13
0.5000;CRA;34;0;0;0;0.13
0.3000;ULT;180764;0;0;0;54.03
0.3000;ULT;180697;0;0;0;54.03
0.3000;ULT;180378;0;0;0;54.03
0.3000;ULT;180914;0;0;0;54.03
0.3000;ULT;180762;0;0;0;54.03
0.3000;ULT;180492;0;0;0;54.03
0.3000;ULT;173288;0;0;0;54.03
0.3000;ULT;181700;0;0;0;54.03
0.3000;ULT;180613;0;0;0;54.03
0.3000;ULT;180386;0;0;0;54.03
0.3000;ULT;180716;0;0;0;54.03
0.3000;ULT;181645;0;0;0;54.03
0.3000;ULT;180504;0;0;0;54.03
0.3000;ULT;173274;0;0;0;54.03
0.3000;ULT;180628;0;0;0;54.03
0.3000;ULT;181682;0;0;0;54.03
0.3000;ULT;179993;0;0;0;54.03
0.3000;ULT;180670;0;0;0;54.03
0.3000;ULT;180649;0;0;0;54.03
0.3000;ULT;181468;0;0;0;54.03
0.3000;ULT;2000000;0;0;1;587.00
0.3000;ULT;2000001;0;0;1;589.43
0.3000;ULT;2000001;0;0;1;596.40
0.3000;ULT;2000001;0;0;1;597.24
0.3000;ULT;2000001;0;0;1;593.06
0.3000;ULT;2000001;0;0;1;582.54
0.3000;ULT;2000001;0;0;1;604.61
0.3000;ULT;2000000;0;0;1;609.86
0.3000;ULT;2000000;0;0;1;611.54
0.3000;ULT;2000000;0;0;1;607.29
0.3000;ULT;2000000;0;0;1;588.06
0.3000;ULT;2000000;0;0;1;608.90
0.3000;ULT;2000001;0;0;1;595.51
0.3000;ULT;2000000;0;0;1;589.59
0.3000;ULT;2000000;0;0;1;589.06
0.3000;ULT;2000000;0;0;1;587.61
0.3000;ULT;2000000;0;0;1;586.37
0.3000;ULT;2000000;0;0;1;580.65
0.3000;ULT;2000000;0;0;1;581.35
0.3000;ULT;2000001;0;0;1;581.32
0.3000;RULT;13;0;0;0;0.03
0.3000;RULT;12;0;0;0;0.03
0.3000;RULT;12;0;0;0;0.03
0.3000;RULT;12;0;0;0;0.03
0.3000;RULT;12;0;0;0;0.03
0.3000;RULT;12;0;0;0;0.03
0.3000;RULT;12;0;0;0;0.03
0.3000;RULT;12;0;0;0;0.03
0.3000;RULT;12;0;0;0;0.03
0.3000;RULT;12;0;0;0;0.03
0.3000;RULT;12;0;0;0;0.03
0.3000;RULT;12;0;0;0;0.03
0.3000;RULT;12;0;0;0;0.03
0.3000;RULT;12;0;0;0;0.03
0.3000;RULT;12;0;0;0;0.03
0.3000;RULT;12;0;0;0;0.03
0.3000;RULT;12;0;0;0;0.03
0.3000;RULT;12;0;0;0;0.03
0.3000;RULT;12;0;0;0;0.03
0.3000;RULT;12;0;0;0;0.03
0.3000;RULT;62;0;0;0;0.70
0.3000;RULT;61;0;0;0;0.70
0.3000;RULT;61;0;0;0;0.70
0.3000;RULT;61;0;0;0;0.70
0.3000;RULT;61;0;0;0;0.70
0.3000;RULT;62;0;0;0;0.70
0.3000;RULT;62;0;0;0;0.70
0.3000;RULT;62;0;0;0;0.70
0.3000;RULT;61;0;0;0;0.70
0.3000;RULT;66;0;0;0;0.70
0.3000;RULT;61;0;0;0;0.70
0.3000;RULT;61;0;0;0;0.70
0.3000;RULT;61;0;0;0;0.70
0.3000;RULT;61;0;0;0;0.70
0.3000;RULT;61;0;0;0;0.70
0.3000;RULT;61;0;0;0;0.70
0.3000;RULT;61;0;0;0;0.70
0.3000;RULT;61;0;0;0;0.70
0.3000;RULT;60;0;0;0;0.70
0.3000;RULT;61;0;0;0;0.70
0.3000;ILP;18448;0;0;0;0.00
0.3000;ILP;17472;0;0;0;0.00
0.3000;ILP;16978;0;0;0;0.00
0.3000;ILP;17424;0;0;0;0.00
0.3000;ILP;17536;0;0;0;0.00
0.3000;ILP;18464;0;0;0;0.00
0.3000;ILP;18352;0;0;0;0.00
0.3000;ILP;17951;0;0;0;0.00
0.3000;ILP;18185;0;0;0;0.00
0.3000;ILP;17928;0;0;0;0.00
0.3000;ILP;18331;0;0;0;0.00
0.3000;ILP;18446;0;0;0;0.00
0.3000;ILP;18123;0;0;0;0.00
0.3000;ILP;18007;0;0;0;0.00
0.3000;ILP;18383;0;0;0;0.00
0.3000;ILP;18096;0;0;0;0.00
0.3000;ILP;18396;0;0;0;0.00
0.3000;ILP;18065;0;0;0;0.00
0.3000;ILP;17966;0;0;0;0.00
0.3000;ILP;18056;0;0;0;0.00
0.3000;ILP;19034;0;0;0;0.00
0.3000;ILP;18442;0;0;0;0.00
0.3000;ILP;18352;0;0;0;0.00
0.3000;ILP;18333;0;0;0;0.00
0.3000;ILP;18515;0;0;0;0.00
0.3000;ILP;18504;0;0;0;0.00
0.3000;ILP;18808;0;0;0;0.00
0.3000;ILP;18537;0;0;0;0.00
0.3000;ILP;18731;0;0;0;0.00
0.3000;ILP;17638;0;0;0;0.00
0.3000;ILP;17648;0;0;0;0.00
0.3000;ILP;17594;0;0;0;0.00
0.3000;ILP;17349;0;0;0;0.00
0.3000;ILP;17527;0;0;0;0.00
0.3000;ILP;17563;0;0;0;0.00
0.3000;ILP;17784;0;0;0;0.00
0.3000;ILP;18013;0;0;0;0.00
0.3000;ILP;17642;0;0;0;0.00
0.3000;ILP;17785;0;0;0;0.00
0.3000;ILP;18665;0;0;0;0.00
0.3000;CP;86396;0;0;0;0.00
0.3000;CP;86097;0;0;0;0.00
0.3000;CP;86671;0;0;0;0.00
0.3000;CP;86740;0;0;0;0.00
0.3000;CP;86598;0;0;0;0.00
0.3000;CP;86782;0;0;0;0.00
0.3000;CP;86725;0;0;0;0.00
0.3000;CP;86578;0;0;0;0.00
0.3000;CP;86841;0;0;0;0.00
0.3000;CP;84753;0;0;0;0.00
0.3000;CP;79203;0;0;0;0.00
0.3000;CP;77943;0;0;0;0.00
0.3000;CP;80442;0;0;0;0.00
0.3000;CP;86652;0;0;0;0.00
0.3000;CP;86601;0;0;0;0.00
0.3000;CP;86349;0;0;0;0.00
0.3000;CP;86537;0;0;0;0.00
0.3000;CP;86752;0;0;0;0.00
0.3000;CP;86562;0;0;0;0.00
0.3000;CP;87095;0;0;0;0.00
0.3000;CP;85682;0;0;0;0.00
0.3000;CP;86716;0;0;0;0.00
0.3000;CP;86606;0;0;0;0.00
0.3000;CP;86616;0;0;0;0.00
0.3000;CP;86542;0;0;0;0.00
0.3000;CP;86599;0;0;0;0.00
0.3000;CP;86311;0;0;0;0.00
0.3000;CP;86777;0;0;0;0.00
0.3000;CP;86473;0;0;0;0.00
0.3000;CP;86652;0;0;0;0.00
0.3000;CP;86479;0;0;0;0.00
0.3000;CP;86267;0;0;0;0.00
0.3000;CP;86240;0;0;0;0.00
0.3000;CP;86225;0;0;0;0.00
0.3000;CP;87136;0;0;0;0.00
0.3000;CP;86295;0;0;0;0.00
0.3000;CP;86511;0;0;0;0.00
0.3000;CP;86212;0;0;0;0.00
0.3000;CP;86214;0;0;0;0.00
0.3000;CP;86263;0;0;0;0.00
0.3000;SCP;84913;0;0;0;0.00
0.3000;SCP;84569;0;0;0;0.00
0.3000;SCP;84948;0;0;0;0.00
0.3000;SCP;84919;0;0;0;0.00
0.3000;SCP;84876;0;0;0;0.00
0.3000;SCP;84493;0;0;0;0.00
0.3000;SCP;84748;0;0;0;0.00
0.3000;SCP;84999;0;0;0;0.00
0.3000;SCP;81647;0;0;0;0.00
0.3000;SCP;83407;0;0;0;0.00
0.3000;SCP;81617;0;0;0;0.00
0.3000;SCP;83405;0;0;0;0.00
0.3000;SCP;84707;0;0;0;0.00
0.3000;SCP;85117;0;0;0;0.00
0.3000;SCP;84784;0;0;0;0.00
0.3000;SCP;84766;0;0;0;0.00
0.3000;SCP;84640;0;0;0;0.00
0.3000;SCP;84757;0;0;0;0.00
0.3000;SCP;84764;0;0;0;0.00
0.3000;SCP;84963;0;0;0;0.00
0.3000;SCP;79187;0;0;0;0.00
0.3000;SCP;79315;0;0;0;0.00
0.3000;SCP;76835;0;0;0;0.00
0.3000;SCP;78388;0;0;0;0.00
0.3000;SCP;81077;0;0;0;0.00
0.3000;SCP;81017;0;0;0;0.00
0.3000;SCP;81133;0;0;0;0.00
0.3000;SCP;81210;0;0;0;0.00
0.3000;SCP;80964;0;0;0;0.00
0.3000;SCP;81067;0;0;0;0.00
0.3000;SCP;80756;0;0;0;0.00
0.3000;SCP;81924;0;0;0;0.00
0.3000;SCP;80945;0;0;0;0.00
0.3000;SCP;80778;0;0;0;0.00
0.3000;SCP;80716;0;0;0;0.00
0.3000;SCP;80665;0;0;0;0.00
0.3000;SCP;80930;0;0;0;0.00
0.3000;SCP;80687;0;0;0;0.00
0.3000;SCP;80615;0;0;0;0.00
0.3000;SCP;81309;0;0;0;0.00
0.3000;KAB;421;0;0;0;0.00
0.3000;KAB;72;0;0;0;0.00
0.3000;KAB;70;0;0;0;0.00
0.3000;KAB;68;0;0;0;0.00
0.3000;KAB;67;0;0;0;0.00
0.3000;KAB;67;0;0;0;0.00
0.3000;KAB;67;0;0;0;0.00
0.3000;KAB;66;0;0;0;0.00
0.3000;KAB;67;0;0;0;0.00
0.3000;KAB;67;0;0;0;0.00
0.3000;KAB;75;0;0;0;0.00
0.3000;KAB;66;0;0;0;0.00
0.3000;KAB;67;0;0;0;0.00
0.3000;KAB;66;0;0;0;0.00
0.3000;KAB;67;0;0;0;0.00
0.3000;KAB;65;0;0;0;0.00
0.3000;KAB;67;0;0;0;0.00
0.3000;KAB;67;0;0;0;0.00
0.3000;KAB;66;0;0;0;0.00
0.3000;KAB;66;0;0;0;0.00
0.3000;KAB;463;0;0;0;0.00
0.3000;KAB;106;0;0;0;0.00
0.3000;KAB;103;0;0;0;0.00
0.3000;KAB;99;0;0;0;0.00
0.3000;KAB;98;0;0;0;0.00
0.3000;KAB;99;0;0;0;0.00
0.3000;KAB;98;0;0;0;0.00
0.3000;KAB;98;0;0;0;0.00
0.3000;KAB;99;0;0;0;0.00
0.3000;KAB;98;0;0;0;0.00
0.3000;KAB;98;0;0;0;0.00
0.3000;KAB;98;0;0;0;0.00
0.3000;KAB;97;0;0;0;0.00
0.3000;KAB;98;0;0;0;0.00
0.3000;KAB;99;0;0;0;0.00
0.3000;KAB;97;0;0;0;0.00
0.3000;KAB;96;0;0;0;0.00
0.3000;KAB;98;0;0;0;0.00
0.3000;KAB;98;0;0;0;0.00
0.3000;KAB;98;0;0;0;0.00
0.3000;BFDC;14;0;0;0;0.03
0.3000;BFDC;14;0;0;0;0.03
0.3000;BFDC;13;0;0;0;0.03
0.3000;BFDC;13;0;0;0;0.03
0.3000;BFDC;13;0;0;0;0.03
0.3000;BFDC;13;0;0;0;0.03
0.3000;BFDC;13;0;0;0;0.03
0.3000;BFDC;13;0;0;0;0.03
0.3000;BFDC;13;0;0;0;0.03
0.3000;BFDC;13;0;0;0;0.03
0.3000;BFDC;13;0;0;0;0.03
0.3000;BFDC;13;0;0;0;0.03
0.3000;BFDC;13;0;0;0;0.03
0.3000;BFDC;13;0;0;0;0.03
0.3000;BFDC;13;0;0;0;0.03
0.3000;BFDC;13;0;0;0;0.03
0.3000;BFDC;13;0;0;0;0.03
0.3000;BFDC;13;0;0;0;0.03
0.3000;BFDC;13;0;0;0;0.03
0.3000;BFDC;13;0;0;0;0.03
0.3000;BFDC;118;0;0;0;0.79
0.3000;BFDC;116;0;0;0;0.79
0.3000;BFDC;115;0;0;0;0.79
0.3000;BFDC;122;0;0;0;0.79
0.3000;BFDC;115;0;0;0;0.79
0.3000;BFDC;114;0;0;0;0.79
0.3000;BFDC;114;0;0;0;0.79
0.3000;BFDC;114;0;0;0;0.79
0.3000;BFDC;114;0;0;0;0.79
0.3000;BFDC;114;0;0;0;0.79
0.3000;BFDC;114;0;0;0;0.79
0.3000;BFDC;114;0;0;0;0.79
0.3000;BFDC;114;0;0;0;0.79
0.3000;BFDC;114;0;0;0;0.79
0.3000;BFDC;114;0;0;0;0.79
0.3000;BFDC;114;0;0;0;0.79
0.3000;BFDC;114;0;0;0;0.79
0.3000;BFDC;114;0;0;0;0.79
0.3000;BFDC;114;0;0;0;0.79
0.3000;BFDC;114;0;0;0;0.79
0.3000;CRA;28;0;0;0;0.03
0.3000;CRA;23;0;0;0;0.03
0.3000;CRA;23;0;0;0;0.03
0.3000;CRA;23;0;0;0;0.03
0.3000;CRA;22;0;0;0;0.03
0.3000;CRA;22;0;0;0;0.03
0.3000;CRA;22;0;0;0;0.03
0.3000;CRA;22;0;0;0;0.03
0.3000;CRA;22;0;0;0;0.03
0.3000;CRA;22;0;0;0;0.03
0.3000;CRA;22;0;0;0;0.03
0.3000;CRA;22;0;0;0;0.03
0.3000;CRA;22;0;0;0;0.03
0.3000;CRA;22;0;0;0;0.03
0.3000;CRA;22;0;0;0;0.03
0.3000;CRA;22;0;0;0;0.03
0.3000;CRA;22;0;0;0;0.03
0.3000;CRA;22;0;0;0;0.03
0.3000;CRA;22;0;0;0;0.03
0.3000;CRA;22;0;0;0;0.03
0.3000;CRA;98;0;0;0;0.58
0.3000;CRA;77;0;0;0;0.58
0.3000;CRA;74;0;0;0;0.58
0.3000;CRA;73;0;0;0;0.58
0.3000;CRA;71;0;0;0;0.58
0.3000;CRA;71;0;0;0;0.58
0.3000;CRA;70;0;0;0;0.58
0.3000;CRA;70;0;0;0;0.58
0.3000;CRA;70;0;0;0;0.58
0.3000;CRA;69;0;0;0;0.58
0.3000;CRA;69;0;0;0;0.58
0.3000;CRA;69;0;0;0;0.58
0.3000;CRA;69;0;0;0;0.58
0.3000;CRA;69;0;0;0;0.58
0.3000;CRA;69;0;0;0;0.58
0.3000;CRA;69;0;0;0;0.58
0.3000;CRA;68;0;0;0;0.58
0.3000;CRA;69;0;0;0;0.58
0.3000;CRA;69;0;0;0;0.58
0.3000;CRA;68;0;0;0;0.58
1.0000;RULT;113;0;0;0;1.14
1.0000;RULT;103;0;0;0;1.14
1.0000;RULT;103;0;0;0;1.14
1.0000;RULT;103;0;0;0;1.14
1.0000;RULT;103;0;0;0;1.14
1.0000;RULT;103;0;0;0;1.14
1.0000;RULT;103;0;0;0;1.14
1.0000;RULT;103;0;0;0;1.14
1.0000;RULT;103;0;0;0;1.14
1.0000;RULT;103;0;0;0;1.14
1.0000;RULT;103;0;0;0;1.14
1.0000;RULT;103;0;0;0;1.14
1.0000;RULT;104;0;0;0;1.14
1.0000;RULT;104;0;0;0;1.14
1.0000;RULT;103;0;0;0;1.14
1.0000;RULT;103;0;0;0;1.14
1.0000;RULT;103;0;0;0;1.14
1.0000;RULT;103;0;0;0;1.14
1.0000;RULT;103;0;0;0;1.14
1.0000;RULT;103;0;0;0;1.14
1.0000;RULT;142;0;0;0;1.53
1.0000;RULT;142;0;0;0;1.53
1.0000;RULT;142;0;0;0;1.53
1.0000;RULT;143;0;0;0;1.53
1.0000;RULT;141;0;0;0;1.53
1.0000;RULT;142;0;0;0;1.53
1.0000;RULT;142;0;0;0;1.53
1.0000;RULT;142;0;0;0;1.53
1.0000;RULT;142;0;0;0;1.53
1.0000;RULT;141;0;0;0;1.53
1.0000;RULT;141;0;0;0;1.53
1.0000;RULT;142;0;0;0;1.53
1.0000;RULT;141;0;0;0;1.53
1.0000;RULT;142;0;0;0;1.53
1.0000;RULT;141;0;0;0;1.53
1.0000;RULT;142;0;0;0;1.53
1.0000;RULT;141;0;0;0;1.53
1.0000;RULT;142;0;0;0;1.53
1.0000;RULT;142;0;0;0;1.53
1.0000;RULT;141;0;0;0;1.53
1.0000;ILP;36931;0;0;0;0.00
1.0000;ILP;36473;0;0;0;0.00
1.0000;ILP;36614;0;0;0;0.00
1.0000;ILP;36044;0;0;0;0.00
1.0000;ILP;36558;0;0;0;0.00
1.0000;ILP;36584;0;0;0;0.00
1.0000;ILP;36619;0;0;0;0.00
1.0000;ILP;36405;0;0;0;0.00
1.0000;ILP;36555;0;0;0;0.00
1.0000;ILP;36550;0;0;0;0.00
1.0000;ILP;36555;0;0;0;0.00
1.0000;ILP;36811;0;0;0;0.00
1.0000;ILP;36761;0;0;0;0.00
1.0000;ILP;37916;0;0;0;0.00
1.0000;ILP;36602;0;0;0;0.00
1.0000;ILP;36817;0;0;0;0.00
1.0000;ILP;36567;0;0;0;0.00
1.0000;ILP;36706;0;0;0;0.00
1.0000;ILP;37119;0;0;0;0.00
1.0000;ILP;36701;0;0;0;0.00
1.0000;ILP;36826;0;0;0;0.00
1.0000;ILP;37006;0;0;0;0.00
1.0000;ILP;35410;0;0;0;0.00
1.0000;ILP;36795;0;0;0;0.00
1.0000;ILP;36636;0;0;0;0.00
1.0000;ILP;36142;0;0;0;0.00
1.0000;ILP;36829;0;0;0;0.00
1.0000;ILP;36638;0;0;0;0.00
1.0000;ILP;36538;0;0;0;0.00
1.0000;ILP;37253;0;0;0;0.00
1.0000;ILP;35807;0;0;0;0.00
1.0000;ILP;36728;0;0;0;0.00
1.0000;ILP;36533;0;0;0;0.00
1.0000;ILP;36249;0;0;0;0.00
1.0000;ILP;36015;0;0;0;0.00
1.0000;ILP;36058;0;0;0;0.00
1.0000;ILP;37275;0;0;0;0.00
1.0000;ILP;36058;0;0;0;0.00
1.0000;ILP;35903;0;0;0;0.00
1.0000;ILP;35720;0;0;0;0.00
1.0000;CP;145711;0;0;0;0.00
1.0000;CP;139189;0;0;0;0.00
1.0000;CP;161551;0;0;0;0.00
1.0000;CP;163442;0;0;0;0.00
1.0000;CP;162821;0;0;0;0.00
1.0000;CP;162481;0;0;0;0.00
1.0000;CP;162549;0;0;0;0.00
1.0000;CP;162166;0;0;0;0.00
1.0000;CP;162726;0;0;0;0.00
1.0000;CP;162669;0;0;0;0.00
1.0000;CP;161818;0;0;0;0.00
1.0000;CP;161583;0;0;0;0.00
1.0000;CP;164264;0;0;0;0.00
1.0000;CP;139392;0;0;0;0.00
1.0000;CP;140902;0;0;0;0.00
1.0000;CP;152580;0;0;0;0.00
1.0000;CP;154413;0;0;0;0.00
1.0000;CP;154466;0;0;0;0.00
1.0000;CP;153661;0;0;0;0.00
1.0000;CP;154097;0;0;0;0.00
1.0000;CP;257204;0;0;0;0.00
1.0000;CP;258039;0;0;0;0.00
1.0000;CP;260615;0;0;0;0.00
1.0000;CP;259611;0;0;0;0.00
1.0000;CP;258627;0;0;0;0.00
1.0000;CP;258456;0;0;0;0.00
1.0000;CP;260101;0;0;0;0.00
1.0000;CP;260415;0;0;0;0.00
1.0000;CP;258557;0;0;0;0.00
1.0000;CP;261127;0;0;0;0.00
1.0000;CP;258754;0;0;0;0.00
1.0000;CP;258452;0;0;0;0.00
1.0000;CP;258348;0;0;0;0.00
1.0000;CP;261064;0;0;0;0.00
1.0000;CP;258438;0;0;0;0.00
1.0000;CP;259560;0;0;0;0.00
1.0000;CP;258777;0;0;0;0.00
1.0000;CP;258206;0;0;0;0.00
1.0000;CP;260441;0;0;0;0.00
1.0000;CP;259514;0;0;0;0.00
1.0000;SCP;196927;0;0;0;0.00
1.0000;SCP;205993;0;0;0;0.00
1.0000;SCP;199100;0;0;0;0.00
1.0000;SCP;202115;0;0;0;0.00
1.0000;SCP;206285;0;0;0;0.00
1.0000;SCP;254717;0;0;0;0.00
1.0000;SCP;194442;0;0;0;0.00
1.0000;SCP;195213;0;0;0;0.00
1.0000;SCP;194217;0;0;0;0.00
1.0000;SCP;193907;0;0;0;0.00
1.0000;SCP;195333;0;0;0;0.00
1.0000;SCP;194038;0;0;0;0.00
1.0000;SCP;195250;0;0;0;0.00
1.0000;SCP;197945;0;0;0;0.00
1.0000;SCP;194569;0;0;0;0.00
1.0000;SCP;195257;0;0;0;0.00
1.0000;SCP;195004;0;0;0;0.00
1.0000;SCP;195340;0;0;0;0.00
1.0000;SCP;193968;0;0;0;0.00
1.0000;SCP;194152;0;0;0;0.00
1.0000;SCP;372747;0;0;0;0.00
1.0000;SCP;366206;0;0;0;0.00
1.0000;SCP;373391;0;0;0;0.00
1.0000;SCP;367434;0;0;0;0.00
1.0000;SCP;366036;0;0;0;0.00
1.0000;SCP;371419;0;0;0;0.00
1.0000;SCP;367666;0;0;0;0.00
1.0000;SCP;370527;0;0;0;0.00
1.0000;SCP;369033;0;0;0;0.00
1.0000;SCP;371371;0;0;0;0.00
1.0000;SCP;371729;0;0;0;0.00
1.0000;SCP;368084;0;0;0;0.00
1.0000;SCP;367699;0;0;0;0.00
1.0000;SCP;371283;0;0;0;0.00
1.0000;SCP;369990;0;0;0;0.00
1.0000;SCP;370330;0;0;0;0.00
1.0000;SCP;372602;0;0;0;0.00
1.0000;SCP;370100;0;0;0;0.00
1.0000;SCP;369339;0;0;0;0.00
1.0000;SCP;371511;0;0;0;0.00
1.0000;KAB;544;0;0;0;0.00
1.0000;KAB;74;0;0;0;0.00
1.0000;KAB;72;0;0;0;0.00
1.0000;KAB;72;0;0;0;0.00
1.0000;KAB;71;0;0;0;0.00
1.0000;KAB;72;0;0;0;0.00
1.0000;KAB;71;0;0;0;0.00
1.0000;KAB;71;0;0;0;0.00
1.0000;KAB;71;0;0;0;0.00
1.0000;KAB;71;0;0;0;0.00
1.0000;KAB;71;0;0;0;0.00
1.0000;KAB;71;0;0;0;0.00
1.0000;KAB;71;0;0;0;0.00
1.0000;KAB;71;0;0;0;0.00
1.0000;KAB;71;0;0;0;0.00
1.0000;KAB;71;0;0;0;0.00
1.0000;KAB;71;0;0;0;0.00
1.0000;KAB;71;0;0;0;0.00
1.0000;KAB;71;0;0;0;0.00
1.0000;KAB;71;0;0;0;0.00
1.0000;KAB;456;0;0;0;0.00
1.0000;KAB;126;0;0;0;0.00
1.0000;KAB;123;0;0;0;0.00
1.0000;KAB;122;0;0;0;0.00
1.0000;KAB;122;0;0;0;0.00
1.0000;KAB;122;0;0;0;0.00
1.0000;KAB;122;0;0;0;0.00
1.0000;KAB;122;0;0;0;0.00
1.0000;KAB;122;0;0;0;0.00
1.0000;KAB;122;0;0;0;0.00
1.0000;KAB;122;0;0;0;0.00
1.0000;KAB;121;0;0;0;0.00
1.0000;KAB;121;0;0;0;0.00
1.0000;KAB;121;0;0;0;0.00
1.0000;KAB;122;0;0;0;0.00
1.0000;KAB;121;0;0;0;0.00
1.0000;KAB;122;0;0;0;0.00
1.0000;KAB;122;0;0;0;0.00
1.0000;KAB;122;0;0;0;0.00
1.0000;KAB;121;0;0;0;0.00
1.0000;BFDC;214;0;0;0;1.66
1.0000;BFDC;212;0;0;0;1.66
1.0000;BFDC;211;0;0;0;1.66
1.0000;BFDC;211;0;0;0;1.66
1.0000;BFDC;211;0;0;0;1.66
1.0000;BFDC;210;0;0;0;1.66
1.0000;BFDC;215;0;0;0;1.66
1.0000;BFDC;210;0;0;0;1.66
1.0000;BFDC;210;0;0;0;1.66
1.0000;BFDC;210;0;0;0;1.66
1.0000;BFDC;211;0;0;0;1.66
1.0000;BFDC;211;0;0;0;1.66
1.0000;BFDC;210;0;0;0;1.66
1.0000;BFDC;210;0;0;0;1.66
1.0000;BFDC;210;0;0;0;1.66
1.0000;BFDC;210;0;0;0;1.66
1.0000;BFDC;210;0;0;0;1.66
1.0000;BFDC;211;0;0;0;1.66
1.0000;BFDC;214;0;0;0;1.66
1.0000;BFDC;211;0;0;0;1.66
1.0000;BFDC;312;0;0;0;2.39
1.0000;BFDC;310;0;0;0;2.39
1.0000;BFDC;309;0;0;0;2.39
1.0000;BFDC;309;0;0;0;2.39
1.0000;BFDC;309;0;0;0;2.39
1.0000;BFDC;308;0;0;0;2.39
1.0000;BFDC;312;0;0;0;2.39
1.0000;BFDC;309;0;0;0;2.39
1.0000;BFDC;308;0;0;0;2.39
1.0000;BFDC;314;0;0;0;2.39
1.0000;BFDC;313;0;0;0;2.39
1.0000;BFDC;307;0;0;0;2.39
1.0000;BFDC;308;0;0;0;2.39
1.0000;BFDC;308;0;0;0;2.39
1.0000;BFDC;309;0;0;0;2.39
1.0000;BFDC;309;0;0;0;2.39
1.0000;BFDC;308;0;0;0;2.39
1.0000;BFDC;308;0;0;0;2.39
1.0000;BFDC;308;0;0;0;2.39
1.0000;BFDC;308;0;0;0;2.39
1.0000;CRA;110;0;0;0;0.78
1.0000;CRA;104;0;0;0;0.78
1.0000;CRA;102;0;0;0;0.78
1.0000;CRA;101;0;0;0;0.78
1.0000;CRA;101;0;0;0;0.78
1.0000;CRA;100;0;0;0;0.78
1.0000;CRA;99;0;0;0;0.78
1.0000;CRA;99;0;0;0;0.78
1.0000;CRA;99;0;0;0;0.78
1.0000;CRA;98;0;0;0;0.78
1.0000;CRA;98;0;0;0;0.78
1.0000;CRA;98;0;0;0;0.78
1.0000;CRA;98;0;0;0;0.78
1.0000;CRA;97;0;0;0;0.78
1.0000;CRA;97;0;0;0;0.78
1.0000;CRA;97;0;0;0;0.78
1.0000;CRA;97;0;0;0;0.78
1.0000;CRA;103;0;0;0;0.78
1.0000;CRA;97;0;0;0;0.78
1.0000;CRA;97;0;0;0;0.78
1.0000;CRA;181;0;0;0;1.36
1.0000;CRA;173;0;0;0;1.36
1.0000;CRA;172;0;0;0;1.36
1.0000;CRA;171;0;0;0;1.36
1.0000;CRA;176;0;0;0;1.36
1.0000;CRA;171;0;0;0;1.36
1.0000;CRA;171;0;0;0;1.36
1.0000;CRA;171;0;0;0;1.36
1.0000;CRA;174;0;0;0;1.36
1.0000;CRA;174;0;0;0;1.36
1.0000;CRA;172;0;0;0;1.36
1.0000;CRA;171;0;0;0;1.36
1.0000;CRA;170;0;0;0;1.36
1.0000;CRA;171;0;0;0;1.36
1.0000;CRA;170;0;0;0;1.36
1.0000;CRA;170;0;0;0;1.36
1.0000;CRA;170;0;0;0;1.36
1.0000;CRA;170;0;0;0;1.36
1.0000;CRA;174;0;0;0;1.36
1.0000;CRA;173;0;0;0;1.36
0.2000;ULT;70326;0;0;0;20.37
0.2000;ULT;69746;0;0;0;20.37
0.2000;ULT;66007;0;0;0;20.37
0.2000;ULT;69171;0;0;0;20.37
0.2000;ULT;67943;0;0;0;20.37
0.2000;ULT;69268;0;0;0;20.37
0.2000;ULT;69169;0;0;0;20.37
0.2000;ULT;66004;0;0;0;20.37
0.2000;ULT;69240;0;0;0;20.37
0.2000;ULT;66098;0;0;0;20.37
0.2000;ULT;69176;0;0;0;20.37
0.2000;ULT;69182;0;0;0;20.37
0.2000;ULT;69157;0;0;0;20.37
0.2000;ULT;69274;0;0;0;20.37
0.2000;ULT;66011;0;0;0;20.37
0.2000;ULT;69198;0;0;0;20.37
0.2000;ULT;67261;0;0;0;20.37
0.2000;ULT;69264;0;0;0;20.37
0.2000;ULT;69195;0;0;0;20.37
0.2000;ULT;65994;0;0;0;20.37
0.2000;ULT;609768;0;0;0;185.13
0.2000;ULT;600119;0;0;0;185.13
0.2000;ULT;605253;0;0;0;185.13
0.2000;ULT;600824;0;0;0;185.13
0.2000;ULT;604307;0;0;0;185.13
0.2000;ULT;604830;0;0;0;185.13
0.2000;ULT;601136;0;0;0;185.13
0.2000;ULT;606269;0;0;0;185.13
0.2000;ULT;602200;0;0;0;185.13
0.2000;ULT;614775;0;0;0;185.13
0.2000;ULT;614886;0;0;0;185.13
0.2000;ULT;610233;0;0;0;185.13
0.2000;ULT;604964;0;0;0;185.13
0.2000;ULT;596341;0;0;0;185.13
0.2000;ULT;609611;0;0;0;185.13
0.2000;ULT;623490;0;0;0;185.13
0.2000;ULT;615405;0;0;0;185.13
0.2000;ULT;624183;0;0;0;185.13
0.2000;ULT;622268;0;0;0;185.13
0.2000;ULT;612243;0;0;0;185.13
0.2000;RULT;26;0;0;0;0.21
0.2000;RULT;24;0;0;0;0.21
0.2000;RULT;25;0;0;0;0.21
0.2000;RULT;25;0;0;0;0.21
0.2000;RULT;25;0;0;0;0.21
0.2000;RULT;25;0;0;0;0.21
0.2000;RULT;24;0;0;0;0.21
0.2000;RULT;24;0;0;0;0.21
0.2000;RULT;25;0;0;0;0.21
0.2000;RULT;25;0;0;0;0.21
0.2000;RULT;25;0;0;0;0.21
0.2000;RULT;24;0;0;0;0.21
0.2000;RULT;25;0;0;0;0.21
0.2000;RULT;25;0;0;0;0.21
0.2000;RULT;25;0;0;0;0.21
0.2000;RULT;25;0;0;0;0.21
0.2000;RULT;24;0;0;0;0.21
0.2000;RULT;25;0;0;0;0.21
0.2000;RULT;24;0;0;0;0.21
0.2000;RULT;24;0;0;0;0.21
0.2000;RULT;20;0;0;0;0.13
0.2000;RULT;19;0;0;0;0.13
0.2000;RULT;19;0;0;0;0.13
0.2000;RULT;19;0;0;0;0.13
0.2000;RULT;19;0;0;0;0.13
0.2000;RULT;19;0;0;0;0.13
0.2000;RULT;19;0;0;0;0.13
0.2000;RULT;19;0;0;0;0.13
0.2000;RULT;19;0;0;0;0.13
0.2000;RULT;19;0;0;0;0.13
0.2000;RULT;19;0;0;0;0.13
0.2000;RULT;19;0;0;0;0.13
0.2000;RULT;19;0;0;0;0.13
0.2000;RULT;19;0;0;0;0.13
0.2000;RULT;19;0;0;0;0.13
0.2000;RULT;19;0;0;0;0.13
0.2000;RULT;19;0;0;0;0.13
0.2000;RULT;19;0;0;0;0.13
0.2000;RULT;19;0;0;0;0.13
0.2000;RULT;19;0;0;0;0.13
0.2000;ILP;15916;0;0;0;0.00
0.2000;ILP;15177;0;0;0;0.00
0.2000;ILP;15349;0;0;0;0.00
0.2000;ILP;15295;0;0;0;0.00
0.2000;ILP;15393;0;0;0;0.00
0.2000;ILP;15197;0;0;0;0.00
0.2000;ILP;15359;0;0;0;0.00
0.2000;ILP;15352;0;0;0;0.00
0.2000;ILP;15257;0;0;0;0.00
0.2000;ILP;15786;0;0;0;0.00
0.2000;ILP;15833;0;0;0;0.00
0.2000;ILP;14616;0;0;0;0.00
0.2000;ILP;14534;0;0;0;0.00
0.2000;ILP;14543;0;0;0;0.00
0.2000;ILP;14680;0;0;0;0.00
0.2000;ILP;14797;0;0;0;0.00
0.2000;ILP;14562;0;0;0;0.00
0.2000;ILP;14371;0;0;0;0.00
0.2000;ILP;14430;0;0;0;0.00
0.2000;ILP;14310;0;0;0;0.00
0.2000;ILP;15495;0;0;0;0.00
0.2000;ILP;15228;0;0;0;0.00
0.2000;ILP;15304;0;0;0;0.00
0.2000;ILP;15145;0;0;0;0.00
0.2000;ILP;15421;0;0;0;0.00
0.2000;ILP;15273;0;0;0;0.00
0.2000;ILP;16329;0;0;0;0.00
0.2000;ILP;15502;0;0;0;0.00
0.2000;ILP;15369;0;0;0;0.00
0.2000;ILP;15355;0;0;0;0.00
0.2000;ILP;15419;0;0;0;0.00
0.2000;ILP;15205;0;0;0;0.00
0.2000;ILP;15552;0;0;0;0.00
0.2000;ILP;15496;0;0;0;0.00
0.2000;ILP;15256;0;0;0;0.00
0.2000;ILP;15352;0;0;0;0.00
0.2000;ILP;15287;0;0;0;0.00
0.2000;ILP;15421;0;0;0;0.00
0.2000;ILP;15267;0;0;0;0.00
0.2000;ILP;15445;0;0;0;0.00
0.2000;CP;67905;0;0;0;0.00
0.2000;CP;73678;0;0;0;0.00
0.2000;CP;73941;0;0;0;0.00
0.2000;CP;73679;0;0;0;0.00
0.2000;CP;74882;0;0;0;0.00
0.2000;CP;73914;0;0;0;0.00
0.2000;CP;73967;0;0;0;0.00
0.2000;CP;73648;0;0;0;0.00
0.2000;CP;73742;0;0;0;0.00
0.2000;CP;67743;0;0;0;0.00
0.2000;CP;67750;0;0;0;0.00
0.2000;CP;67476;0;0;0;0.00
0.2000;CP;71873;0;0;0;0.00
0.2000;CP;73581;0;0;0;0.00
0.2000;CP;73824;0;0;0;0.00
0.2000;CP;73994;0;0;0;0.00
0.2000;CP;73729;0;0;0;0.00
0.2000;CP;75804;0;0;0;0.00
0.2000;CP;73632;0;0;0;0.00
0.2000;CP;74347;0;0;0;0.00
0.2000;CP;73233;0;0;0;0.00
0.2000;CP;73563;0;0;0;0.00
0.2000;CP;73527;0;0;0;0.00
0.2000;CP;73195;0;0;0;0.00
0.2000;CP;73615;0;0;0;0.00
0.2000;CP;73500;0;0;0;0.00
0.2000;CP;73645;0;0;0;0.00
0.2000;CP;74328;0;0;0;0.00
0.2000;CP;73557;0;0;0;0.00
0.2000;CP;71193;0;0;0;0.00
0.2000;CP;68053;0;0;0;0.00
0.2000;CP;66691;0;0;0;0.00
0.2000;CP;66914;0;0;0;0.00
0.2000;CP;73448;0;0;0;0.00
0.2000;CP;73612;0;0;0;0.00
0.2000;CP;74759;0;0;0;0.00
0.2000;CP;73838;0;0;0;0.00
0.2000;CP;73611;0;0;0;0.00
0.2000;CP;73630;0;0;0;0.00
0.2000;CP;73884;0;0;0;0.00
0.2000;SCP;66595;0;0;0;0.00
0.2000;SCP;66624;0;0;0;0.00
0.2000;SCP;65287;0;0;0;0.00
0.2000;SCP;66763;0;0;0;0.00
0.2000;SCP;69682;0;0;0;0.00
0.2000;SCP;69770;0;0;0;0.00
0.2000;SCP;69497;0;0;0;0.00
0.2000;SCP;69695;0;0;0;0.00
0.2000;SCP;69462;0;0;0;0.00
0.2000;SCP;69488;0;0;0;0.00
0.2000;SCP;70423;0;0;0;0.00
0.2000;SCP;69429;0;0;0;0.00
0.2000;SCP;71761;0;0;0;0.00
0.2000;SCP;66958;0;0;0;0.00
0.2000;SCP;65478;0;0;0;0.00
0.2000;SCP;65383;0;0;0;0.00
0.2000;SCP;66905;0;0;0;0.00
0.2000;SCP;69779;0;0;0;0.00
0.2000;SCP;69547;0;0;0;0.00
0.2000;SCP;69506;0;0;0;0.00
0.2000;SCP;53994;0;0;0;0.00
0.2000;SCP;53511;0;0;0;0.00
0.2000;SCP;53295;0;0;0;0.00
0.2000;SCP;53083;0;0;0;0.00
0.2000;SCP;53178;0;0;0;0.00
0.2000;SCP;53317;0;0;0;0.00
0.2000;SCP;53480;0;0;0;0.00
0.2000;SCP;53186;0;0;0;0.00
0.2000;SCP;53268;0;0;0;0.00
0.2000;SCP;53140;0;0;0;0.00
0.2000;SCP;53322;0;0;0;0.00
0.2000;SCP;53221;0;0;0;0.00
0.2000;SCP;53291;0;0;0;0.00
0.2000;SCP;53223;0;0;0;0.00
0.2000;SCP;53269;0;0;0;0.00
0.2000;SCP;53209;0;0;0;0.00
0.2000;SCP;53477;0;0;0;0.00
0.2000;SCP;53956;0;0;0;0.00
0.2000;SCP;53250;0;0;0;0.00
0.2000;SCP;53701;0;0;0;0.00
0.2000;KAB;411;0;0;0;0.00
0.2000;KAB;47;0;0;0;0.00
0.2000;KAB;43;0;0;0;0.00
0.2000;KAB;43;0;0;0;0.00
0.2000;KAB;41;0;0;0;0.00
0.2000;KAB;41;0;0;0;0.00
0.2000;KAB;41;0;0;0;0.00
0.2000;KAB;40;0;0;0;0.00
0.2000;KAB;40;0;0;0;0.00
0.2000;KAB;39;0;0;0;0.00
0.2000;KAB;41;0;0;0;0.00
0.2000;KAB;39;0;0;0;0.00
0.2000;KAB;39;0;0;0;0.00
0.2000;KAB;39;0;0;0;0.00
0.2000;KAB;39;0;0;0;0.00
0.2000;KAB;39;0;0;0;0.00
0.2000;KAB;38;0;0;0;0.00
0.2000;KAB;39;0;0;0;0.00
0.2000;KAB;38;0;0;0;0.00
0.2000;KAB;38;0;0;0;0.00
0.2000;KAB;444;0;0;0;0.00
0.2000;KAB;106;0;0;0;0.00
0.2000;KAB;91;0;0;0;0.00
0.2000;KAB;87;0;0;0;0.00
0.2000;KAB;86;0;0;0;0.00
0.2000;KAB;85;0;0;0;0.00
0.2000;KAB;85;0;0;0;0.00
0.2000;KAB;85;0;0;0;0.00
0.2000;KAB;85;0;0;0;0.00
0.2000;KAB;85;0;0;0;0.00
0.2000;KAB;84;0;0;0;0.00
0.2000;KAB;84;0;0;0;0.00
0.2000;KAB;85;0;0;0;0.00
0.2000;KAB;85;0;0;0;0.00
0.2000;KAB;85;0;0;0;0.00
0.2000;KAB;85;0;0;0;0.00
0.2000;KAB;85;0;0;0;0.00
0.2000;KAB;85;0;0;0;0.00
0.2000;KAB;86;0;0;0;0.00
0.2000;KAB;85;0;0;0;0.00
0.2000;BFDC;40;0;0;0;0.21
0.2000;BFDC;39;0;0;0;0.21
0.2000;BFDC;38;0;0;0;0.21
0.2000;BFDC;38;0;0;0;0.21
0.2000;BFDC;38;0;0;0;0.21
0.2000;BFDC;38;0;0;0;0.21
0.2000;BFDC;38;0;0;0;0.21
0.2000;BFDC;38;0;0;0;0.21
0.2000;BFDC;38;0;0;0;0.21
0.2000;BFDC;38;0;0;0;0.21
0.2000;BFDC;38;0;0;0;0.21
0.2000;BFDC;38;0;0;0;0.21
0.2000;BFDC;38;0;0;0;0.21
0.2000;BFDC;38;0;0;0;0.21
0.2000;BFDC;38;0;0;0;0.21
0.2000;BFDC;38;0;0;0;0.21
0.2000;BFDC;38;0;0;0;0.21
0.2000;BFDC;38;0;0;0;0.21
0.2000;BFDC;38;0;0;0;0.21
0.2000;BFDC;38;0;0;0;0.21
0.2000;BFDC;29;0;0;0;0.13
0.2000;BFDC;28;0;0;0;0.13
0.2000;BFDC;28;0;0;0;0.13
0.2000;BFDC;28;0;0;0;0.13
0.2000;BFDC;27;0;0;0;0.13
0.2000;BFDC;27;0;0;0;0.13
0.2000;BFDC;27;0;0;0;0.13
0.2000;BFDC;27;0;0;0;0.13
0.2000;BFDC;27;0;0;0;0.13
0.2000;BFDC;27;0;0;0;0.13
0.2000;BFDC;27;0;0;0;0.13
0.2000;BFDC;27;0;0;0;0.13
0.2000;BFDC;27;0;0;0;0.13
0.2000;BFDC;27;0;0;0;0.13
0.2000;BFDC;27;0;0;0;0.13
0.2000;BFDC;27;0;0;0;0.13
0.2000;BFDC;28;0;0;0;0.13
0.2000;BFDC;33;0;0;0;0.13
0.2000;BFDC;27;0;0;0;0.13
0.2000;BFDC;27;0;0;0;0.13
0.2000;CRA;42;0;0;0;0.20
0.2000;CRA;38;0;0;0;0.20
0.2000;CRA;37;0;0;0;0.20
0.2000;CRA;41;0;0;0;0.20
0.2000;CRA;36;0;0;0;0.20
0.2000;CRA;36;0;0;0;0.20
0.2000;CRA;36;0;0;0;0.20
0.2000;CRA;35;0;0;0;0.20
0.2000;CRA;35;0;0;0;0.20
0.2000;CRA;35;0;0;0;0.20
0.2000;CRA;35;0;0;0;0.20
0.2000;CRA;35;0;0;0;0.20
0.2000;CRA;35;0;0;0;0.20
0.2000;CRA;35;0;0;0;0.20
0.2000;CRA;35;0;0;0;0.20
0.2000;CRA;35;0;0;0;0.20
0.2000;CRA;35;0;0;0;0.20
0.2000;CRA;35;0;0;0;0.20
0.2000;CRA;35;0;0;0;0.20
0.2000;CRA;35;0;0;0;0.20
0.2000;CRA;42;0;0;0;0.12
0.2000;CRA;31;0;0;0;0.12
0.2000;CRA;30;0;0;0;0.12
0.2000;CRA;30;0;0;0;0.12
0.2000;CRA;29;0;0;0;0.12
0.2000;CRA;30;0;0;0;0.12
0.2000;CRA;30;0;0;0;0.12
0.2000;CRA;29;0;0;0;0.12
0.2000;CRA;29;0;0;0;0.12
0.2000;CRA;29;0;0;0;0.12
0.2000;CRA;29;0;0;0;0.12
0.2000;CRA;29;0;0;0;0.12
0.2000;CRA;29;0;0;0;0.12
0.2000;CRA;29;0;0;0;0.12
0.2000;CRA;29;0;0;0;0.12
0.2000;CRA;29;0;0;0;0.12
0.2000;CRA;29;0;0;0;0.12
0.2000;CRA;29;0;0;0;0.12
0.2000;CRA;29;0;0;0;0.12
0.2000;CRA;29;0;0;0;0.12
0.1000;ULT;1374065;0;0;0;424.38
0.1000;ULT;1383796;0;0;0;424.38
0.1000;ULT;1383277;0;0;0;424.38
0.1000;ULT;1378844;0;0;0;424.38
0.1000;ULT;1397854;0;0;0;424.38
0.1000;ULT;1407248;0;0;0;424.38
0.1000;ULT;1374497;0;0;0;424.38
0.1000;ULT;1403502;0;0;0;424.38
0.1000;ULT;1396981;0;0;0;424.38
0.1000;ULT;1401381;0;0;0;424.38
0.1000;ULT;1397739;0;0;0;424.38
0.1000;ULT;1397796;0;0;0;424.38
0.1000;ULT;1399721;0;0;0;424.38
0.1000;ULT;1413152;0;0;0;424.38
0.1000;ULT;1407665;0;0;0;424.38
0.1000;ULT;1386665;0;0;0;424.38
0.1000;ULT;1412995;0;0;0;424.38
0.1000;ULT;1429016;0;0;0;424.38
0.1000;ULT;1424979;0;0;0;424.38
0.1000;ULT;1432805;0;0;0;424.38
0.1000;ULT;36546;0;0;0;10.54
0.1000;ULT;36080;0;0;0;10.54
0.1000;ULT;42397;0;0;0;10.54
0.1000;ULT;37242;0;0;0;10.54
0.1000;ULT;34434;0;0;0;10.54
0.1000;ULT;37261;0;0;0;10.54
0.1000;ULT;37233;0;0;0;10.54
0.1000;ULT;37290;0;0;0;10.54
0.1000;ULT;35914;0;0;0;10.54
0.1000;ULT;34469;0;0;0;10.54
0.1000;ULT;35884;0;0;0;10.54
0.1000;ULT;35852;0;0;0;10.54
0.1000;ULT;35862;0;0;0;10.54
0.1000;ULT;35841;0;0;0;10.54
0.1000;ULT;34752;0;0;0;10.54
0.1000;ULT;35866;0;0;0;10.54
0.1000;ULT;35849;0;0;0;10.54
0.1000;ULT;35870;0;0;0;10.54
0.1000;ULT;35889;0;0;0;10.54
0.1000;ULT;35875;0;0;0;10.54
0.1000;RULT;61;0;0;0;0.73
0.1000;RULT;61;0;0;0;0.73
0.1000;RULT;60;0;0;0;0.73
0.1000;RULT;61;0;0;0;0.73
0.1000;RULT;61;0;0;0;0.73
0.1000;RULT;61;0;0;0;0.73
0.1000;RULT;61;0;0;0;0.73
0.1000;RULT;61;0;0;0;0.73
0.1000;RULT;61;0;0;0;0.73
0.1000;RULT;61;0;0;0;0.73
0.1000;RULT;61;0;0;0;0.73
0.1000;RULT;60;0;0;0;0.73
0.1000;RULT;61;0;0;0;0.73
0.1000;RULT;61;0;0;0;0.73
0.1000;RULT;60;0;0;0;0.73
0.1000;RULT;61;0;0;0;0.73
0.1000;RULT;61;0;0;0;0.73
0.1000;RULT;61;0;0;0;0.73
0.1000;RULT;61;0;0;0;0.73
0.1000;RULT;60;0;0;0;0.73
0.1000;RULT;19;0;0;0;0.12
0.1000;RULT;18;0;0;0;0.12
0.1000;RULT;18;0;0;0;0.12
0.1000;RULT;19;0;0;0;0.12
0.1000;RULT;18;0;0;0;0.12
0.1000;RULT;18;0;0;0;0.12
0.1000;RULT;18;0;0;0;0.12
0.1000;RULT;18;0;0;0;0.12
0.1000;RULT;18;0;0;0;0.12
0.1000;RULT;18;0;0;0;0.12
0.1000;RULT;18;0;0;0;0.12
0.1000;RULT;18;0;0;0;0.12
0.1000;RULT;18;0;0;0;0.12
0.1000;RULT;18;0;0;0;0.12
0.1000;RULT;18;0;0;0;0.12
0.1000;RULT;18;0;0;0;0.12
0.1000;RULT;18;0;0;0;0.12
0.1000;RULT;18;0;0;0;0.12
0.1000;RULT;18;0;0;0;0.12
0.1000;RULT;18;0;0;0;0.12
0.1000;ILP;13830;0;0;0;0.00
0.1000;ILP;12458;0;0;0;0.00
0.1000;ILP;12509;0;0;0;0.00
0.1000;ILP;12511;0;0;0;0.00
0.1000;ILP;12455;0;0;0;0.00
0.1000;ILP;12472;0;0;0;0.00
0.1000;ILP;12408;0;0;0;0.00
0.1000;ILP;12443;0;0;0;0.00
0.1000;ILP;12447;0;0;0;0.00
0.1000;ILP;12484;0;0;0;0.00
0.1000;ILP;12375;0;0;0;0.00
0.1000;ILP;12405;0;0;0;0.00
0.1000;ILP;12474;0;0;0;0.00
0.1000;ILP;12229;0;0;0;0.00
0.1000;ILP;12460;0;0;0;0.00
0.1000;ILP;12336;0;0;0;0.00
0.1000;ILP;12312;0;0;0;0.00
0.1000;ILP;12433;0;0;0;0.00
0.1000;ILP;12220;0;0;0;0.00
0.1000;ILP;12400;0;0;0;0.00
0.1000;ILP;12941;0;0;0;0.00
0.1000;ILP;12239;0;0;0;0.00
0.1000;ILP;12177;0;0;0;0.00
0.1000;ILP;12075;0;0;0;0.00
0.1000;ILP;12231;0;0;0;0.00
0.1000;ILP;12222;0;0;0;0.00
0.1000;ILP;12055;0;0;0;0.00
0.1000;ILP;12073;0;0;0;0.00
0.1000;ILP;12005;0;0;0;0.00
0.1000;ILP;12288;0;0;0;0.00
0.1000;ILP;12229;0;0;0;0.00
0.1000;ILP;12169;0;0;0;0.00
0.1000;ILP;12303;0;0;0;0.00
0.1000;ILP;12154;0;0;0;0.00
0.1000;ILP;12330;0;0;0;0.00
0.1000;ILP;12101;0;0;0;0.00
0.1000;ILP;12147;0;0;0;0.00
0.1000;ILP;12182;0;0;0;0.00
0.1000;ILP;12174;0;0;0;0.00
0.1000;ILP;12223;0;0;0;0.00
0.1000;CP;64251;0;0;0;0.00
0.1000;CP;64481;0;0;0;0.00
0.1000;CP;64443;0;0;0;0.00
0.1000;CP;64222;0;0;0;0.00
0.1000;CP;64469;0;0;0;0.00
0.1000;CP;64234;0;0;0;0.00
0.1000;CP;64454;0;0;0;0.00
0.1000;CP;59420;0;0;0;0.00
0.1000;CP;59412;0;0;0;0.00
0.1000;CP;59022;0;0;0;0.00
0.1000;CP;59871;0;0;0;0.00
0.1000;CP;65667;0;0;0;0.00
0.1000;CP;64689;0;0;0;0.00
0.1000;CP;64388;0;0;0;0.00
0.1000;CP;64418;0;0;0;0.00
0.1000;CP;64348;0;0;0;0.00
0.1000;CP;64328;0;0;0;0.00
0.1000;CP;64507;0;0;0;0.00
0.1000;CP;64456;0;0;0;0.00
0.1000;CP;64475;0;0;0;0.00
0.1000;CP;63813;0;0;0;0.00
0.1000;CP;64114;0;0;0;0.00
0.1000;CP;64247;0;0;0;0.00
0.1000;CP;64125;0;0;0;0.00
0.1000;CP;64198;0;0;0;0.00
0.1000;CP;64445;0;0;0;0.00
0.1000;CP;64436;0;0;0;0.00
0.1000;CP;65145;0;0;0;0.00
0.1000;CP;59386;0;0;0;0.00
0.1000;CP;59358;0;0;0;0.00
0.1000;CP;58854;0;0;0;0.00
0.1000;CP;59183;0;0;0;0.00
0.1000;CP;64564;0;0;0;0.00
0.1000;CP;64191;0;0;0;0.00
0.1000;CP;63980;0;0;0;0.00
0.1000;CP;64259;0;0;0;0.00
0.1000;CP;64201;0;0;0;0.00
0.1000;CP;64487;0;0;0;0.00
0.1000;CP;64111;0;0;0;0.00
0.1000;CP;64232;0;0;0;0.00
0.1000;SCP;60495;0;0;0;0.00
0.1000;SCP;60464;0;0;0;0.00
0.1000;SCP;60539;0;0;0;0.00
0.1000;SCP;61977;0;0;0;0.00
0.1000;SCP;57871;0;0;0;0.00
0.1000;SCP;56587;0;0;0;0.00
0.1000;SCP;56947;0;0;0;0.00
0.1000;SCP;57154;0;0;0;0.00
0.1000;SCP;59516;0;0;0;0.00
0.1000;SCP;60511;0;0;0;0.00
0.1000;SCP;60599;0;0;0;0.00
0.1000;SCP;60563;0;0;0;0.00
0.1000;SCP;60544;0;0;0;0.00
0.1000;SCP;60555;0;0;0;0.00
0.1000;SCP;60781;0;0;0;0.00
0.1000;SCP;60554;0;0;0;0.00
0.1000;SCP;60717;0;0;0;0.00
0.1000;SCP;60427;0;0;0;0.00
0.1000;SCP;60499;0;0;0;0.00
0.1000;SCP;60484;0;0;0;0.00
0.1000;SCP;56247;0;0;0;0.00
0.1000;SCP;56488;0;0;0;0.00
0.1000;SCP;56500;0;0;0;0.00
0.1000;SCP;56435;0;0;0;0.00
0.1000;SCP;56479;0;0;0;0.00
0.1000;SCP;56431;0;0;0;0.00
0.1000;SCP;56456;0;0;0;0.00
0.1000;SCP;56622;0;0;0;0.00
0.1000;SCP;56587;0;0;0;0.00
0.1000;SCP;56621;0;0;0;0.00
0.1000;SCP;56518;0;0;0;0.00
0.1000;SCP;56457;0;0;0;0.00
0.1000;SCP;56349;0;0;0;0.00
0.1000;SCP;57020;0;0;0;0.00
0.1000;SCP;54770;0;0;0;0.00
0.1000;SCP;52419;0;0;0;0.00
0.1000;SCP;52644;0;0;0;0.00
0.1000;SCP;52421;0;0;0;0.00
0.1000;SCP;52775;0;0;0;0.00
0.1000;SCP;55888;0;0;0;0.00
0.1000;KAB;400;0;0;0;0.00
0.1000;KAB;45;0;0;0;0.00
0.1000;KAB;41;0;0;0;0.00
0.1000;KAB;41;0;0;0;0.00
0.1000;KAB;39;0;0;0;0.00
0.1000;KAB;38;0;0;0;0.00
0.1000;KAB;38;0;0;0;0.00
0.1000;KAB;39;0;0;0;0.00
0.1000;KAB;37;0;0;0;0.00
0.1000;KAB;37;0;0;0;0.00
0.1000;KAB;37;0;0;0;0.00
0.1000;KAB;38;0;0;0;0.00
0.1000;KAB;37;0;0;0;0.00
0.1000;KAB;36;0;0;0;0.00
0.1000;KAB;37;0;0;0;0.00
0.1000;KAB;38;0;0;0;0.00
0.1000;KAB;37;0;0;0;0.00
0.1000;KAB;37;0;0;0;0.00
0.1000;KAB;36;0;0;0;0.00
0.1000;KAB;37;0;0;0;0.00
0.1000;KAB;458;0;0;0;0.00
0.1000;KAB;96;0;0;0;0.00
0.1000;KAB;92;0;0;0;0.00
0.1000;KAB;90;0;0;0;0.00
0.1000;KAB;87;0;0;0;0.00
0.1000;KAB;88;0;0;0;0.00
0.1000;KAB;87;0;0;0;0.00
0.1000;KAB;87;0;0;0;0.00
0.1000;KAB;87;0;0;0;0.00
0.1000;KAB;86;0;0;0;0.00
0.1000;KAB;87;0;0;0;0.00
0.1000;KAB;86;0;0;0;0.00
0.1000;KAB;87;0;0;0;0.00
0.1000;KAB;86;0;0;0;0.00
0.1000;KAB;86;0;0;0;0.00
0.1000;KAB;87;0;0;0;0.00
0.1000;KAB;85;0;0;0;0.00
0.1000;KAB;87;0;0;0;0.00
0.1000;KAB;86;0;0;0;0.00
0.1000;KAB;86;0;0;0;0.00
0.1000;BFDC;119;0;0;0;0.77
0.1000;BFDC;118;0;0;0;0.77
0.1000;BFDC;117;0;0;0;0.77
0.1000;BFDC;116;0;0;0;0.77
0.1000;BFDC;116;0;0;0;0.77
0.1000;BFDC;116;0;0;0;0.77
0.1000;BFDC;116;0;0;0;0.77
0.1000;BFDC;117;0;0;0;0.77
0.1000;BFDC;117;0;0;0;0.77
0.1000;BFDC;117;0;0;0;0.77
0.1000;BFDC;117;0;0;0;0.77
0.1000;BFDC;116;0;0;0;0.77
0.1000;BFDC;116;0;0;0;0.77
0.1000;BFDC;135;0;0;0;0.77
0.1000;BFDC;116;0;0;0;0.77
0.1000;BFDC;116;0;0;0;0.77
0.1000;BFDC;116;0;0;0;0.77
0.1000;BFDC;116;0;0;0;0.77
0.1000;BFDC;117;0;0;0;0.77
0.1000;BFDC;117;0;0;0;0.77
0.1000;BFDC;28;0;0;0;0.12
0.1000;BFDC;27;0;0;0;0.12
0.1000;BFDC;26;0;0;0;0.12
0.1000;BFDC;26;0;0;0;0.12
0.1000;BFDC;26;0;0;0;0.12
0.1000;BFDC;26;0;0;0;0.12
0.1000;BFDC;26;0;0;0;0.12
0.1000;BFDC;26;0;0;0;0.12
0.1000;BFDC;26;0;0;0;0.12
0.1000;BFDC;26;0;0;0;0.12
0.1000;BFDC;26;0;0;0;0.12
0.1000;BFDC;26;0;0;0;0.12
0.1000;BFDC;26;0;0;0;0.12
0.1000;BFDC;26;0;0;0;0.12
0.1000;BFDC;26;0;0;0;0.12
0.1000;BFDC;26;0;0;0;0.12
0.1000;BFDC;26;0;0;0;0.12
0.1000;BFDC;26;0;0;0;0.12
0.1000;BFDC;26;0;0;0;0.12
0.1000;BFDC;26;0;0;0;0.12
0.1000;CRA;80;0;0;0;0.37
0.1000;CRA;55;0;0;0;0.37
0.1000;CRA;53;0;0;0;0.37
0.1000;CRA;51;0;0;0;0.37
0.1000;CRA;51;0;0;0;0.37
0.1000;CRA;50;0;0;0;0.37
0.1000;CRA;50;0;0;0;0.37
0.1000;CRA;50;0;0;0;0.37
0.1000;CRA;49;0;0;0;0.37
0.1000;CRA;49;0;0;0;0.37
0.1000;CRA;49;0;0;0;0.37
0.1000;CRA;50;0;0;0;0.37
0.1000;CRA;49;0;0;0;0.37
0.1000;CRA;49;0;0;0;0.37
0.1000;CRA;49;0;0;0;0.37
0.1000;CRA;49;0;0;0;0.37
0.1000;CRA;49;0;0;0;0.37
0.1000;CRA;49;0;0;0;0.37
0.1000;CRA;49;0;0;0;0.37
0.1000;CRA;49;0;0;0;0.37
0.1000;CRA;21;0;0;0;0.01
0.1000;CRA;21;0;0;0;0.01
0.1000;CRA;20;0;0;0;0.01
0.1000;CRA;20;0;0;0;0.01
0.1000;CRA;20;0;0;0;0.01
0.1000;CRA;20;0;0;0;0.01
0.1000;CRA;20;0;0;0;0.01
0.1000;CRA;20;0;0;0;0.01
0.1000;CRA;20;0;0;0;0.01
0.1000;CRA;20;0;0;0;0.01
0.1000;CRA;20;0;0;0;0.01
0.1000;CRA;20;0;0;0;0.01
0.1000;CRA;20;0;0;0;0.01
0.1000;CRA;20;0;0;0;0.01
0.1000;CRA;20;0;0;0;0.01
0.1000;CRA;20;0;0;0;0.01
0.1000;CRA;20;0;0;0;0.01
0.1000;CRA;20;0;0;0;0.01
0.1000;CRA;20;0;0;0;0.01
0.1000;CRA;20;0;0;0;0.01
0.6000;ULT;306215;0;0;0;90.69
0.6000;ULT;305426;0;0;0;90.69
0.6000;ULT;305437;0;0;0;90.69
0.6000;ULT;306795;0;0;0;90.69
0.6000;ULT;306956;0;0;0;90.69
0.6000;ULT;302332;0;0;0;90.69
0.6000;ULT;306860;0;0;0;90.69
0.6000;ULT;321956;0;0;0;90.69
0.6000;ULT;293391;0;0;0;90.69
0.6000;ULT;293362;0;0;0;90.69
0.6000;ULT;294880;0;0;0;90.69
0.6000;ULT;305010;0;0;0;90.69
0.6000;ULT;305037;0;0;0;90.69
0.6000;ULT;304251;0;0;0;90.69
0.6000;ULT;293544;0;0;0;90.69
0.6000;ULT;305100;0;0;0;90.69
0.6000;ULT;304823;0;0;0;90.69
0.6000;ULT;304150;0;0;0;90.69
0.6000;ULT;298736;0;0;0;90.69
0.6000;ULT;305065;0;0;0;90.69
0.6000;ULT;2000000;0;0;1;582.98
0.6000;ULT;2000001;0;0;1;582.50
0.6000;ULT;2000000;0;0;1;589.09
0.6000;ULT;2000001;0;0;1;586.90
0.6000;ULT;2000001;0;0;1;603.27
0.6000;ULT;2000000;0;0;1;596.22
0.6000;ULT;2000000;0;0;1;591.39
0.6000;ULT;2000001;0;0;1;582.91
0.6000;ULT;2000000;0;0;1;580.00
0.6000;ULT;2000001;0;0;1;580.27
0.6000;ULT;2000000;0;0;1;580.18
0.6000;ULT;2000000;0;0;1;580.10
0.6000;ULT;2000001;0;0;1;580.09
0.6000;ULT;2000000;0;0;1;579.71
0.6000;ULT;2000000;0;0;1;579.99
0.6000;ULT;2000000;0;0;1;580.01
0.6000;ULT;2000001;0;0;1;580.00
0.6000;ULT;2000000;0;0;1;580.04
0.6000;ULT;2000000;0;0;1;580.02
0.6000;ULT;2000001;0;0;1;580.06
0.6000;RULT;63;0;0;0;0.68
0.6000;RULT;64;0;0;0;0.68
0.6000;RULT;63;0;0;0;0.68
0.6000;RULT;63;0;0;0;0.68
0.6000;RULT;63;0;0;0;0.68
0.6000;RULT;63;0;0;0;0.68
0.6000;RULT;63;0;0;0;0.68
0.6000;RULT;63;0;0;0;0.68
0.6000;RULT;63;0;0;0;0.68
0.6000;RULT;63;0;0;0;0.68
0.6000;RULT;63;0;0;0;0.68
0.6000;RULT;62;0;0;0;0.68
0.6000;RULT;63;0;0;0;0.68
0.6000;RULT;63;0;0;0;0.68
0.6000;RULT;62;0;0;0;0.68
0.6000;RULT;63;0;0;0;0.68
0.6000;RULT;63;0;0;0;0.68
0.6000;RULT;63;0;0;0;0.68
0.6000;RULT;69;0;0;0;0.68
0.6000;RULT;63;0;0;0;0.68
0.6000;RULT;1306;0;0;0;4.56
0.6000;RULT;1271;0;0;0;4.56
0.6000;RULT;1271;0;0;0;4.56
0.6000;RULT;1271;0;0;0;4.56
0.6000;RULT;1273;0;0;0;4.56
0.6000;RULT;1271;0;0;0;4.56
0.6000;RULT;1273;0;0;0;4.56
0.6000;RULT;1272;0;0;0;4.56
0.6000;RULT;1278;0;0;0;4.56
0.6000;RULT;1273;0;0;0;4.56
0.6000;RULT;1282;0;0;0;4.56
0.6000;RULT;1273;0;0;0;4.56
0.6000;RULT;1280;0;0;0;4.56
0.6000;RULT;1271;0;0;0;4.56
0.6000;RULT;1281;0;0;0;4.56
0.6000;RULT;1274;0;0;0;4.56
0.6000;RULT;1276;0;0;0;4.56
0.6000;RULT;1271;0;0;0;4.56
0.6000;RULT;1280;0;0;0;4.56
0.6000;RULT;1270;0;0;0;4.56
0.6000;ILP;26411;0;0;0;0.00
0.6000;ILP;26198;0;0;0;0.00
0.6000;ILP;26144;0;0;0;0.00
0.6000;ILP;26041;0;0;0;0.00
0.6000;ILP;26026;0;0;0;0.00
0.6000;ILP;26109;0;0;0;0.00
0.6000;ILP;26498;0;0;0;0.00
0.6000;ILP;26240;0;0;0;0.00
0.6000;ILP;26369;0;0;0;0.00
0.6000;ILP;25847;0;0;0;0.00
0.6000;ILP;26041;0;0;0;0.00
0.6000;ILP;26044;0;0;0;0.00
0.6000;ILP;26198;0;0;0;0.00
0.6000;ILP;26238;0;0;0;0.00
0.6000;ILP;26066;0;0;0;0.00
0.6000;ILP;26035;0;0;0;0.00
0.6000;ILP;26081;0;0;0;0.00
0.6000;ILP;26184;0;0;0;0.00
0.6000;ILP;26460;0;0;0;0.00
0.6000;ILP;25320;0;0;0;0.00
0.6000;ILP;28022;0;0;0;0.00
0.6000;ILP;28095;0;0;0;0.00
0.6000;ILP;28052;0;0;0;0.00
0.6000;ILP;27898;0;0;0;0.00
0.6000;ILP;28145;0;0;0;0.00
0.6000;ILP;28603;0;0;0;0.00
0.6000;ILP;27797;0;0;0;0.00
0.6000;ILP;28162;0;0;0;0.00
0.6000;ILP;27683;0;0;0;0.00
0.6000;ILP;28306;0;0;0;0.00
0.6000;ILP;27623;0;0;0;0.00
0.6000;ILP;27032;0;0;0;0.00
0.6000;ILP;27670;0;0;0;0.00
0.6000;ILP;27794;0;0;0;0.00
0.6000;ILP;27038;0;0;0;0.00
0.6000;ILP;26961;0;0;0;0.00
0.6000;ILP;27606;0;0;0;0.00
0.6000;ILP;27975;0;0;0;0.00
0.6000;ILP;27938;0;0;0;0.00
0.6000;ILP;27778;0;0;0;0.00
0.6000;CP;102596;0;0;0;0.00
0.6000;CP;110533;0;0;0;0.00
0.6000;CP;119729;0;0;0;0.00
0.6000;CP;120057;0;0;0;0.00
0.6000;CP;120486;0;0;0;0.00
0.6000;CP;119730;0;0;0;0.00
0.6000;CP;119824;0;0;0;0.00
0.6000;CP;119110;0;0;0;0.00
0.6000;CP;120822;0;0;0;0.00
0.6000;CP;119527;0;0;0;0.00
0.6000;CP;119295;0;0;0;0.00
0.6000;CP;119198;0;0;0;0.00
0.6000;CP;119269;0;0;0;0.00
0.6000;CP;118919;0;0;0;0.00
0.6000;CP;119202;0;0;0;0.00
0.6000;CP;119235;0;0;0;0.00
0.6000;CP;116256;0;0;0;0.00
0.6000;CP;106371;0;0;0;0.00
0.6000;CP;105912;0;0;0;0.00
0.6000;CP;119893;0;0;0;0.00
0.6000;CP;242079;0;0;0;0.00
0.6000;CP;243068;0;0;0;0.00
0.6000;CP;243813;0;0;0;0.00
0.6000;CP;242165;0;0;0;0.00
0.6000;CP;242300;0;0;0;0.00
0.6000;CP;242200;0;0;0;0.00
0.6000;CP;241248;0;0;0;0.00
0.6000;CP;211853;0;0;0;0.00
0.6000;CP;234622;0;0;0;0.00
0.6000;CP;242366;0;0;0;0.00
0.6000;CP;243361;0;0;0;0.00
0.6000;CP;242541;0;0;0;0.00
0.6000;CP;242444;0;0;0;0.00
0.6000;CP;243909;0;0;0;0.00
0.6000;CP;242175;0;0;0;0.00
0.6000;CP;241806;0;0;0;0.00
0.6000;CP;214809;0;0;0;0.00
0.6000;CP;231507;0;0;0;0.00
0.6000;CP;242598;0;0;0;0.00
0.6000;CP;242054;0;0;0;0.00
0.6000;SCP;60220;0;0;0;0.00
0.6000;SCP;60533;0;0;0;0.00
0.6000;SCP;60703;0;0;0;0.00
0.6000;SCP;60471;0;0;0;0.00
0.6000;SCP;60573;0;0;0;0.00
0.6000;SCP;60480;0;0;0;0.00
0.6000;SCP;60614;0;0;0;0.00
0.6000;SCP;60652;0;0;0;0.00
0.6000;SCP;60473;0;0;0;0.00
0.6000;SCP;60689;0;0;0;0.00
0.6000;SCP;60946;0;0;0;0.00
0.6000;SCP;60441;0;0;0;0.00
0.6000;SCP;60746;0;0;0;0.00
0.6000;SCP;60616;0;0;0;0.00
0.6000;SCP;60596;0;0;0;0.00
0.6000;SCP;61141;0;0;0;0.00
0.6000;SCP;60733;0;0;0;0.00
0.6000;SCP;60892;0;0;0;0.00
0.6000;SCP;60663;0;0;0;0.00
0.6000;SCP;60580;0;0;0;0.00
0.6000;SCP;168121;0;0;0;0.00
0.6000;SCP;165944;0;0;0;0.00
0.6000;SCP;167523;0;0;0;0.00
0.6000;SCP;164953;0;0;0;0.00
0.6000;SCP;167326;0;0;0;0.00
0.6000;SCP;168521;0;0;0;0.00
0.6000;SCP;168223;0;0;0;0.00
0.6000;SCP;166399;0;0;0;0.00
0.6000;SCP;163045;0;0;0;0.00
0.6000;SCP;166145;0;0;0;0.00
0.6000;SCP;168911;0;0;0;0.00
0.6000;SCP;168567;0;0;0;0.00
0.6000;SCP;167855;0;0;0;0.00
0.6000;SCP;167648;0;0;0;0.00
0.6000;SCP;168281;0;0;0;0.00
0.6000;SCP;167550;0;0;0;0.00
0.6000;SCP;168658;0;0;0;0.00
0.6000;SCP;164539;0;0;0;0.00
0.6000;SCP;167795;0;0;0;0.00
0.6000;SCP;164343;0;0;0;0.00
0.6000;KAB;422;0;0;0;0.00
0.6000;KAB;79;0;0;0;0.00
0.6000;KAB;76;0;0;0;0.00
0.6000;KAB;73;0;0;0;0.00
0.6000;KAB;74;0;0;0;0.00
0.6000;KAB;76;0;0;0;0.00
0.6000;KAB;74;0;0;0;0.00
0.6000;KAB;74;0;0;0;0.00
0.6000;KAB;73;0;0;0;0.00
0.6000;KAB;74;0;0;0;0.00
0.6000;KAB;73;0;0;0;0.00
0.6000;KAB;73;0;0;0;0.00
0.6000;KAB;74;0;0;0;0.00
0.6000;KAB;72;0;0;0;0.00
0.6000;KAB;73;0;0;0;0.00
0.6000;KAB;73;0;0;0;0.00
0.6000;KAB;73;0;0;0;0.00
0.6000;KAB;73;0;0;0;0.00
0.6000;KAB;72;0;0;0;0.00
0.6000;KAB;72;0;0;0;0.00
0.6000;KAB;408598;0;0;0;0.00
0.6000;KAB;407441;0;0;0;0.00
0.6000;KAB;408060;0;0;0;0.00
0.6000;KAB;407391;0;0;0;0.00
0.6000;KAB;408038;0;0;0;0.00
0.6000;KAB;407393;0;0;0;0.00
0.6000;KAB;407540;0;0;0;0.00
0.6000;KAB;408389;0;0;0;0.00
0.6000;KAB;407559;0;0;0;0.00
0.6000;KAB;408191;0;0;0;0.00
0.6000;KAB;407423;0;0;0;0.00
0.6000;KAB;407290;0;0;0;0.00
0.6000;KAB;407950;0;0;0;0.00
0.6000;KAB;407409;0;0;0;0.00
0.6000;KAB;408121;0;0;0;0.00
0.6000;KAB;407193;0;0;0;0.00
0.6000;KAB;407303;0;0;0;0.00
0.6000;KAB;408174;0;0;0;0.00
0.6000;KAB;407607;0;0;0;0.00
0.6000;KAB;408395;0;0;0;0.00
0.6000;BFDC;121;0;0;0;0.84
0.6000;BFDC;119;0;0;0;0.84
0.6000;BFDC;118;0;0;0;0.84
0.6000;BFDC;118;0;0;0;0.84
0.6000;BFDC;124;0;0;0;0.84
0.6000;BFDC;117;0;0;0;0.84
0.6000;BFDC;117;0;0;0;0.84
0.6000;BFDC;117;0;0;0;0.84
0.6000;BFDC;117;0;0;0;0.84
0.6000;BFDC;117;0;0;0;0.84
0.6000;BFDC;117;0;0;0;0.84
0.6000;BFDC;117;0;0;0;0.84
0.6000;BFDC;117;0;0;0;0.84
0.6000;BFDC;117;0;0;0;0.84
0.6000;BFDC;117;0;0;0;0.84
0.6000;BFDC;117;0;0;0;0.84
0.6000;BFDC;117;0;0;0;0.84
0.6000;BFDC;117;0;0;0;0.84
0.6000;BFDC;117;0;0;0;0.84
0.6000;BFDC;117;0;0;0;0.84
0.6000;BFDC;161;0;0;0;1.17
0.6000;BFDC;159;0;0;0;1.17
0.6000;BFDC;159;0;0;0;1.17
0.6000;BFDC;165;0;0;0;1.17
0.6000;BFDC;158;0;0;0;1.17
0.6000;BFDC;158;0;0;0;1.17
0.6000;BFDC;159;0;0;0;1.17
0.6000;BFDC;158;0;0;0;1.17
0.6000;BFDC;158;0;0;0;1.17
0.6000;BFDC;158;0;0;0;1.17
0.6000;BFDC;158;0;0;0;1.17
0.6000;BFDC;157;0;0;0;1.17
0.6000;BFDC;157;0;0;0;1.17
0.6000;BFDC;157;0;0;0;1.17
0.6000;BFDC;157;0;0;0;1.17
0.6000;BFDC;157;0;0;0;1.17
0.6000;BFDC;158;0;0;0;1.17
0.6000;BFDC;162;0;0;0;1.17
0.6000;BFDC;158;0;0;0;1.17
0.6000;BFDC;157;0;0;0;1.17
0.6000;CRA;35;0;0;0;0.05
0.6000;CRA;25;0;0;0;0.05
0.6000;CRA;25;0;0;0;0.05
0.6000;CRA;24;0;0;0;0.05
0.6000;CRA;24;0;0;0;0.05
0.6000;CRA;24;0;0;0;0.05
0.6000;CRA;24;0;0;0;0.05
0.6000;CRA;24;0;0;0;0.05
0.6000;CRA;24;0;0;0;0.05
0.6000;CRA;24;0;0;0;0.05
0.6000;CRA;24;0;0;0;0.05
0.6000;CRA;24;0;0;0;0.05
0.6000;CRA;24;0;0;0;0.05
0.6000;CRA;24;0;0;0;0.05
0.6000;CRA;24;0;0;0;0.05
0.6000;CRA;24;0;0;0;0.05
0.6000;CRA;24;0;0;0;0.05
0.6000;CRA;24;0;0;0;0.05
0.6000;CRA;24;0;0;0;0.05
0.6000;CRA;24;0;0;0;0.05
0.6000;CRA;39106;0;0;0;89.21
0.6000;CRA;38731;0;0;0;89.21
0.6000;CRA;38650;0;0;0;89.21
0.6000;CRA;38637;0;0;0;89.21
0.6000;CRA;38668;0;0;0;89.21
0.6000;CRA;38640;0;0;0;89.21
0.6000;CRA;38633;0;0;0;89.21
0.6000;CRA;38634;0;0;0;89.21
0.6000;CRA;38690;0;0;0;89.21
0.6000;CRA;38715;0;0;0;89.21
0.6000;CRA;38686;0;0;0;89.21
0.6000;CRA;38688;0;0;0;89.21
0.6000;CRA;38670;0;0;0;89.21
0.6000;CRA;38694;0;0;0;89.21
0.6000;CRA;38695;0;0;0;89.21
0.6000;CRA;38687;0;0;0;89.21
0.6000;CRA;38661;0;0;0;89.21
0.6000;CRA;38664;0;0;0;89.21
0.6000;CRA;38678;0;0;0;89.21
0.6000;CRA;38672;0;0;0;89.21
0.7000;RULT;1203;0;0;0;4.20
0.7000;RULT;1194;0;0;0;4.20
0.7000;RULT;1197;0;0;0;4.20
0.7000;RULT;1194;0;0;0;4.20
0.7000;RULT;1200;0;0;0;4.20
0.7000;RULT;1195;0;0;0;4.20
0.7000;RULT;1201;0;0;0;4.20
0.7000;RULT;1194;0;0;0;4.20
0.7000;RULT;1198;0;0;0;4.20
0.7000;RULT;1195;0;0;0;4.20
0.7000;RULT;1200;0;0;0;4.20
0.7000;RULT;1198;0;0;0;4.20
0.7000;RULT;1197;0;0;0;4.20
0.7000;RULT;1198;0;0;0;4.20
0.7000;RULT;1192;0;0;0;4.20
0.7000;RULT;1192;0;0;0;4.20
0.7000;RULT;1195;0;0;0;4.20
0.7000;RULT;1196;0;0;0;4.20
0.7000;RULT;1197;0;0;0;4.20
0.7000;RULT;1197;0;0;0;4.20
0.7000;RULT;63;0;0;0;0.67
0.7000;RULT;62;0;0;0;0.67
0.7000;RULT;62;0;0;0;0.67
0.7000;RULT;62;0;0;0;0.67
0.7000;RULT;62;0;0;0;0.67
0.7000;RULT;62;0;0;0;0.67
0.7000;RULT;62;0;0;0;0.67
0.7000;RULT;62;0;0;0;0.67
0.7000;RULT;62;0;0;0;0.67
0.7000;RULT;62;0;0;0;0.67
0.7000;RULT;62;0;0;0;0.67
0.7000;RULT;62;0;0;0;0.67
0.7000;RULT;62;0;0;0;0.67
0.7000;RULT;63;0;0;0;0.67
0.7000;RULT;62;0;0;0;0.67
0.7000;RULT;62;0;0;0;0.67
0.7000;RULT;62;0;0;0;0.67
0.7000;RULT;62;0;0;0;0.67
0.7000;RULT;62;0;0;0;0.67
0.7000;RULT;62;0;0;0;0.67
0.7000;ILP;29236;0;0;0;0.00
0.7000;ILP;30328;0;0;0;0.00
0.7000;ILP;29338;0;0;0;0.00
0.7000;ILP;29574;0;0;0;0.00
0.7000;ILP;29705;0;0;0;0.00
0.7000;ILP;29892;0;0;0;0.00
0.7000;ILP;30294;0;0;0;0.00
0.7000;ILP;29952;0;0;0;0.00
0.7000;ILP;30439;0;0;0;0.00
0.7000;ILP;30209;0;0;0;0.00
0.7000;ILP;29760;0;0;0;0.00
0.7000;ILP;29492;0;0;0;0.00
0.7000;ILP;29921;0;0;0;0.00
0.7000;ILP;29904;0;0;0;0.00
0.7000;ILP;30046;0;0;0;0.00
0.7000;ILP;30638;0;0;0;0.00
0.7000;ILP;30852;0;0;0;0.00
0.7000;ILP;30658;0;0;0;0.00
0.7000;ILP;29772;0;0;0;0.00
0.7000;ILP;30004;0;0;0;0.00
0.7000;ILP;29251;0;0;0;0.00
0.7000;ILP;28806;0;0;0;0.00
0.7000;ILP;28228;0;0;0;0.00
0.7000;ILP;28177;0;0;0;0.00
0.7000;ILP;27756;0;0;0;0.00
0.7000;ILP;28363;0;0;0;0.00
0.7000;ILP;28357;0;0;0;0.00
0.7000;ILP;28634;0;0;0;0.00
0.7000;ILP;28353;0;0;0;0.00
0.7000;ILP;29090;0;0;0;0.00
0.7000;ILP;28178;0;0;0;0.00
0.7000;ILP;28738;0;0;0;0.00
0.7000;ILP;28895;0;0;0;0.00
0.7000;ILP;28629;0;0;0;0.00
0.7000;ILP;27763;0;0;0;0.00
0.7000;ILP;29192;0;0;0;0.00
0.7000;ILP;28294;0;0;0;0.00
0.7000;ILP;28140;0;0;0;0.00
0.7000;ILP;28878;0;0;0;0.00
0.7000;ILP;28305;0;0;0;0.00
0.7000;CP;253745;0;0;0;0.00
0.7000;CP;265716;0;0;0;0.00
0.7000;CP;263197;0;0;0;0.00
0.7000;CP;264629;0;0;0;0.00
0.7000;CP;270268;0;0;0;0.00
0.7000;CP;268981;0;0;0;0.00
0.7000;CP;262624;0;0;0;0.00
0.7000;CP;264430;0;0;0;0.00
0.7000;CP;267132;0;0;0;0.00
0.7000;CP;267271;0;0;0;0.00
0.7000;CP;265755;0;0;0;0.00
0.7000;CP;268564;0;0;0;0.00
0.7000;CP;270337;0;0;0;0.00
0.7000;CP;248608;0;0;0;0.00
0.7000;CP;251360;0;0;0;0.00
0.7000;CP;249265;0;0;0;0.00
0.7000;CP;250932;0;0;0;0.00
0.7000;CP;248135;0;0;0;0.00
0.7000;CP;247132;0;0;0;0.00
0.7000;CP;248056;0;0;0;0.00
0.7000;CP;113840;0;0;0;0.00
0.7000;CP;116792;0;0;0;0.00
0.7000;CP;116781;0;0;0;0.00
0.7000;CP;116428;0;0;0;0.00
0.7000;CP;117313;0;0;0;0.00
0.7000;CP;115912;0;0;0;0.00
0.7000;CP;116209;0;0;0;0.00
0.7000;CP;115488;0;0;0;0.00
0.7000;CP;116310;0;0;0;0.00
0.7000;CP;117709;0;0;0;0.00
0.7000;CP;116275;0;0;0;0.00
0.7000;CP;116453;0;0;0;0.00
0.7000;CP;117772;0;0;0;0.00
0.7000;CP;116197;0;0;0;0.00
0.7000;CP;116990;0;0;0;0.00
0.7000;CP;120242;0;0;0;0.00
0.7000;CP;116473;0;0;0;0.00
0.7000;CP;116896;0;0;0;0.00
0.7000;CP;117604;0;0;0;0.00
0.7000;CP;118806;0;0;0;0.00
0.7000;SCP;153574;0;0;0;0.00
0.7000;SCP;152616;0;0;0;0.00
0.7000;SCP;153146;0;0;0;0.00
0.7000;SCP;153112;0;0;0;0.00
0.7000;SCP;153024;0;0;0;0.00
0.7000;SCP;154426;0;0;0;0.00
0.7000;SCP;154807;0;0;0;0.00
0.7000;SCP;151290;0;0;0;0.00
0.7000;SCP;150639;0;0;0;0.00
0.7000;SCP;152692;0;0;0;0.00
0.7000;SCP;151256;0;0;0;0.00
0.7000;SCP;150822;0;0;0;0.00
0.7000;SCP;150527;0;0;0;0.00
0.7000;SCP;152837;0;0;0;0.00
0.7000;SCP;155399;0;0;0;0.00
0.7000;SCP;155728;0;0;0;0.00
0.7000;SCP;156313;0;0;0;0.00
0.7000;SCP;155891;0;0;0;0.00
0.7000;SCP;155872;0;0;0;0.00
0.7000;SCP;156002;0;0;0;0.00
0.7000;SCP;64467;0;0;0;0.00
0.7000;SCP;65095;0;0;0;0.00
0.7000;SCP;65184;0;0;0;0.00
0.7000;SCP;63141;0;0;0;0.00
0.7000;SCP;62612;0;0;0;0.00
0.7000;SCP;64545;0;0;0;0.00
0.7000;SCP;62811;0;0;0;0.00
0.7000;SCP;64547;0;0;0;0.00
0.7000;SCP;64341;0;0;0;0.00
0.7000;SCP;62840;0;0;0;0.00
0.7000;SCP;64510;0;0;0;0.00
0.7000;SCP;64475;0;0;0;0.00
0.7000;SCP;63763;0;0;0;0.00
0.7000;SCP;63433;0;0;0;0.00
0.7000;SCP;64065;0;0;0;0.00
0.7000;SCP;63831;0;0;0;0.00
0.7000;SCP;64601;0;0;0;0.00
0.7000;SCP;62959;0;0;0;0.00
0.7000;SCP;64171;0;0;0;0.00
0.7000;SCP;62657;0;0;0;0.00
0.7000;KAB;346145;0;0;0;0.00
0.7000;KAB;345565;0;0;0;0.00
0.7000;KAB;345582;0;0;0;0.00
0.7000;KAB;345466;0;0;0;0.00
0.7000;KAB;345564;0;0;0;0.00
0.7000;KAB;344243;0;0;0;0.00
0.7000;KAB;344229;0;0;0;0.00
0.7000;KAB;344173;0;0;0;0.00
0.7000;KAB;344195;0;0;0;0.00
0.7000;KAB;345776;0;0;0;0.00
0.7000;KAB;345609;0;0;0;0.00
0.7000;KAB;345572;0;0;0;0.00
0.7000;KAB;345603;0;0;0;0.00
0.7000;KAB;345678;0;0;0;0.00
0.7000;KAB;345609;0;0;0;0.00
0.7000;KAB;345608;0;0;0;0.00
0.7000;KAB;345661;0;0;0;0.00
0.7000;KAB;343856;0;0;0;0.00
0.7000;KAB;344221;0;0;0;0.00
0.7000;KAB;344242;0;0;0;0.00
0.7000;KAB;407;0;0;0;0.00
0.7000;KAB;68;0;0;0;0.00
0.7000;KAB;68;0;0;0;0.00
0.7000;KAB;67;0;0;0;0.00
0.7000;KAB;66;0;0;0;0.00
0.7000;KAB;66;0;0;0;0.00
0.7000;KAB;66;0;0;0;0.00
0.7000;KAB;66;0;0;0;0.00
0.7000;KAB;66;0;0;0;0.00
0.7000;KAB;66;0;0;0;0.00
0.7000;KAB;65;0;0;0;0.00
0.7000;KAB;65;0;0;0;0.00
0.7000;KAB;65;0;0;0;0.00
0.7000;KAB;66;0;0;0;0.00
0.7000;KAB;66;0;0;0;0.00
0.7000;KAB;65;0;0;0;0.00
0.7000;KAB;65;0;0;0;0.00
0.7000;KAB;65;0;0;0;0.00
0.7000;KAB;64;0;0;0;0.00
0.7000;KAB;65;0;0;0;0.00
0.7000;BFDC;90;0;0;0;0.62
0.7000;BFDC;89;0;0;0;0.62
0.7000;BFDC;88;0;0;0;0.62
0.7000;BFDC;87;0;0;0;0.62
0.7000;BFDC;87;0;0;0;0.62
0.7000;BFDC;87;0;0;0;0.62
0.7000;BFDC;87;0;0;0;0.62
0.7000;BFDC;93;0;0;0;0.62
0.7000;BFDC;87;0;0;0;0.62
0.7000;BFDC;87;0;0;0;0.62
0.7000;BFDC;87;0;0;0;0.62
0.7000;BFDC;86;0;0;0;0.62
0.7000;BFDC;87;0;0;0;0.62
0.7000;BFDC;87;0;0;0;0.62
0.7000;BFDC;87;0;0;0;0.62
0.7000;BFDC;87;0;0;0;0.62
0.7000;BFDC;87;0;0;0;0.62
0.7000;BFDC;86;0;0;0;0.62
0.7000;BFDC;87;0;0;0;0.62
0.7000;BFDC;87;0;0;0;0.62
0.7000;BFDC;117;0;0;0;0.84
0.7000;BFDC;116;0;0;0;0.84
0.7000;BFDC;115;0;0;0;0.84
0.7000;BFDC;115;0;0;0;0.84
0.7000;BFDC;115;0;0;0;0.84
0.7000;BFDC;114;0;0;0;0.84
0.7000;BFDC;114;0;0;0;0.84
0.7000;BFDC;115;0;0;0;0.84
0.7000;BFDC;115;0;0;0;0.84
0.7000;BFDC;115;0;0;0;0.84
0.7000;BFDC;119;0;0;0;0.84
0.7000;BFDC;114;0;0;0;0.84
0.7000;BFDC;115;0;0;0;0.84
0.7000;BFDC;115;0;0;0;0.84
0.7000;BFDC;114;0;0;0;0.84
0.7000;BFDC;114;0;0;0;0.84
0.7000;BFDC;114;0;0;0;0.84
0.7000;BFDC;114;0;0;0;0.84
0.7000;BFDC;115;0;0;0;0.84
0.7000;BFDC;114;0;0;0;0.84
0.7000;CRA;26202;0;0;0;60.47
0.7000;CRA;26052;0;0;0;60.47
0.7000;CRA;26051;0;0;0;60.47
0.7000;CRA;26058;0;0;0;60.47
0.7000;CRA;26046;0;0;0;60.47
0.7000;CRA;26049;0;0;0;60.47
0.7000;CRA;26043;0;0;0;60.47
0.7000;CRA;26066;0;0;0;60.47
0.7000;CRA;26045;0;0;0;60.47
0.7000;CRA;26080;0;0;0;60.47
0.7000;CRA;26036;0;0;0;60.47
0.7000;CRA;26060;0;0;0;60.47
0.7000;CRA;26053;0;0;0;60.47
0.7000;CRA;26050;0;0;0;60.47
0.7000;CRA;26065;0;0;0;60.47
0.7000;CRA;26047;0;0;0;60.47
0.7000;CRA;26037;0;0;0;60.47
0.7000;CRA;26052;0;0;0;60.47
0.7000;CRA;26044;0;0;0;60.47
0.7000;CRA;26056;0;0;0;60.47
0.7000;CRA;131;0;0;0;0.67
0.7000;CRA;95;0;0;0;0.67
0.7000;CRA;88;0;0;0;0.67
0.7000;CRA;87;0;0;0;0.67
0.7000;CRA;86;0;0;0;0.67
0.7000;CRA;86;0;0;0;0.67
0.7000;CRA;86;0;0;0;0.67
0.7000;CRA;85;0;0;0;0.67
0.7000;CRA;84;0;0;0;0.67
0.7000;CRA;85;0;0;0;0.67
0.7000;CRA;84;0;0;0;0.67
0.7000;CRA;83;0;0;0;0.67
0.7000;CRA;84;0;0;0;0.67
0.7000;CRA;83;0;0;0;0.67
0.7000;CRA;82;0;0;0;0.67
0.7000;CRA;82;0;0;0;0.67
0.7000;CRA;82;0;0;0;0.67
0.7000;CRA;82;0;0;0;0.67
0.7000;CRA;82;0;0;0;0.67
0.7000;CRA;82;0;0;0;0.67
0.8000;ULT;1361859;0;0;0;408.20
0.8000;ULT;1380541;0;0;0;408.20
0.8000;ULT;1386057;0;0;0;408.20
0.8000;ULT;1374774;0;0;0;408.20
0.8000;ULT;1359540;0;0;0;408.20
0.8000;ULT;1379583;0;0;0;408.20
0.8000;ULT;1380099;0;0;0;408.20
0.8000;ULT;1372508;0;0;0;408.20
0.8000;ULT;1369356;0;0;0;408.20
0.8000;ULT;1385720;0;0;0;408.20
0.8000;ULT;1377683;0;0;0;408.20
0.8000;ULT;1368874;0;0;0;408.20
0.8000;ULT;1377916;0;0;0;408.20
0.8000;ULT;1387145;0;0;0;408.20
0.8000;ULT;1375562;0;0;0;408.20
0.8000;ULT;1363054;0;0;0;408.20
0.8000;ULT;1380796;0;0;0;408.20
0.8000;ULT;1382336;0;0;0;408.20
0.8000;ULT;1374553;0;0;0;408.20
0.8000;ULT;1361087;0;0;0;408.20
0.8000;ULT;2000001;0;0;1;617.34
0.8000;ULT;2000001;0;0;1;617.05
0.8000;ULT;2000001;0;0;1;599.82
0.8000;ULT;2000000;0;0;1;617.33
0.8000;ULT;2000001;0;0;1;617.80
0.8000;ULT;2000001;0;0;1;617.73
0.8000;ULT;2000001;0;0;1;617.66
0.8000;ULT;2000000;0;0;1;617.87
0.8000;ULT;2000000;0;0;1;617.94
0.8000;ULT;2000001;0;0;1;617.93
0.8000;ULT;2000001;0;0;1;617.92
0.8000;ULT;2000001;0;0;1;617.90
0.8000;ULT;2000000;0;0;1;595.28
0.8000;ULT;2000001;0;0;1;584.14
0.8000;ULT;2000000;0;0;1;583.91
0.8000;ULT;2000000;0;0;1;583.72
0.8000;ULT;2000000;0;0;1;583.81
0.8000;ULT;2000000;0;0;1;583.77
0.8000;ULT;2000000;0;0;1;583.80
0.8000;ULT;2000001;0;0;1;583.84
0.8000;RULT;62;0;0;0;0.65
0.8000;RULT;61;0;0;0;0.65
0.8000;RULT;61;0;0;0;0.65
0.8000;RULT;61;0;0;0;0.65
0.8000;RULT;61;0;0;0;0.65
0.8000;RULT;61;0;0;0;0.65
0.8000;RULT;61;0;0;0;0.65
0.8000;RULT;61;0;0;0;0.65
0.8000;RULT;61;0;0;0;0.65
0.8000;RULT;61;0;0;0;0.65
0.8000;RULT;61;0;0;0;0.65
0.8000;RULT;61;0;0;0;0.65
0.8000;RULT;61;0;0;0;0.65
0.8000;RULT;61;0;0;0;0.65
0.8000;RULT;61;0;0;0;0.65
0.8000;RULT;61;0;0;0;0.65
0.8000;RULT;61;0;0;0;0.65
0.8000;RULT;61;0;0;0;0.65
0.8000;RULT;61;0;0;0;0.65
0.8000;RULT;61;0;0;0;0.65
0.8000;RULT;1269;0;0;0;4.43
0.8000;RULT;1264;0;0;0;4.43
0.8000;RULT;1262;0;0;0;4.43
0.8000;RULT;1266;0;0;0;4.43
0.8000;RULT;1258;0;0;0;4.43
0.8000;RULT;1271;0;0;0;4.43
0.8000;RULT;1266;0;0;0;4.43
0.8000;RULT;1273;0;0;0;4.43
0.8000;RULT;1263;0;0;0;4.43
0.8000;RULT;1268;0;0;0;4.43
0.8000;RULT;1266;0;0;0;4.43
0.8000;RULT;1270;0;0;0;4.43
0.8000;RULT;1262;0;0;0;4.43
0.8000;RULT;1268;0;0;0;4.43
0.8000;RULT;1263;0;0;0;4.43
0.8000;RULT;1269;0;0;0;4.43
0.8000;RULT;1271;0;0;0;4.43
0.8000;RULT;1266;0;0;0;4.43
0.8000;RULT;1261;0;0;0;4.43
0.8000;RULT;1265;0;0;0;4.43
0.8000;ILP;32417;0;0;0;0.00
0.8000;ILP;32611;0;0;0;0.00
0.8000;ILP;31979;0;0;0;0.00
0.8000;ILP;32004;0;0;0;0.00
0.8000;ILP;32375;0;0;0;0.00
0.8000;ILP;31924;0;0;0;0.00
0.8000;ILP;32165;0;0;0;0.00
0.8000;ILP;32590;0;0;0;0.00
0.8000;ILP;32347;0;0;0;0.00
0.8000;ILP;32148;0;0;0;0.00
0.8000;ILP;32358;0;0;0;0.00
0.8000;ILP;32546;0;0;0;0.00
0.8000;ILP;30993;0;0;0;0.00
0.8000;ILP;32426;0;0;0;0.00
0.8000;ILP;32195;0;0;0;0.00
0.8000;ILP;31791;0;0;0;0.00
0.8000;ILP;31997;0;0;0;0.00
0.8000;ILP;31507;0;0;0;0.00
0.8000;ILP;32024;0;0;0;0.00
0.8000;ILP;32060;0;0;0;0.00
0.8000;ILP;38376;0;0;0;0.00
0.8000;ILP;38438;0;0;0;0.00
0.8000;ILP;38157;0;0;0;0.00
0.8000;ILP;38904;0;0;0;0.00
0.8000;ILP;38845;0;0;0;0.00
0.8000;ILP;38602;0;0;0;0.00
0.8000;ILP;38986;0;0;0;0.00
0.8000;ILP;38447;0;0;0;0.00
0.8000;ILP;38835;0;0;0;0.00
0.8000;ILP;38893;0;0;0;0.00
0.8000;ILP;38569;0;0;0;0.00
0.8000;ILP;38821;0;0;0;0.00
0.8000;ILP;38811;0;0;0;0.00
0.8000;ILP;38995;0;0;0;0.00
0.8000;ILP;38979;0;0;0;0.00
0.8000;ILP;38534;0;0;0;0.00
0.8000;ILP;38396;0;0;0;0.00
0.8000;ILP;38835;0;0;0;0.00
0.8000;ILP;38276;0;0;0;0.00
0.8000;ILP;38491;0;0;0;0.00
0.8000;CP;146662;0;0;0;0.00
0.8000;CP;138048;0;0;0;0.00
0.8000;CP;143449;0;0;0;0.00
0.8000;CP;146979;0;0;0;0.00
0.8000;CP;142106;0;0;0;0.00
0.8000;CP;147027;0;0;0;0.00
0.8000;CP;139233;0;0;0;0.00
0.8000;CP;146919;0;0;0;0.00
0.8000;CP;140233;0;0;0;0.00
0.8000;CP;141398;0;0;0;0.00
0.8000;CP;147476;0;0;0;0.00
0.8000;CP;141791;0;0;0;0.00
0.8000;CP;145727;0;0;0;0.00
0.8000;CP;137920;0;0;0;0.00
0.8000;CP;147855;0;0;0;0.00
0.8000;CP;141821;0;0;0;0.00
0.8000;CP;140306;0;0;0;0.00
0.8000;CP;149119;0;0;0;0.00
0.8000;CP;141631;0;0;0;0.00
0.8000;CP;150020;0;0;0;0.00
0.8000;CP;263792;0;0;0;0.00
0.8000;CP;266270;0;0;0;0.00
0.8000;CP;265060;0;0;0;0.00
0.8000;CP;232397;0;0;0;0.00
0.8000;CP;241644;0;0;0;0.00
0.8000;CP;265011;0;0;0;0.00
0.8000;CP;264257;0;0;0;0.00
0.8000;CP;266127;0;0;0;0.00
0.8000;CP;266497;0;0;0;0.00
0.8000;CP;265594;0;0;0;0.00
0.8000;CP;265430;0;0;0;0.00
0.8000;CP;253135;0;0;0;0.00
0.8000;CP;224144;0;0;0;0.00
0.8000;CP;249084;0;0;0;0.00
0.8000;CP;243209;0;0;0;0.00
0.8000;CP;243896;0;0;0;0.00
0.8000;CP;245701;0;0;0;0.00
0.8000;CP;244382;0;0;0;0.00
0.8000;CP;262185;0;0;0;0.00
0.8000;CP;267615;0;0;0;0.00
0.8000;SCP;137194;0;0;0;0.00
0.8000;SCP;136695;0;0;0;0.00
0.8000;SCP;136579;0;0;0;0.00
0.8000;SCP;137305;0;0;0;0.00
0.8000;SCP;135187;0;0;0;0.00
0.8000;SCP;136726;0;0;0;0.00
0.8000;SCP;136005;0;0;0;0.00
0.8000;SCP;136950;0;0;0;0.00
0.8000;SCP;136800;0;0;0;0.00
0.8000;SCP;135907;0;0;0;0.00
0.8000;SCP;138396;0;0;0;0.00
0.8000;SCP;136040;0;0;0;0.00
0.8000;SCP;136878;0;0;0;0.00
0.8000;SCP;137011;0;0;0;0.00
0.8000;SCP;135230;0;0;0;0.00
0.8000;SCP;135337;0;0;0;0.00
0.8000;SCP;134537;0;0;0;0.00
0.8000;SCP;135289;0;0;0;0.00
0.8000;SCP;135858;0;0;0;0.00
0.8000;SCP;135397;0;0;0;0.00
0.8000;SCP;193857;0;0;0;0.00
0.8000;SCP;194110;0;0;0;0.00
0.8000;SCP;195533;0;0;0;0.00
0.8000;SCP;193297;0;0;0;0.00
0.8000;SCP;193467;0;0;0;0.00
0.8000;SCP;195659;0;0;0;0.00
0.8000;SCP;194144;0;0;0;0.00
0.8000;SCP;193778;0;0;0;0.00
0.8000;SCP;194220;0;0;0;0.00
0.8000;SCP;195181;0;0;0;0.00
0.8000;SCP;194523;0;0;0;0.00
0.8000;SCP;194112;0;0;0;0.00
0.8000;SCP;194749;0;0;0;0.00
0.8000;SCP;194867;0;0;0;0.00
0.8000;SCP;193311;0;0;0;0.00
0.8000;SCP;195227;0;0;0;0.00
0.8000;SCP;194966;0;0;0;0.00
0.8000;SCP;194096;0;0;0;0.00
0.8000;SCP;194468;0;0;0;0.00
0.8000;SCP;193909;0;0;0;0.00
0.8000;KAB;446;0;0;0;0.00
0.8000;KAB;93;0;0;0;0.00
0.8000;KAB;91;0;0;0;0.00
0.8000;KAB;91;0;0;0;0.00
0.8000;KAB;92;0;0;0;0.00
0.8000;KAB;90;0;0;0;0.00
0.8000;KAB;92;0;0;0;0.00
0.8000;KAB;91;0;0;0;0.00
0.8000;KAB;97;0;0;0;0.00
0.8000;KAB;97;0;0;0;0.00
0.8000;KAB;94;0;0;0;0.00
0.8000;KAB;93;0;0;0;0.00
0.8000;KAB;94;0;0;0;0.00
0.8000;KAB;93;0;0;0;0.00
0.8000;KAB;92;0;0;0;0.00
0.8000;KAB;92;0;0;0;0.00
0.8000;KAB;91;0;0;0;0.00
0.8000;KAB;100;0;0;0;0.00
0.8000;KAB;92;0;0;0;0.00
0.8000;KAB;92;0;0;0;0.00
0.8000;KAB;397790;0;0;0;0.00
0.8000;KAB;396408;0;0;0;0.00
0.8000;KAB;396277;0;0;0;0.00
0.8000;KAB;396182;0;0;0;0.00
0.8000;KAB;396086;0;0;0;0.00
0.8000;KAB;396483;0;0;0;0.00
0.8000;KAB;396577;0;0;0;0.00
0.8000;KAB;396576;0;0;0;0.00
0.8000;KAB;396743;0;0;0;0.00
0.8000;KAB;395918;0;0;0;0.00
0.8000;KAB;395989;0;0;0;0.00
0.8000;KAB;396005;0;0;0;0.00
0.8000;KAB;395975;0;0;0;0.00
0.8000;KAB;396011;0;0;0;0.00
0.8000;KAB;396012;0;0;0;0.00
0.8000;KAB;397020;0;0;0;0.00
0.8000;KAB;395990;0;0;0;0.00
0.8000;KAB;395448;0;0;0;0.00
0.8000;KAB;395539;0;0;0;0.00
0.8000;KAB;395146;0;0;0;0.00
0.8000;BFDC;117;0;0;0;0.85
0.8000;BFDC;115;0;0;0;0.85
0.8000;BFDC;114;0;0;0;0.85
0.8000;BFDC;119;0;0;0;0.85
0.8000;BFDC;113;0;0;0;0.85
0.8000;BFDC;113;0;0;0;0.85
0.8000;BFDC;113;0;0;0;0.85
0.8000;BFDC;113;0;0;0;0.85
0.8000;BFDC;113;0;0;0;0.85
0.8000;BFDC;113;0;0;0;0.85
0.8000;BFDC;113;0;0;0;0.85
0.8000;BFDC;113;0;0;0;0.85
0.8000;BFDC;114;0;0;0;0.85
0.8000;BFDC;114;0;0;0;0.85
0.8000;BFDC;113;0;0;0;0.85
0.8000;BFDC;113;0;0;0;0.85
0.8000;BFDC;113;0;0;0;0.85
0.8000;BFDC;113;0;0;0;0.85
0.8000;BFDC;113;0;0;0;0.85
0.8000;BFDC;113;0;0;0;0.85
0.8000;BFDC;309;0;0;0;2.26
0.8000;BFDC;307;0;0;0;2.26
0.8000;BFDC;305;0;0;0;2.26
0.8000;BFDC;305;0;0;0;2.26
0.8000;BFDC;305;0;0;0;2.26
0.8000;BFDC;306;0;0;0;2.26
0.8000;BFDC;305;0;0;0;2.26
0.8000;BFDC;306;0;0;0;2.26
0.8000;BFDC;305;0;0;0;2.26
0.8000;BFDC;305;0;0;0;2.26
0.8000;BFDC;305;0;0;0;2.26
0.8000;BFDC;306;0;0;0;2.26
0.8000;BFDC;306;0;0;0;2.26
0.8000;BFDC;306;0;0;0;2.26
0.8000;BFDC;306;0;0;0;2.26
0.8000;BFDC;309;0;0;0;2.26
0.8000;BFDC;306;0;0;0;2.26
0.8000;BFDC;306;0;0;0;2.26
0.8000;BFDC;306;0;0;0;2.26
0.8000;BFDC;306;0;0;0;2.26
0.8000;CRA;52;0;0;0;0.20
0.8000;CRA;41;0;0;0;0.20
0.8000;CRA;38;0;0;0;0.20
0.8000;CRA;38;0;0;0;0.20
0.8000;CRA;38;0;0;0;0.20
0.8000;CRA;37;0;0;0;0.20
0.8000;CRA;37;0;0;0;0.20
0.8000;CRA;37;0;0;0;0.20
0.8000;CRA;37;0;0;0;0.20
0.8000;CRA;37;0;0;0;0.20
0.8000;CRA;37;0;0;0;0.20
0.8000;CRA;37;0;0;0;0.20
0.8000;CRA;37;0;0;0;0.20
0.8000;CRA;37;0;0;0;0.20
0.8000;CRA;37;0;0;0;0.20
0.8000;CRA;37;0;0;0;0.20
0.8000;CRA;36;0;0;0;0.20
0.8000;CRA;37;0;0;0;0.20
0.8000;CRA;37;0;0;0;0.20
0.8000;CRA;37;0;0;0;0.20
0.8000;CRA;14194;0;0;0;35.08
0.8000;CRA;14104;0;0;0;35.08
0.8000;CRA;14116;0;0;0;35.08
0.8000;CRA;14105;0;0;0;35.08
0.8000;CRA;14098;0;0;0;35.08
0.8000;CRA;14108;0;0;0;35.08
0.8000;CRA;14121;0;0;0;35.08
0.8000;CRA;14111;0;0;0;35.08
0.8000;CRA;14108;0;0;0;35.08
0.8000;CRA;14108;0;0;0;35.08
0.8000;CRA;14094;0;0;0;35.08
0.8000;CRA;14107;0;0;0;35.08
0.8000;CRA;14117;0;0;0;35.08
0.8000;CRA;14113;0;0;0;35.08
0.8000;CRA;14120;0;0;0;35.08
0.8000;CRA;14127;0;0;0;35.08
0.8000;CRA;14113;0;0;0;35.08
0.8000;CRA;14117;0;0;0;35.08
0.8000;CRA;14116;0;0;0;35.08
0.8000;CRA;14133;0;0;0;35.08
0.9000;ULT;2000001;0;0;1;618.69
0.9000;ULT;2000000;0;0;1;618.09
0.9000;ULT;2000000;0;0;1;599.82
0.9000;ULT;2000000;0;0;1;593.40
0.9000;ULT;2000000;0;0;1;591.56
0.9000;ULT;2000000;0;0;1;592.28
0.9000;ULT;2000000;0;0;1;593.52
0.9000;ULT;2000001;0;0;1;598.92
0.9000;ULT;2000000;0;0;1;587.54
0.9000;ULT;2000000;0;0;1;589.11
0.9000;ULT;2000001;0;0;1;564.87
0.9000;ULT;2000000;0;0;1;589.49
0.9000;ULT;2000001;0;0;1;589.63
0.9000;ULT;2000001;0;0;1;589.68
0.9000;ULT;2000000;0;0;1;589.62
0.9000;ULT;2000000;0;0;1;589.68
0.9000;ULT;2000001;0;0;1;589.64
0.9000;ULT;2000001;0;0;1;589.59
0.9000;ULT;2000001;0;0;1;595.45
0.9000;ULT;2000001;0;0;1;590.10
0.9000;ULT;283700;0;0;0;84.05
0.9000;ULT;282871;0;0;0;84.05
0.9000;ULT;276153;0;0;0;84.05
0.9000;ULT;283943;0;0;0;84.05
0.9000;ULT;284471;0;0;0;84.05
0.9000;ULT;282769;0;0;0;84.05
0.9000;ULT;279528;0;0;0;84.05
0.9000;ULT;284119;0;0;0;84.05
0.9000;ULT;283192;0;0;0;84.05
0.9000;ULT;284036;0;0;0;84.05
0.9000;ULT;283062;0;0;0;84.05
0.9000;ULT;285144;0;0;0;84.05
0.9000;ULT;283170;0;0;0;84.05
0.9000;ULT;282333;0;0;0;84.05
0.9000;ULT;285101;0;0;0;84.05
0.9000;ULT;283830;0;0;0;84.05
0.9000;ULT;284119;0;0;0;84.05
0.9000;ULT;279254;0;0;0;84.05
0.9000;ULT;284005;0;0;0;84.05
0.9000;ULT;284948;0;0;0;84.05
0.9000;RULT;106;0;0;0;1.15
0.9000;RULT;105;0;0;0;1.15
0.9000;RULT;105;0;0;0;1.15
0.9000;RULT;104;0;0;0;1.15
0.9000;RULT;105;0;0;0;1.15
0.9000;RULT;105;0;0;0;1.15
0.9000;RULT;107;0;0;0;1.15
0.9000;RULT;105;0;0;0;1.15
0.9000;RULT;105;0;0;0;1.15
0.9000;RULT;105;0;0;0;1.15
0.9000;RULT;105;0;0;0;1.15
0.9000;RULT;105;0;0;0;1.15
0.9000;RULT;104;0;0;0;1.15
0.9000;RULT;105;0;0;0;1.15
0.9000;RULT;105;0;0;0;1.15
0.9000;RULT;106;0;0;0;1.15
0.9000;RULT;105;0;0;0;1.15
0.9000;RULT;105;0;0;0;1.15
0.9000;RULT;104;0;0;0;1.15
0.9000;RULT;105;0;0;0;1.15
0.9000;RULT;30;0;0;0;0.25
0.9000;RULT;29;0;0;0;0.25
0.9000;RULT;29;0;0;0;0.25
0.9000;RULT;29;0;0;0;0.25
0.9000;RULT;29;0;0;0;0.25
0.9000;RULT;29;0;0;0;0.25
0.9000;RULT;29;0;0;0;0.25
0.9000;RULT;29;0;0;0;0.25
0.9000;RULT;29;0;0;0;0.25
0.9000;RULT;29;0;0;0;0.25
0.9000;RULT;29;0;0;0;0.25
0.9000;RULT;29;0;0;0;0.25
0.9000;RULT;29;0;0;0;0.25
0.9000;RULT;29;0;0;0;0.25
0.9000;RULT;29;0;0;0;0.25
0.9000;RULT;35;0;0;0;0.25
0.9000;RULT;29;0;0;0;0.25
0.9000;RULT;29;0;0;0;0.25
0.9000;RULT;29;0;0;0;0.25
0.9000;RULT;29;0;0;0;0.25
0.9000;ILP;34879;0;0;0;0.00
0.9000;ILP;34314;0;0;0;0.00
0.9000;ILP;34142;0;0;0;0.00
0.9000;ILP;35190;0;0;0;0.00
0.9000;ILP;33924;0;0;0;0.00
0.9000;ILP;34382;0;0;0;0.00
0.9000;ILP;33997;0;0;0;0.00
0.9000;ILP;34281;0;0;0;0.00
0.9000;ILP;33682;0;0;0;0.00
0.9000;ILP;34548;0;0;0;0.00
0.9000;ILP;34150;0;0;0;0.00
0.9000;ILP;33929;0;0;0;0.00
0.9000;ILP;33984;0;0;0;0.00
0.9000;ILP;34409;0;0;0;0.00
0.9000;ILP;34122;0;0;0;0.00
0.9000;ILP;33960;0;0;0;0.00
0.9000;ILP;34074;0;0;0;0.00
0.9000;ILP;34182;0;0;0;0.00
0.9000;ILP;34550;0;0;0;0.00
0.9000;ILP;35020;0;0;0;0.00
0.9000;ILP;34531;0;0;0;0.00
0.9000;ILP;33773;0;0;0;0.00
0.9000;ILP;34437;0;0;0;0.00
0.9000;ILP;33906;0;0;0;0.00
0.9000;ILP;33596;0;0;0;0.00
0.9000;ILP;33430;0;0;0;0.00
0.9000;ILP;34025;0;0;0;0.00
0.9000;ILP;34140;0;0;0;0.00
0.9000;ILP;34435;0;0;0;0.00
0.9000;ILP;34003;0;0;0;0.00
0.9000;ILP;34643;0;0;0;0.00
0.9000;ILP;33681;0;0;0;0.00
0.9000;ILP;34570;0;0;0;0.00
0.9000;ILP;33747;0;0;0;0.00
0.9000;ILP;34299;0;0;0;0.00
0.9000;ILP;34371;0;0;0;0.00
0.9000;ILP;34097;0;0;0;0.00
0.9000;ILP;34083;0;0;0;0.00
0.9000;ILP;34483;0;0;0;0.00
0.9000;ILP;34166;0;0;0;0.00
0.9000;CP;297662;0;0;0;0.00
0.9000;CP;294251;0;0;0;0.00
0.9000;CP;275807;0;0;0;0.00
0.9000;CP;271070;0;0;0;0.00
0.9000;CP;275274;0;0;0;0.00
0.9000;CP;269545;0;0;0;0.00
0.9000;CP;273979;0;0;0;0.00
0.9000;CP;273848;0;0;0;0.00
0.9000;CP;274849;0;0;0;0.00
0.9000;CP;274458;0;0;0;0.00
0.9000;CP;274010;0;0;0;0.00
0.9000;CP;273061;0;0;0;0.00
0.9000;CP;269054;0;0;0;0.00
0.9000;CP;271540;0;0;0;0.00
0.9000;CP;273789;0;0;0;0.00
0.9000;CP;267739;0;0;0;0.00
0.9000;CP;248838;0;0;0;0.00
0.9000;CP;248289;0;0;0;0.00
0.9000;CP;248263;0;0;0;0.00
0.9000;CP;247402;0;0;0;0.00
0.9000;CP;161737;0;0;0;0.00
0.9000;CP;162220;0;0;0;0.00
0.9000;CP;162502;0;0;0;0.00
0.9000;CP;161256;0;0;0;0.00
0.9000;CP;161418;0;0;0;0.00
0.9000;CP;161117;0;0;0;0.00
0.9000;CP;161758;0;0;0;0.00
0.9000;CP;162781;0;0;0;0.00
0.9000;CP;161520;0;0;0;0.00
0.9000;CP;143988;0;0;0;0.00
0.9000;CP;138660;0;0;0;0.00
0.9000;CP;162287;0;0;0;0.00
0.9000;CP;161904;0;0;0;0.00
0.9000;CP;162549;0;0;0;0.00
0.9000;CP;161464;0;0;0;0.00
0.9000;CP;162183;0;0;0;0.00
0.9000;CP;161240;0;0;0;0.00
0.9000;CP;162585;0;0;0;0.00
0.9000;CP;163085;0;0;0;0.00
0.9000;CP;161546;0;0;0;0.00
0.9000;SCP;254909;0;0;0;0.00
0.9000;SCP;249842;0;0;0;0.00
0.9000;SCP;249506;0;0;0;0.00
0.9000;SCP;249662;0;0;0;0.00
0.9000;SCP;255123;0;0;0;0.00
0.9000;SCP;249513;0;0;0;0.00
0.9000;SCP;249049;0;0;0;0.00
0.9000;SCP;254541;0;0;0;0.00
0.9000;SCP;249484;0;0;0;0.00
0.9000;SCP;250839;0;0;0;0.00
0.9000;SCP;254673;0;0;0;0.00
0.9000;SCP;250352;0;0;0;0.00
0.9000;SCP;250965;0;0;0;0.00
0.9000;SCP;249476;0;0;0;0.00
0.9000;SCP;254846;0;0;0;0.00
0.9000;SCP;248947;0;0;0;0.00
0.9000;SCP;254592;0;0;0;0.00
0.9000;SCP;248864;0;0;0;0.00
0.9000;SCP;249649;0;0;0;0.00
0.9000;SCP;248541;0;0;0;0.00
0.9000;SCP;175712;0;0;0;0.00
0.9000;SCP;173869;0;0;0;0.00
0.9000;SCP;171441;0;0;0;0.00
0.9000;SCP;175019;0;0;0;0.00
0.9000;SCP;175040;0;0;0;0.00
0.9000;SCP;175708;0;0;0;0.00
0.9000;SCP;174494;0;0;0;0.00
0.9000;SCP;171321;0;0;0;0.00
0.9000;SCP;175587;0;0;0;0.00
0.9000;SCP;175556;0;0;0;0.00
0.9000;SCP;174570;0;0;0;0.00
0.9000;SCP;175486;0;0;0;0.00
0.9000;SCP;174924;0;0;0;0.00
0.9000;SCP;174673;0;0;0;0.00
0.9000;SCP;177589;0;0;0;0.00
0.9000;SCP;174357;0;0;0;0.00
0.9000;SCP;174460;0;0;0;0.00
0.9000;SCP;174430;0;0;0;0.00
0.9000;SCP;165145;0;0;0;0.00
0.9000;SCP;171802;0;0;0;0.00
0.9000;KAB;434;0;0;0;0.00
0.9000;KAB;93;0;0;0;0.00
0.9000;KAB;91;0;0;0;0.00
0.9000;KAB;91;0;0;0;0.00
0.9000;KAB;96;0;0;0;0.00
0.9000;KAB;91;0;0;0;0.00
0.9000;KAB;90;0;0;0;0.00
0.9000;KAB;90;0;0;0;0.00
0.9000;KAB;89;0;0;0;0.00
0.9000;KAB;90;0;0;0;0.00
0.9000;KAB;90;0;0;0;0.00
0.9000;KAB;89;0;0;0;0.00
0.9000;KAB;91;0;0;0;0.00
0.9000;KAB;95;0;0;0;0.00
0.9000;KAB;94;0;0;0;0.00
0.9000;KAB;90;0;0;0;0.00
0.9000;KAB;89;0;0;0;0.00
0.9000;KAB;90;0;0;0;0.00
0.9000;KAB;90;0;0;0;0.00
0.9000;KAB;89;0;0;0;0.00
0.9000;KAB;355;0;0;0;0.00
0.9000;KAB;18;0;0;0;0.00
0.9000;KAB;16;0;0;0;0.00
0.9000;KAB;16;0;0;0;0.00
0.9000;KAB;16;0;0;0;0.00
0.9000;KAB;15;0;0;0;0.00
0.9000;KAB;15;0;0;0;0.00
0.9000;KAB;16;0;0;0;0.00
0.9000;KAB;16;0;0;0;0.00
0.9000;KAB;16;0;0;0;0.00
0.9000;KAB;16;0;0;0;0.00
0.9000;KAB;15;0;0;0;0.00
0.9000;KAB;16;0;0;0;0.00
0.9000;KAB;16;0;0;0;0.00
0.9000;KAB;16;0;0;0;0.00
0.9000;KAB;15;0;0;0;0.00
0.9000;KAB;15;0;0;0;0.00
0.9000;KAB;15;0;0;0;0.00
0.9000;KAB;15;0;0;0;0.00
0.9000;KAB;15;0;0;0;0.00
0.9000;BFDC;215;0;0;0;1.65
0.9000;BFDC;213;0;0;0;1.65
0.9000;BFDC;213;0;0;0;1.65
0.9000;BFDC;212;0;0;0;1.65
0.9000;BFDC;212;0;0;0;1.65
0.9000;BFDC;211;0;0;0;1.65
0.9000;BFDC;211;0;0;0;1.65
0.9000;BFDC;211;0;0;0;1.65
0.9000;BFDC;211;0;0;0;1.65
0.9000;BFDC;211;0;0;0;1.65
0.9000;BFDC;216;0;0;0;1.65
0.9000;BFDC;212;0;0;0;1.65
0.9000;BFDC;212;0;0;0;1.65
0.9000;BFDC;211;0;0;0;1.65
0.9000;BFDC;212;0;0;0;1.65
0.9000;BFDC;211;0;0;0;1.65
0.9000;BFDC;212;0;0;0;1.65
0.9000;BFDC;212;0;0;0;1.65
0.9000;BFDC;211;0;0;0;1.65
0.9000;BFDC;212;0;0;0;1.65
0.9000;BFDC;48;0;0;0;0.30
0.9000;BFDC;47;0;0;0;0.30
0.9000;BFDC;46;0;0;0;0.30
0.9000;BFDC;46;0;0;0;0.30
0.9000;BFDC;46;0;0;0;0.30
0.9000;BFDC;45;0;0;0;0.30
0.9000;BFDC;45;0;0;0;0.30
0.9000;BFDC;45;0;0;0;0.30
0.9000;BFDC;52;0;0;0;0.30
0.9000;BFDC;45;0;0;0;0.30
0.9000;BFDC;45;0;0;0;0.30
0.9000;BFDC;45;0;0;0;0.30
0.9000;BFDC;46;0;0;0;0.30
0.9000;BFDC;46;0;0;0;0.30
0.9000;BFDC;45;0;0;0;0.30
0.9000;BFDC;45;0;0;0;0.30
0.9000;BFDC;45;0;0;0;0.30
0.9000;BFDC;45;0;0;0;0.30
0.9000;BFDC;45;0;0;0;0.30
0.9000;BFDC;46;0;0;0;0.30
0.9000;CRA;114;0;0;0;0.83
0.9000;CRA;108;0;0;0;0.83
0.9000;CRA;107;0;0;0;0.83
0.9000;CRA;105;0;0;0;0.83
0.9000;CRA;105;0;0;0;0.83
0.9000;CRA;104;0;0;0;0.83
0.9000;CRA;103;0;0;0;0.83
0.9000;CRA;103;0;0;0;0.83
0.9000;CRA;103;0;0;0;0.83
0.9000;CRA;104;0;0;0;0.83
0.9000;CRA;104;0;0;0;0.83
0.9000;CRA;104;0;0;0;0.83
0.9000;CRA;103;0;0;0;0.83
0.9000;CRA;103;0;0;0;0.83
0.9000;CRA;103;0;0;0;0.83
0.9000;CRA;103;0;0;0;0.83
0.9000;CRA;103;0;0;0;0.83
0.9000;CRA;103;0;0;0;0.83
0.9000;CRA;103;0;0;0;0.83
0.9000;CRA;102;0;0;0;0.83
0.9000;CRA;35;0;0;0;0.05
0.9000;CRA;25;0;0;0;0.05
0.9000;CRA;24;0;0;0;0.05
0.9000;CRA;24;0;0;0;0.05
0.9000;CRA;24;0;0;0;0.05
0.9000;CRA;24;0;0;0;0.05
0.9000;CRA;24;0;0;0;0.05
0.9000;CRA;24;0;0;0;0.05
0.9000;CRA;24;0;0;0;0.05
0.9000;CRA;24;0;0;0;0.05
0.9000;CRA;24;0;0;0;0.05
0.9000;CRA;24;0;0;0;0.05
0.9000;CRA;24;0;0;0;0.05
0.9000;CRA;24;0;0;0;0.05
0.9000;CRA;24;0;0;0;0.05
0.9000;CRA;24;0;0;0;0.05
0.9000;CRA;24;0;0;0;0.05
0.9000;CRA;24;0;0;0;0.05
0.9000;CRA;24;0;0;0;0.05
0.9000;CRA;24;0;0;0;0.05
