Size;Method;Time;Status;Solution;Timeout;Scans
400;ULT;288439;1;1;0;2039.63
400;ULT;290344;1;1;0;2039.63
400;ULT;289724;1;1;0;2039.63
400;ULT;290096;1;1;0;2039.63
400;ULT;290378;1;1;0;2039.63
400;ULT;288762;1;1;0;2039.63
400;ULT;290151;1;1;0;2039.63
400;ULT;290292;1;1;0;2039.63
400;ULT;290327;1;1;0;2039.63
400;ULT;289622;1;1;0;2039.63
400;ULT;288970;1;1;0;2039.63
400;ULT;288951;1;1;0;2039.63
400;ULT;288685;1;1;0;2039.63
400;ULT;288665;1;1;0;2039.63
400;ULT;288773;1;1;0;2039.63
400;ULT;288560;1;1;0;2039.63
400;ULT;288668;1;1;0;2039.63
400;ULT;288951;1;1;0;2039.63
400;ULT;289223;1;1;0;2039.63
400;ULT;289160;1;1;0;2039.63
400;ULT;174703;1;1;0;1223.81
400;ULT;174620;1;1;0;1223.81
400;ULT;174330;1;1;0;1223.81
400;ULT;174746;1;1;0;1223.81
400;ULT;174244;1;1;0;1223.81
400;ULT;173884;1;1;0;1223.81
400;ULT;174645;1;1;0;1223.81
400;ULT;174370;1;1;0;1223.81
400;ULT;174256;1;1;0;1223.81
400;ULT;174623;1;1;0;1223.81
400;ULT;173918;1;1;0;1223.81
400;ULT;174262;1;1;0;1223.81
400;ULT;173502;1;1;0;1223.81
400;ULT;174675;1;1;0;1223.81
400;ULT;174299;1;1;0;1223.81
400;ULT;174182;1;1;0;1223.81
400;ULT;174288;1;1;0;1223.81
400;ULT;174672;1;1;0;1223.81
400;ULT;174710;1;1;0;1223.81
400;ULT;173433;1;1;0;1223.81
400;ULT;288353;1;1;0;2039.74
400;ULT;288761;1;1;0;2039.74
400;ULT;289160;1;1;0;2039.74
400;ULT;289458;1;1;0;2039.74
400;ULT;289314;1;1;0;2039.74
400;ULT;289433;1;1;0;2039.74
400;ULT;288880;1;1;0;2039.74
400;ULT;289652;1;1;0;2039.74
400;ULT;288487;1;1;0;2039.74
400;ULT;289107;1;1;0;2039.74
400;ULT;289478;1;1;0;2039.74
400;ULT;287780;1;1;0;2039.74
400;ULT;289529;1;1;0;2039.74
400;ULT;288544;1;1;0;2039.74
400;ULT;289474;1;1;0;2039.74
400;ULT;288204;1;1;0;2039.74
400;ULT;289583;1;1;0;2039.74
400;ULT;288394;1;1;0;2039.74
400;ULT;289498;1;1;0;2039.74
400;ULT;288710;1;1;0;2039.74
400;RULT;582;1;1;0;8.99
400;RULT;575;1;1;0;8.99
400;RULT;575;1;1;0;8.99
400;RULT;574;1;1;0;8.99
400;RULT;575;1;1;0;8.99
400;RULT;575;1;1;0;8.99
400;RULT;580;1;1;0;8.99
400;RULT;576;1;1;0;8.99
400;RULT;582;1;1;0;8.99
400;RULT;575;1;1;0;8.99
400;RULT;574;1;1;0;8.99
400;RULT;579;1;1;0;8.99
400;RULT;578;1;1;0;8.99
400;RULT;578;1;1;0;8.99
400;RULT;574;1;1;0;8.99
400;RULT;575;1;1;0;8.99
400;RULT;577;1;1;0;8.99
400;RULT;584;1;1;0;8.99
400;RULT;577;1;1;0;8.99
400;RULT;575;1;1;0;8.99
400;RULT;386;1;1;0;6.55
400;RULT;389;1;1;0;6.55
400;RULT;385;1;1;0;6.55
400;RULT;384;1;1;0;6.55
400;RULT;385;1;1;0;6.55
400;RULT;385;1;1;0;6.55
400;RULT;387;1;1;0;6.55
400;RULT;382;1;1;0;6.55
400;RULT;385;1;1;0;6.55
400;RULT;385;1;1;0;6.55
400;RULT;386;1;1;0;6.55
400;RULT;387;1;1;0;6.55
400;RULT;383;1;1;0;6.55
400;RULT;388;1;1;0;6.55
400;RULT;384;1;1;0;6.55
400;RULT;386;1;1;0;6.55
400;RULT;385;1;1;0;6.55
400;RULT;383;1;1;0;6.55
400;RULT;385;1;1;0;6.55
400;RULT;387;1;1;0;6.55
400;RULT;507;1;1;0;8.52
400;RULT;510;1;1;0;8.52
400;RULT;507;1;1;0;8.52
400;RULT;507;1;1;0;8.52
400;RULT;507;1;1;0;8.52
400;RULT;505;1;1;0;8.52
400;RULT;507;1;1;0;8.52
400;RULT;507;1;1;0;8.52
400;RULT;505;1;1;0;8.52
400;RULT;514;1;1;0;8.52
400;RULT;508;1;1;0;8.52
400;RULT;504;1;1;0;8.52
400;RULT;509;1;1;0;8.52
400;RULT;508;1;1;0;8.52
400;RULT;506;1;1;0;8.52
400;RULT;510;1;1;0;8.52
400;RULT;507;1;1;0;8.52
400;RULT;507;1;1;0;8.52
400;RULT;507;1;1;0;8.52
400;RULT;507;1;1;0;8.52
400;ILP;24436;1;1;0;0.00
400;ILP;20432;1;1;0;0.00
400;ILP;20458;1;1;0;0.00
400;ILP;20374;1;1;0;0.00
400;ILP;20097;1;1;0;0.00
400;ILP;20293;1;1;0;0.00
400;ILP;20403;1;1;0;0.00
400;ILP;20267;1;1;0;0.00
400;ILP;20187;1;1;0;0.00
400;ILP;20199;1;1;0;0.00
400;ILP;20267;1;1;0;0.00
400;ILP;20239;1;1;0;0.00
400;ILP;20182;1;1;0;0.00
400;ILP;20346;1;1;0;0.00
400;ILP;20399;1;1;0;0.00
400;ILP;20428;1;1;0;0.00
400;ILP;20153;1;1;0;0.00
400;ILP;20254;1;1;0;0.00
400;ILP;20273;1;1;0;0.00
400;ILP;20292;1;1;0;0.00
400;ILP;25694;1;1;0;0.00
400;ILP;20250;1;1;0;0.00
400;ILP;19966;1;1;0;0.00
400;ILP;19983;1;1;0;0.00
400;ILP;19961;1;1;0;0.00
400;ILP;20101;1;1;0;0.00
400;ILP;19886;1;1;0;0.00
400;ILP;20064;1;1;0;0.00
400;ILP;19980;1;1;0;0.00
400;ILP;19998;1;1;0;0.00
400;ILP;19869;1;1;0;0.00
400;ILP;19903;1;1;0;0.00
400;ILP;19965;1;1;0;0.00
400;ILP;19924;1;1;0;0.00
400;ILP;20004;1;1;0;0.00
400;ILP;19887;1;1;0;0.00
400;ILP;20083;1;1;0;0.00
400;ILP;20009;1;1;0;0.00
400;ILP;19990;1;1;0;0.00
400;ILP;20457;1;1;0;0.00
400;ILP;24856;1;1;0;0.00
400;ILP;19028;1;1;0;0.00
400;ILP;18758;1;1;0;0.00
400;ILP;18499;1;1;0;0.00
400;ILP;18859;1;1;0;0.00
400;ILP;18903;1;1;0;0.00
400;ILP;18541;1;1;0;0.00
400;ILP;18526;1;1;0;0.00
400;ILP;18791;1;1;0;0.00
400;ILP;18680;1;1;0;0.00
400;ILP;18807;1;1;0;0.00
400;ILP;18550;1;1;0;0.00
400;ILP;18677;1;1;0;0.00
400;ILP;18695;1;1;0;0.00
400;ILP;18734;1;1;0;0.00
400;ILP;18761;1;1;0;0.00
400;ILP;18768;1;1;0;0.00
400;ILP;18698;1;1;0;0.00
400;ILP;18860;1;1;0;0.00
400;ILP;18648;1;1;0;0.00
400;CP;80309;1;1;0;0.00
400;CP;76583;1;1;0;0.00
400;CP;76921;1;1;0;0.00
400;CP;76312;1;1;0;0.00
400;CP;76511;1;1;0;0.00
400;CP;76215;1;1;0;0.00
400;CP;76594;1;1;0;0.00
400;CP;76518;1;1;0;0.00
400;CP;76792;1;1;0;0.00
400;CP;76818;1;1;0;0.00
400;CP;76165;1;1;0;0.00
400;CP;76387;1;1;0;0.00
400;CP;76476;1;1;0;0.00
400;CP;76140;1;1;0;0.00
400;CP;76957;1;1;0;0.00
400;CP;76914;1;1;0;0.00
400;CP;76840;1;1;0;0.00
400;CP;76724;1;1;0;0.00
400;CP;77004;1;1;0;0.00
400;CP;76727;1;1;0;0.00
400;CP;71598;1;1;0;0.00
400;CP;69689;1;1;0;0.00
400;CP;69691;1;1;0;0.00
400;CP;69274;1;1;0;0.00
400;CP;68937;1;1;0;0.00
400;CP;69547;1;1;0;0.00
400;CP;69690;1;1;0;0.00
400;CP;70608;1;1;0;0.00
400;CP;69462;1;1;0;0.00
400;CP;69280;1;1;0;0.00
400;CP;69346;1;1;0;0.00
400;CP;69747;1;1;0;0.00
400;CP;69933;1;1;0;0.00
400;CP;69855;1;1;0;0.00
400;CP;70121;1;1;0;0.00
400;CP;69186;1;1;0;0.00
400;CP;69406;1;1;0;0.00
400;CP;69133;1;1;0;0.00
400;CP;69187;1;1;0;0.00
400;CP;69453;1;1;0;0.00
400;CP;73146;1;1;0;0.00
400;CP;72575;1;1;0;0.00
400;CP;72983;1;1;0;0.00
400;CP;73387;1;1;0;0.00
400;CP;73260;1;1;0;0.00
400;CP;71974;1;1;0;0.00
400;CP;72241;1;1;0;0.00
400;CP;71992;1;1;0;0.00
400;CP;72180;1;1;0;0.00
400;CP;72402;1;1;0;0.00
400;CP;72251;1;1;0;0.00
400;CP;72006;1;1;0;0.00
400;CP;72110;1;1;0;0.00
400;CP;72181;1;1;0;0.00
400;CP;72982;1;1;0;0.00
400;CP;71806;1;1;0;0.00
400;CP;72181;1;1;0;0.00
400;CP;72081;1;1;0;0.00
400;CP;72117;1;1;0;0.00
400;CP;72199;1;1;0;0.00
400;SCP;105467;1;1;0;0.00
400;SCP;105234;1;1;0;0.00
400;SCP;105663;1;1;0;0.00
400;SCP;101444;1;1;0;0.00
400;SCP;101413;1;1;0;0.00
400;SCP;101343;1;1;0;0.00
400;SCP;101096;1;1;0;0.00
400;SCP;101318;1;1;0;0.00
400;SCP;101687;1;1;0;0.00
400;SCP;101127;1;1;0;0.00
400;SCP;101539;1;1;0;0.00
400;SCP;101420;1;1;0;0.00
400;SCP;101440;1;1;0;0.00
400;SCP;101073;1;1;0;0.00
400;SCP;101519;1;1;0;0.00
400;SCP;101628;1;1;0;0.00
400;SCP;101540;1;1;0;0.00
400;SCP;101232;1;1;0;0.00
400;SCP;95468;1;1;0;0.00
400;SCP;94907;1;1;0;0.00
400;SCP;47873;1;1;0;0.00
400;SCP;48119;1;1;0;0.00
400;SCP;48115;1;1;0;0.00
400;SCP;47098;1;1;0;0.00
400;SCP;47788;1;1;0;0.00
400;SCP;47719;1;1;0;0.00
400;SCP;47493;1;1;0;0.00
400;SCP;48129;1;1;0;0.00
400;SCP;47630;1;1;0;0.00
400;SCP;47527;1;1;0;0.00
400;SCP;47932;1;1;0;0.00
400;SCP;48295;1;1;0;0.00
400;SCP;48235;1;1;0;0.00
400;SCP;47482;1;1;0;0.00
400;SCP;47473;1;1;0;0.00
400;SCP;47154;1;1;0;0.00
400;SCP;47573;1;1;0;0.00
400;SCP;47860;1;1;0;0.00
400;SCP;47754;1;1;0;0.00
400;SCP;48076;1;1;0;0.00
400;SCP;74416;1;1;0;0.00
400;SCP;74470;1;1;0;0.00
400;SCP;74550;1;1;0;0.00
400;SCP;72952;1;1;0;0.00
400;SCP;73953;1;1;0;0.00
400;SCP;72676;1;1;0;0.00
400;SCP;74293;1;1;0;0.00
400;SCP;74110;1;1;0;0.00
400;SCP;74021;1;1;0;0.00
400;SCP;74128;1;1;0;0.00
400;SCP;72600;1;1;0;0.00
400;SCP;72587;1;1;0;0.00
400;SCP;73952;1;1;0;0.00
400;SCP;72430;1;1;0;0.00
400;SCP;74208;1;1;0;0.00
400;SCP;72334;1;1;0;0.00
400;SCP;71741;1;1;0;0.00
400;SCP;71605;1;1;0;0.00
400;SCP;74005;1;1;0;0.00
400;SCP;73998;1;1;0;0.00
400;KAB;16281;1;1;0;0.00
400;KAB;15922;1;1;0;0.00
400;KAB;16207;1;1;0;0.00
400;KAB;16071;1;1;0;0.00
400;KAB;16711;1;1;0;0.00
400;KAB;16706;1;1;0;0.00
400;KAB;16489;1;1;0;0.00
400;KAB;16739;1;1;0;0.00
400;KAB;16744;1;1;0;0.00
400;KAB;16615;1;1;0;0.00
400;KAB;16194;1;1;0;0.00
400;KAB;16687;1;1;0;0.00
400;KAB;16612;1;1;0;0.00
400;KAB;16644;1;1;0;0.00
400;KAB;16385;1;1;0;0.00
400;KAB;16545;1;1;0;0.00
400;KAB;16400;1;1;0;0.00
400;KAB;16717;1;1;0;0.00
400;KAB;16521;1;1;0;0.00
400;KAB;16644;1;1;0;0.00
400;KAB;17173;1;1;0;0.00
400;KAB;17430;1;1;0;0.00
400;KAB;17796;1;1;0;0.00
400;KAB;17749;1;1;0;0.00
400;KAB;17909;1;1;0;0.00
400;KAB;17457;1;1;0;0.00
400;KAB;17900;1;1;0;0.00
400;KAB;17852;1;1;0;0.00
400;KAB;17889;1;1;0;0.00
400;KAB;17834;1;1;0;0.00
400;KAB;17888;1;1;0;0.00
400;KAB;17882;1;1;0;0.00
400;KAB;17926;1;1;0;0.00
400;KAB;17881;1;1;0;0.00
400;KAB;17893;1;1;0;0.00
400;KAB;17919;1;1;0;0.00
400;KAB;17873;1;1;0;0.00
400;KAB;17851;1;1;0;0.00
400;KAB;17849;1;1;0;0.00
400;KAB;17874;1;1;0;0.00
400;KAB;15605;1;1;0;0.00
400;KAB;16161;1;1;0;0.00
400;KAB;16298;1;1;0;0.00
400;KAB;15526;1;1;0;0.00
400;KAB;16238;1;1;0;0.00
400;KAB;16324;1;1;0;0.00
400;KAB;16309;1;1;0;0.00
400;KAB;15573;1;1;0;0.00
400;KAB;16320;1;1;0;0.00
400;KAB;16464;1;1;0;0.00
400;KAB;16309;1;1;0;0.00
400;KAB;16321;1;1;0;0.00
400;KAB;16317;1;1;0;0.00
400;KAB;16311;1;1;0;0.00
400;KAB;16367;1;1;0;0.00
400;KAB;16363;1;1;0;0.00
400;KAB;16309;1;1;0;0.00
400;KAB;16317;1;1;0;0.00
400;KAB;16312;1;1;0;0.00
400;KAB;16365;1;1;0;0.00
400;BFDC;68;1;1;0;2.70
400;BFDC;65;1;1;0;2.70
400;BFDC;63;1;1;0;2.70
400;BFDC;62;1;1;0;2.70
400;BFDC;62;1;1;0;2.70
400;BFDC;62;1;1;0;2.70
400;BFDC;61;1;1;0;2.70
400;BFDC;61;1;1;0;2.70
400;BFDC;61;1;1;0;2.70
400;BFDC;61;1;1;0;2.70
400;BFDC;61;1;1;0;2.70
400;BFDC;61;1;1;0;2.70
400;BFDC;61;1;1;0;2.70
400;BFDC;61;1;1;0;2.70
400;BFDC;61;1;1;0;2.70
400;BFDC;60;1;1;0;2.70
400;BFDC;60;1;1;0;2.70
400;BFDC;60;1;1;0;2.70
400;BFDC;61;1;1;0;2.70
400;BFDC;61;1;1;0;2.70
400;BFDC;67;1;1;0;2.72
400;BFDC;65;1;1;0;2.72
400;BFDC;65;1;1;0;2.72
400;BFDC;64;1;1;0;2.72
400;BFDC;63;1;1;0;2.72
400;BFDC;63;1;1;0;2.72
400;BFDC;63;1;1;0;2.72
400;BFDC;63;1;1;0;2.72
400;BFDC;62;1;1;0;2.72
400;BFDC;62;1;1;0;2.72
400;BFDC;62;1;1;0;2.72
400;BFDC;62;1;1;0;2.72
400;BFDC;62;1;1;0;2.72
400;BFDC;61;1;1;0;2.72
400;BFDC;62;1;1;0;2.72
400;BFDC;62;1;1;0;2.72
400;BFDC;62;1;1;0;2.72
400;BFDC;62;1;1;0;2.72
400;BFDC;62;1;1;0;2.72
400;BFDC;62;1;1;0;2.72
400;BFDC;64;1;1;0;2.56
400;BFDC;62;1;1;0;2.56
400;BFDC;61;1;1;0;2.56
400;BFDC;61;1;1;0;2.56
400;BFDC;61;1;1;0;2.56
400;BFDC;61;1;1;0;2.56
400;BFDC;61;1;1;0;2.56
400;BFDC;60;1;1;0;2.56
400;BFDC;61;1;1;0;2.56
400;BFDC;61;1;1;0;2.56
400;BFDC;61;1;1;0;2.56
400;BFDC;60;1;1;0;2.56
400;BFDC;61;1;1;0;2.56
400;BFDC;61;1;1;0;2.56
400;BFDC;61;1;1;0;2.56
400;BFDC;61;1;1;0;2.56
400;BFDC;61;1;1;0;2.56
400;BFDC;61;1;1;0;2.56
400;BFDC;61;1;1;0;2.56
400;BFDC;60;1;1;0;2.56
400;CRA;4811;1;1;0;67.96
400;CRA;4756;1;1;0;67.96
400;CRA;4750;1;1;0;67.96
400;CRA;4755;1;1;0;67.96
400;CRA;4747;1;1;0;67.96
400;CRA;4752;1;1;0;67.96
400;CRA;4759;1;1;0;67.96
400;CRA;4752;1;1;0;67.96
400;CRA;4754;1;1;0;67.96
400;CRA;4756;1;1;0;67.96
400;CRA;4759;1;1;0;67.96
400;CRA;4757;1;1;0;67.96
400;CRA;4761;1;1;0;67.96
400;CRA;4756;1;1;0;67.96
400;CRA;4753;1;1;0;67.96
400;CRA;4763;1;1;0;67.96
400;CRA;4753;1;1;0;67.96
400;CRA;4756;1;1;0;67.96
400;CRA;4761;1;1;0;67.96
400;CRA;4757;1;1;0;67.96
400;CRA;591;1;1;0;9.57
400;CRA;574;1;1;0;9.57
400;CRA;572;1;1;0;9.57
400;CRA;575;1;1;0;9.57
400;CRA;573;1;1;0;9.57
400;CRA;570;1;1;0;9.57
400;CRA;573;1;1;0;9.57
400;CRA;573;1;1;0;9.57
400;CRA;572;1;1;0;9.57
400;CRA;578;1;1;0;9.57
400;CRA;574;1;1;0;9.57
400;CRA;572;1;1;0;9.57
400;CRA;570;1;1;0;9.57
400;CRA;573;1;1;0;9.57
400;CRA;574;1;1;0;9.57
400;CRA;573;1;1;0;9.57
400;CRA;577;1;1;0;9.57
400;CRA;575;1;1;0;9.57
400;CRA;576;1;1;0;9.57
400;CRA;571;1;1;0;9.57
400;CRA;2823;1;1;0;40.71
400;CRA;2787;1;1;0;40.71
400;CRA;2781;1;1;0;40.71
400;CRA;2775;1;1;0;40.71
400;CRA;2778;1;1;0;40.71
400;CRA;2784;1;1;0;40.71
400;CRA;2777;1;1;0;40.71
400;CRA;2779;1;1;0;40.71
400;CRA;2779;1;1;0;40.71
400;CRA;2777;1;1;0;40.71
400;CRA;2777;1;1;0;40.71
400;CRA;2778;1;1;0;40.71
400;CRA;2778;1;1;0;40.71
400;CRA;2778;1;1;0;40.71
400;CRA;2782;1;1;0;40.71
400;CRA;2780;1;1;0;40.71
400;CRA;2775;1;1;0;40.71
400;CRA;2778;1;1;0;40.71
400;CRA;2779;1;1;0;40.71
400;CRA;2773;1;1;0;40.71
1600;RULT;2033;1;1;0;8.03
1600;RULT;2026;1;1;0;8.03
1600;RULT;2032;1;1;0;8.03
1600;RULT;2032;1;1;0;8.03
1600;RULT;2025;1;1;0;8.03
1600;RULT;2023;1;1;0;8.03
1600;RULT;2024;1;1;0;8.03
1600;RULT;2025;1;1;0;8.03
1600;RULT;2029;1;1;0;8.03
1600;RULT;2031;1;1;0;8.03
1600;RULT;2022;1;1;0;8.03
1600;RULT;2026;1;1;0;8.03
1600;RULT;2028;1;1;0;8.03
1600;RULT;2024;1;1;0;8.03
1600;RULT;2026;1;1;0;8.03
1600;RULT;2029;1;1;0;8.03
1600;RULT;2023;1;1;0;8.03
1600;RULT;2021;1;1;0;8.03
1600;RULT;2023;1;1;0;8.03
1600;RULT;2019;1;1;0;8.03
1600;RULT;2181;1;1;0;8.55
1600;RULT;2180;1;1;0;8.55
1600;RULT;2180;1;1;0;8.55
1600;RULT;2178;1;1;0;8.55
1600;RULT;2179;1;1;0;8.55
1600;RULT;2182;1;1;0;8.55
1600;RULT;2180;1;1;0;8.55
1600;RULT;2178;1;1;0;8.55
1600;RULT;2182;1;1;0;8.55
1600;RULT;2178;1;1;0;8.55
1600;RULT;2175;1;1;0;8.55
1600;RULT;2178;1;1;0;8.55
1600;RULT;2176;1;1;0;8.55
1600;RULT;2179;1;1;0;8.55
1600;RULT;2186;1;1;0;8.55
1600;RULT;2184;1;1;0;8.55
1600;RULT;2175;1;1;0;8.55
1600;RULT;2182;1;1;0;8.55
1600;RULT;2180;1;1;0;8.55
1600;RULT;2174;1;1;0;8.55
1600;RULT;1497;1;1;0;6.17
1600;RULT;1495;1;1;0;6.17
1600;RULT;1489;1;1;0;6.17
1600;RULT;1492;1;1;0;6.17
1600;RULT;1492;1;1;0;6.17
1600;RULT;1494;1;1;0;6.17
1600;RULT;1492;1;1;0;6.17
1600;RULT;1498;1;1;0;6.17
1600;RULT;1488;1;1;0;6.17
1600;RULT;1486;1;1;0;6.17
1600;RULT;1487;1;1;0;6.17
1600;RULT;1488;1;1;0;6.17
1600;RULT;1488;1;1;0;6.17
1600;RULT;1487;1;1;0;6.17
1600;RULT;1489;1;1;0;6.17
1600;RULT;1487;1;1;0;6.17
1600;RULT;1494;1;1;0;6.17
1600;RULT;1490;1;1;0;6.17
1600;RULT;1496;1;1;0;6.17
1600;RULT;1490;1;1;0;6.17
1600;ILP;104568;1;1;0;0.00
1600;ILP;104582;1;1;0;0.00
1600;ILP;104306;1;1;0;0.00
1600;ILP;104907;1;1;0;0.00
1600;ILP;104153;1;1;0;0.00
1600;ILP;103554;1;1;0;0.00
1600;ILP;104775;1;1;0;0.00
1600;ILP;101957;1;1;0;0.00
1600;ILP;101778;1;1;0;0.00
1600;ILP;101774;1;1;0;0.00
1600;ILP;100317;1;1;0;0.00
1600;ILP;100642;1;1;0;0.00
1600;ILP;100614;1;1;0;0.00
1600;ILP;102358;1;1;0;0.00
1600;ILP;103958;1;1;0;0.00
1600;ILP;104056;1;1;0;0.00
1600;ILP;103538;1;1;0;0.00
1600;ILP;103126;1;1;0;0.00
1600;ILP;103030;1;1;0;0.00
1600;ILP;104041;1;1;0;0.00
1600;ILP;108179;1;1;0;0.00
1600;ILP;106483;1;1;0;0.00
1600;ILP;106115;1;1;0;0.00
1600;ILP;106300;1;1;0;0.00
1600;ILP;107311;1;1;0;0.00
1600;ILP;107193;1;1;0;0.00
1600;ILP;106729;1;1;0;0.00
1600;ILP;107169;1;1;0;0.00
1600;ILP;106171;1;1;0;0.00
1600;ILP;106597;1;1;0;0.00
1600;ILP;106599;1;1;0;0.00
1600;ILP;106465;1;1;0;0.00
1600;ILP;107753;1;1;0;0.00
1600;ILP;107090;1;1;0;0.00
1600;ILP;106699;1;1;0;0.00
1600;ILP;106051;1;1;0;0.00
1600;ILP;107467;1;1;0;0.00
1600;ILP;106762;1;1;0;0.00
1600;ILP;106247;1;1;0;0.00
1600;ILP;107224;1;1;0;0.00
1600;ILP;77448;1;1;0;0.00
1600;ILP;77693;1;1;0;0.00
1600;ILP;77048;1;1;0;0.00
1600;ILP;76755;1;1;0;0.00
1600;ILP;76734;1;1;0;0.00
1600;ILP;77073;1;1;0;0.00
1600;ILP;76970;1;1;0;0.00
1600;ILP;76855;1;1;0;0.00
1600;ILP;76908;1;1;0;0.00
1600;ILP;77691;1;1;0;0.00
1600;ILP;77526;1;1;0;0.00
1600;ILP;77590;1;1;0;0.00
1600;ILP;77837;1;1;0;0.00
1600;ILP;77024;1;1;0;0.00
1600;ILP;77393;1;1;0;0.00
1600;ILP;75354;1;1;0;0.00
1600;ILP;74849;1;1;0;0.00
1600;ILP;76955;1;1;0;0.00
1600;ILP;76319;1;1;0;0.00
1600;ILP;76081;1;1;0;0.00
1600;CP;422830;1;1;0;0.00
1600;CP;419023;1;1;0;0.00
1600;CP;417419;1;1;0;0.00
1600;CP;377561;1;1;0;0.00
1600;CP;376532;1;1;0;0.00
1600;CP;418537;1;1;0;0.00
1600;CP;415735;1;1;0;0.00
1600;CP;415529;1;1;0;0.00
1600;CP;417128;1;1;0;0.00
1600;CP;408331;1;1;0;0.00
1600;CP;375103;1;1;0;0.00
1600;CP;392027;1;1;0;0.00
1600;CP;416901;1;1;0;0.00
1600;CP;416545;1;1;0;0.00
1600;CP;416700;1;1;0;0.00
1600;CP;418354;1;1;0;0.00
1600;CP;382764;1;1;0;0.00
1600;CP;376623;1;1;0;0.00
1600;CP;413954;1;1;0;0.00
1600;CP;416989;1;1;0;0.00
1600;CP;350426;1;1;0;0.00
1600;CP;368717;1;1;0;0.00
1600;CP;367554;1;1;0;0.00
1600;CP;367654;1;1;0;0.00
1600;CP;373947;1;1;0;0.00
1600;CP;368685;1;1;0;0.00
1600;CP;350530;1;1;0;0.00
1600;CP;368593;1;1;0;0.00
1600;CP;369731;1;1;0;0.00
1600;CP;368949;1;1;0;0.00
1600;CP;367776;1;1;0;0.00
1600;CP;368059;1;1;0;0.00
1600;CP;364908;1;1;0;0.00
1600;CP;370402;1;1;0;0.00
1600;CP;370104;1;1;0;0.00
1600;CP;367966;1;1;0;0.00
1600;CP;370349;1;1;0;0.00
1600;CP;360245;1;1;0;0.00
1600;CP;370021;1;1;0;0.00
1600;CP;368996;1;1;0;0.00
1600;CP;341844;1;1;0;0.00
1600;CP;385915;1;1;0;0.00
1600;CP;383939;1;1;0;0.00
1600;CP;385996;1;1;0;0.00
1600;CP;383093;1;1;0;0.00
1600;CP;384135;1;1;0;0.00
1600;CP;343777;1;1;0;0.00
1600;CP;342371;1;1;0;0.00
1600;CP;385461;1;1;0;0.00
1600;CP;384560;1;1;0;0.00
1600;CP;384698;1;1;0;0.00
1600;CP;383214;1;1;0;0.00
1600;CP;383771;1;1;0;0.00
1600;CP;351459;1;1;0;0.00
1600;CP;342943;1;1;0;0.00
1600;CP;378291;1;1;0;0.00
1600;CP;383957;1;1;0;0.00
1600;CP;383958;1;1;0;0.00
1600;CP;384291;1;1;0;0.00
1600;CP;384539;1;1;0;0.00
1600;SCP;414784;1;1;0;0.00
1600;SCP;407010;1;1;0;0.00
1600;SCP;408390;1;1;0;0.00
1600;SCP;393777;1;1;0;0.00
1600;SCP;394682;1;1;0;0.00
1600;SCP;406340;1;1;0;0.00
1600;SCP;406950;1;1;0;0.00
1600;SCP;405283;1;1;0;0.00
1600;SCP;406821;1;1;0;0.00
1600;SCP;407164;1;1;0;0.00
1600;SCP;396089;1;1;0;0.00
1600;SCP;399866;1;1;0;0.00
1600;SCP;404547;1;1;0;0.00
1600;SCP;405622;1;1;0;0.00
1600;SCP;406010;1;1;0;0.00
1600;SCP;406312;1;1;0;0.00
1600;SCP;396099;1;1;0;0.00
1600;SCP;392489;1;1;0;0.00
1600;SCP;399139;1;1;0;0.00
1600;SCP;408594;1;1;0;0.00
1600;SCP;414242;1;1;0;0.00
1600;SCP;397864;1;1;0;0.00
1600;SCP;399806;1;1;0;0.00
1600;SCP;396976;1;1;0;0.00
1600;SCP;399490;1;1;0;0.00
1600;SCP;398178;1;1;0;0.00
1600;SCP;405796;1;1;0;0.00
1600;SCP;398481;1;1;0;0.00
1600;SCP;394222;1;1;0;0.00
1600;SCP;399977;1;1;0;0.00
1600;SCP;398213;1;1;0;0.00
1600;SCP;397509;1;1;0;0.00
1600;SCP;397114;1;1;0;0.00
1600;SCP;398048;1;1;0;0.00
1600;SCP;399274;1;1;0;0.00
1600;SCP;399360;1;1;0;0.00
1600;SCP;398373;1;1;0;0.00
1600;SCP;398302;1;1;0;0.00
1600;SCP;398401;1;1;0;0.00
1600;SCP;397337;1;1;0;0.00
1600;SCP;216942;1;1;0;0.00
1600;SCP;210853;1;1;0;0.00
1600;SCP;210722;1;1;0;0.00
1600;SCP;209988;1;1;0;0.00
1600;SCP;215868;1;1;0;0.00
1600;SCP;217518;1;1;0;0.00
1600;SCP;217468;1;1;0;0.00
1600;SCP;216721;1;1;0;0.00
1600;SCP;217451;1;1;0;0.00
1600;SCP;216815;1;1;0;0.00
1600;SCP;217457;1;1;0;0.00
1600;SCP;217883;1;1;0;0.00
1600;SCP;216820;1;1;0;0.00
1600;SCP;216251;1;1;0;0.00
1600;SCP;209677;1;1;0;0.00
1600;SCP;210701;1;1;0;0.00
1600;SCP;211146;1;1;0;0.00
1600;SCP;217719;1;1;0;0.00
1600;SCP;217473;1;1;0;0.00
1600;SCP;217972;1;1;0;0.00
1600;KAB;384869;1;1;0;0.00
1600;KAB;384719;1;1;0;0.00
1600;KAB;383542;1;1;0;0.00
1600;KAB;381417;1;1;0;0.00
1600;KAB;379255;1;1;0;0.00
1600;KAB;383741;1;1;0;0.00
1600;KAB;384526;1;1;0;0.00
1600;KAB;384314;1;1;0;0.00
1600;KAB;384681;1;1;0;0.00
1600;KAB;384081;1;1;0;0.00
1600;KAB;384235;1;1;0;0.00
1600;KAB;380318;1;1;0;0.00
1600;KAB;379362;1;1;0;0.00
1600;KAB;382556;1;1;0;0.00
1600;KAB;382989;1;1;0;0.00
1600;KAB;382490;1;1;0;0.00
1600;KAB;383123;1;1;0;0.00
1600;KAB;383104;1;1;0;0.00
1600;KAB;383500;1;1;0;0.00
1600;KAB;382678;1;1;0;0.00
1600;KAB;296168;1;1;0;0.00
1600;KAB;296135;1;1;0;0.00
1600;KAB;296110;1;1;0;0.00
1600;KAB;296663;1;1;0;0.00
1600;KAB;296213;1;1;0;0.00
1600;KAB;295465;1;1;0;0.00
1600;KAB;297801;1;1;0;0.00
1600;KAB;296498;1;1;0;0.00
1600;KAB;296743;1;1;0;0.00
1600;KAB;296246;1;1;0;0.00
1600;KAB;296333;1;1;0;0.00
1600;KAB;296122;1;1;0;0.00
1600;KAB;297465;1;1;0;0.00
1600;KAB;297421;1;1;0;0.00
1600;KAB;296842;1;1;0;0.00
1600;KAB;296188;1;1;0;0.00
1600;KAB;296086;1;1;0;0.00
1600;KAB;296504;1;1;0;0.00
1600;KAB;296108;1;1;0;0.00
1600;KAB;297656;1;1;0;0.00
1600;KAB;310790;1;1;0;0.00
1600;KAB;310397;1;1;0;0.00
1600;KAB;310583;1;1;0;0.00
1600;KAB;310302;1;1;0;0.00
1600;KAB;306851;1;1;0;0.00
1600;KAB;304741;1;1;0;0.00
1600;KAB;308561;1;1;0;0.00
1600;KAB;310334;1;1;0;0.00
1600;KAB;310221;1;1;0;0.00
1600;KAB;311037;1;1;0;0.00
1600;KAB;309995;1;1;0;0.00
1600;KAB;310271;1;1;0;0.00
1600;KAB;310869;1;1;0;0.00
1600;KAB;308205;1;1;0;0.00
1600;KAB;305766;1;1;0;0.00
1600;KAB;307146;1;1;0;0.00
1600;KAB;309918;1;1;0;0.00
1600;KAB;310367;1;1;0;0.00
1600;KAB;309789;1;1;0;0.00
1600;KAB;311770;1;1;0;0.00
1600;BFDC;371;1;1;0;3.30
1600;BFDC;370;1;1;0;3.30
1600;BFDC;369;1;1;0;3.30
1600;BFDC;375;1;1;0;3.30
1600;BFDC;367;1;1;0;3.30
1600;BFDC;368;1;1;0;3.30
1600;BFDC;368;1;1;0;3.30
1600;BFDC;368;1;1;0;3.30
1600;BFDC;368;1;1;0;3.30
1600;BFDC;369;1;1;0;3.30
1600;BFDC;368;1;1;0;3.30
1600;BFDC;369;1;1;0;3.30
1600;BFDC;368;1;1;0;3.30
1600;BFDC;369;1;1;0;3.30
1600;BFDC;368;1;1;0;3.30
1600;BFDC;369;1;1;0;3.30
1600;BFDC;369;1;1;0;3.30
1600;BFDC;368;1;1;0;3.30
1600;BFDC;372;1;1;0;3.30
1600;BFDC;369;1;1;0;3.30
1600;BFDC;273;1;1;0;2.53
1600;BFDC;273;1;1;0;2.53
1600;BFDC;281;1;1;0;2.53
1600;BFDC;271;1;1;0;2.53
1600;BFDC;274;1;1;0;2.53
1600;BFDC;271;1;1;0;2.53
1600;BFDC;273;1;1;0;2.53
1600;BFDC;273;1;1;0;2.53
1600;BFDC;272;1;1;0;2.53
1600;BFDC;273;1;1;0;2.53
1600;BFDC;273;1;1;0;2.53
1600;BFDC;278;1;1;0;2.53
1600;BFDC;272;1;1;0;2.53
1600;BFDC;271;1;1;0;2.53
1600;BFDC;272;1;1;0;2.53
1600;BFDC;273;1;1;0;2.53
1600;BFDC;273;1;1;0;2.53
1600;BFDC;272;1;1;0;2.53
1600;BFDC;274;1;1;0;2.53
1600;BFDC;273;1;1;0;2.53
1600;BFDC;267;1;1;0;2.51
1600;BFDC;273;1;1;0;2.51
1600;BFDC;276;1;1;0;2.51
1600;BFDC;268;1;1;0;2.51
1600;BFDC;267;1;1;0;2.51
1600;BFDC;267;1;1;0;2.51
1600;BFDC;266;1;1;0;2.51
1600;BFDC;267;1;1;0;2.51
1600;BFDC;267;1;1;0;2.51
1600;BFDC;266;1;1;0;2.51
1600;BFDC;266;1;1;0;2.51
1600;BFDC;271;1;1;0;2.51
1600;BFDC;268;1;1;0;2.51
1600;BFDC;267;1;1;0;2.51
1600;BFDC;267;1;1;0;2.51
1600;BFDC;268;1;1;0;2.51
1600;BFDC;267;1;1;0;2.51
1600;BFDC;267;1;1;0;2.51
1600;BFDC;267;1;1;0;2.51
1600;BFDC;267;1;1;0;2.51
1600;CRA;20121;1;1;0;57.85
1600;CRA;19965;1;1;0;57.85
1600;CRA;19923;1;1;0;57.85
1600;CRA;19908;1;1;0;57.85
1600;CRA;19931;1;1;0;57.85
1600;CRA;19910;1;1;0;57.85
1600;CRA;19908;1;1;0;57.85
1600;CRA;19913;1;1;0;57.85
1600;CRA;19867;1;1;0;57.85
1600;CRA;19883;1;1;0;57.85
1600;CRA;19912;1;1;0;57.85
1600;CRA;19898;1;1;0;57.85
1600;CRA;19890;1;1;0;57.85
1600;CRA;19897;1;1;0;57.85
1600;CRA;19895;1;1;0;57.85
1600;CRA;19969;1;1;0;57.85
1600;CRA;19974;1;1;0;57.85
1600;CRA;19945;1;1;0;57.85
1600;CRA;19836;1;1;0;57.85
1600;CRA;19828;1;1;0;57.85
1600;CRA;50878;1;1;0;149.19
1600;CRA;50288;1;1;0;149.19
1600;CRA;50291;1;1;0;149.19
1600;CRA;50296;1;1;0;149.19
1600;CRA;50288;1;1;0;149.19
1600;CRA;50294;1;1;0;149.19
1600;CRA;50281;1;1;0;149.19
1600;CRA;50268;1;1;0;149.19
1600;CRA;50268;1;1;0;149.19
1600;CRA;50262;1;1;0;149.19
1600;CRA;50285;1;1;0;149.19
1600;CRA;50259;1;1;0;149.19
1600;CRA;51265;1;1;0;149.19
1600;CRA;50299;1;1;0;149.19
1600;CRA;50334;1;1;0;149.19
1600;CRA;50271;1;1;0;149.19
1600;CRA;50300;1;1;0;149.19
1600;CRA;50293;1;1;0;149.19
1600;CRA;50302;1;1;0;149.19
1600;CRA;50269;1;1;0;149.19
1600;CRA;3098;1;1;0;10.35
1600;CRA;3080;1;1;0;10.35
1600;CRA;3080;1;1;0;10.35
1600;CRA;3082;1;1;0;10.35
1600;CRA;3085;1;1;0;10.35
1600;CRA;3071;1;1;0;10.35
1600;CRA;3080;1;1;0;10.35
1600;CRA;3074;1;1;0;10.35
1600;CRA;3081;1;1;0;10.35
1600;CRA;3085;1;1;0;10.35
1600;CRA;3082;1;1;0;10.35
1600;CRA;3081;1;1;0;10.35
1600;CRA;3088;1;1;0;10.35
1600;CRA;3085;1;1;0;10.35
1600;CRA;3083;1;1;0;10.35
1600;CRA;3082;1;1;0;10.35
1600;CRA;3073;1;1;0;10.35
1600;CRA;3073;1;1;0;10.35
1600;CRA;3077;1;1;0;10.35
1600;CRA;3082;1;1;0;10.35
3200;RULT;5609;1;1;0;10.09
3200;RULT;5604;1;1;0;10.09
3200;RULT;5602;1;1;0;10.09
3200;RULT;5602;1;1;0;10.09
3200;RULT;5595;1;1;0;10.09
3200;RULT;5601;1;1;0;10.09
3200;RULT;5601;1;1;0;10.09
3200;RULT;5607;1;1;0;10.09
3200;RULT;5597;1;1;0;10.09
3200;RULT;5600;1;1;0;10.09
3200;RULT;5619;1;1;0;10.09
3200;RULT;5631;1;1;0;10.09
3200;RULT;5626;1;1;0;10.09
3200;RULT;5604;1;1;0;10.09
3200;RULT;5604;1;1;0;10.09
3200;RULT;5599;1;1;0;10.09
3200;RULT;5607;1;1;0;10.09
3200;RULT;5599;1;1;0;10.09
3200;RULT;5611;1;1;0;10.09
3200;RULT;5700;1;1;0;10.09
3200;RULT;6366;1;1;0;10.14
3200;RULT;5839;1;1;0;10.14
3200;RULT;5825;1;1;0;10.14
3200;RULT;5808;1;1;0;10.14
3200;RULT;5816;1;1;0;10.14
3200;RULT;5816;1;1;0;10.14
3200;RULT;5811;1;1;0;10.14
3200;RULT;5803;1;1;0;10.14
3200;RULT;5809;1;1;0;10.14
3200;RULT;5811;1;1;0;10.14
3200;RULT;5813;1;1;0;10.14
3200;RULT;5810;1;1;0;10.14
3200;RULT;5807;1;1;0;10.14
3200;RULT;5813;1;1;0;10.14
3200;RULT;5803;1;1;0;10.14
3200;RULT;5812;1;1;0;10.14
3200;RULT;5794;1;1;0;10.14
3200;RULT;5800;1;1;0;10.14
3200;RULT;5825;1;1;0;10.14
3200;RULT;5810;1;1;0;10.14
3200;RULT;4637;1;1;0;8.63
3200;RULT;4638;1;1;0;8.63
3200;RULT;4640;1;1;0;8.63
3200;RULT;4643;1;1;0;8.63
3200;RULT;4649;1;1;0;8.63
3200;RULT;4641;1;1;0;8.63
3200;RULT;4633;1;1;0;8.63
3200;RULT;4639;1;1;0;8.63
3200;RULT;4633;1;1;0;8.63
3200;RULT;4647;1;1;0;8.63
3200;RULT;4643;1;1;0;8.63
3200;RULT;4648;1;1;0;8.63
3200;RULT;4654;1;1;0;8.63
3200;RULT;4651;1;1;0;8.63
3200;RULT;4651;1;1;0;8.63
3200;RULT;4646;1;1;0;8.63
3200;RULT;4655;1;1;0;8.63
3200;RULT;4658;1;1;0;8.63
3200;RULT;4651;1;1;0;8.63
3200;RULT;4650;1;1;0;8.63
3200;ILP;213897;1;1;0;0.00
3200;ILP;210205;1;1;0;0.00
3200;ILP;215725;1;1;0;0.00
3200;ILP;208828;1;1;0;0.00
3200;ILP;214976;1;1;0;0.00
3200;ILP;211703;1;1;0;0.00
3200;ILP;210225;1;1;0;0.00
3200;ILP;214712;1;1;0;0.00
3200;ILP;211116;1;1;0;0.00
3200;ILP;209328;1;1;0;0.00
3200;ILP;206631;1;1;0;0.00
3200;ILP;208062;1;1;0;0.00
3200;ILP;206474;1;1;0;0.00
3200;ILP;210797;1;1;0;0.00
3200;ILP;207792;1;1;0;0.00
3200;ILP;208946;1;1;0;0.00
3200;ILP;208603;1;1;0;0.00
3200;ILP;208886;1;1;0;0.00
3200;ILP;207211;1;1;0;0.00
3200;ILP;208164;1;1;0;0.00
3200;ILP;224925;1;1;0;0.00
3200;ILP;226205;1;1;0;0.00
3200;ILP;223525;1;1;0;0.00
3200;ILP;225031;1;1;0;0.00
3200;ILP;223820;1;1;0;0.00
3200;ILP;223950;1;1;0;0.00
3200;ILP;228544;1;1;0;0.00
3200;ILP;220978;1;1;0;0.00
3200;ILP;218400;1;1;0;0.00
3200;ILP;213783;1;1;0;0.00
3200;ILP;216430;1;1;0;0.00
3200;ILP;213863;1;1;0;0.00
3200;ILP;216216;1;1;0;0.00
3200;ILP;217174;1;1;0;0.00
3200;ILP;216705;1;1;0;0.00
3200;ILP;213745;1;1;0;0.00
3200;ILP;217289;1;1;0;0.00
3200;ILP;216239;1;1;0;0.00
3200;ILP;216084;1;1;0;0.00
3200;ILP;216105;1;1;0;0.00
3200;ILP;161406;1;1;0;0.00
3200;ILP;162199;1;1;0;0.00
3200;ILP;160703;1;1;0;0.00
3200;ILP;159401;1;1;0;0.00
3200;ILP;158540;1;1;0;0.00
3200;ILP;160568;1;1;0;0.00
3200;ILP;160092;1;1;0;0.00
3200;ILP;159641;1;1;0;0.00
3200;ILP;160833;1;1;0;0.00
3200;ILP;159360;1;1;0;0.00
3200;ILP;160549;1;1;0;0.00
3200;ILP;161313;1;1;0;0.00
3200;ILP;158249;1;1;0;0.00
3200;ILP;159976;1;1;0;0.00
3200;ILP;159213;1;1;0;0.00
3200;ILP;159971;1;1;0;0.00
3200;ILP;160540;1;1;0;0.00
3200;ILP;161617;1;1;0;0.00
3200;ILP;160432;1;1;0;0.00
3200;ILP;160729;1;1;0;0.00
3200;CP;909479;1;1;0;0.00
3200;CP;910532;1;1;0;0.00
3200;CP;903089;1;1;0;0.00
3200;CP;912217;1;1;0;0.00
3200;CP;906438;1;1;0;0.00
3200;CP;902960;1;1;0;0.00
3200;CP;912103;1;1;0;0.00
3200;CP;910453;1;1;0;0.00
3200;CP;903179;1;1;0;0.00
3200;CP;908444;1;1;0;0.00
3200;CP;909327;1;1;0;0.00
3200;CP;909236;1;1;0;0.00
3200;CP;913510;1;1;0;0.00
3200;CP;910846;1;1;0;0.00
3200;CP;904941;1;1;0;0.00
3200;CP;913350;1;1;0;0.00
3200;CP;910115;1;1;0;0.00
3200;CP;898882;1;1;0;0.00
3200;CP;910066;1;1;0;0.00
3200;CP;905362;1;1;0;0.00
3200;CP;1073664;1;1;0;0.00
3200;CP;1080257;1;1;0;0.00
3200;CP;953932;1;1;0;0.00
3200;CP;933495;1;1;0;0.00
3200;CP;931995;1;1;0;0.00
3200;CP;961941;1;1;0;0.00
3200;CP;1066350;1;1;0;0.00
3200;CP;1069149;1;1;0;0.00
3200;CP;939602;1;1;0;0.00
3200;CP;933768;1;1;0;0.00
3200;CP;927143;1;1;0;0.00
3200;CP;1082413;1;1;0;0.00
3200;CP;1063655;1;1;0;0.00
3200;CP;942429;1;1;0;0.00
3200;CP;934970;1;1;0;0.00
3200;CP;936233;1;1;0;0.00
3200;CP;981296;1;1;0;0.00
3200;CP;1080747;1;1;0;0.00
3200;CP;1041178;1;1;0;0.00
3200;CP;936791;1;1;0;0.00
3200;CP;877378;1;1;0;0.00
3200;CP;878790;1;1;0;0.00
3200;CP;878789;1;1;0;0.00
3200;CP;877197;1;1;0;0.00
3200;CP;879200;1;1;0;0.00
3200;CP;881991;1;1;0;0.00
3200;CP;880383;1;1;0;0.00
3200;CP;878058;1;1;0;0.00
3200;CP;879250;1;1;0;0.00
3200;CP;877582;1;1;0;0.00
3200;CP;888729;1;1;0;0.00
3200;CP;887869;1;1;0;0.00
3200;CP;880106;1;1;0;0.00
3200;CP;882043;1;1;0;0.00
3200;CP;976716;1;1;0;0.00
3200;CP;889711;1;1;0;0.00
3200;CP;1038955;1;1;0;0.00
3200;CP;1019969;1;1;0;0.00
3200;CP;963977;1;1;0;0.00
3200;CP;1037475;1;1;0;0.00
3200;SCP;1063059;1;1;0;0.00
3200;SCP;1049653;1;1;0;0.00
3200;SCP;1050716;1;1;0;0.00
3200;SCP;1051495;1;1;0;0.00
3200;SCP;1049194;1;1;0;0.00
3200;SCP;1048500;1;1;0;0.00
3200;SCP;1050388;1;1;0;0.00
3200;SCP;1055882;1;1;0;0.00
3200;SCP;1047920;1;1;0;0.00
3200;SCP;1053885;1;1;0;0.00
3200;SCP;1049497;1;1;0;0.00
3200;SCP;1064392;1;1;0;0.00
3200;SCP;1051223;1;1;0;0.00
3200;SCP;1048125;1;1;0;0.00
3200;SCP;1048637;1;1;0;0.00
3200;SCP;1049658;1;1;0;0.00
3200;SCP;1047090;1;1;0;0.00
3200;SCP;1049279;1;1;0;0.00
3200;SCP;1048982;1;1;0;0.00
3200;SCP;1050009;1;1;0;0.00
3200;SCP;1118193;1;1;0;0.00
3200;SCP;1112295;1;1;0;0.00
3200;SCP;1131045;1;1;0;0.00
3200;SCP;1123150;1;1;0;0.00
3200;SCP;1101171;1;1;0;0.00
3200;SCP;1100081;1;1;0;0.00
3200;SCP;1120559;1;1;0;0.00
3200;SCP;1239339;1;1;0;0.00
3200;SCP;1216216;1;1;0;0.00
3200;SCP;1107943;1;1;0;0.00
3200;SCP;1104304;1;1;0;0.00
3200;SCP;1095746;1;1;0;0.00
3200;SCP;1098812;1;1;0;0.00
3200;SCP;1096161;1;1;0;0.00
3200;SCP;1094091;1;1;0;0.00
3200;SCP;1096967;1;1;0;0.00
3200;SCP;1099025;1;1;0;0.00
3200;SCP;1094629;1;1;0;0.00
3200;SCP;1098292;1;1;0;0.00
3200;SCP;1104483;1;1;0;0.00
3200;SCP;595788;1;1;0;0.00
3200;SCP;575324;1;1;0;0.00
3200;SCP;598482;1;1;0;0.00
3200;SCP;600407;1;1;0;0.00
3200;SCP;599001;1;1;0;0.00
3200;SCP;583390;1;1;0;0.00
3200;SCP;576654;1;1;0;0.00
3200;SCP;599636;1;1;0;0.00
3200;SCP;599363;1;1;0;0.00
3200;SCP;599367;1;1;0;0.00
3200;SCP;576547;1;1;0;0.00
3200;SCP;596202;1;1;0;0.00
3200;SCP;603313;1;1;0;0.00
3200;SCP;599745;1;1;0;0.00
3200;SCP;599475;1;1;0;0.00
3200;SCP;572986;1;1;0;0.00
3200;SCP;584197;1;1;0;0.00
3200;SCP;585852;1;1;0;0.00
3200;SCP;584766;1;1;0;0.00
3200;SCP;588338;1;1;0;0.00
3200;KAB;1404376;1;1;0;0.00
3200;KAB;1402608;1;1;0;0.00
3200;KAB;1400551;1;1;0;0.00
3200;KAB;1404744;1;1;0;0.00
3200;KAB;1403284;1;1;0;0.00
3200;KAB;1399601;1;1;0;0.00
3200;KAB;1401199;1;1;0;0.00
3200;KAB;1401059;1;1;0;0.00
3200;KAB;1406542;1;1;0;0.00
3200;KAB;1401622;1;1;0;0.00
3200;KAB;1401447;1;1;0;0.00
3200;KAB;1401053;1;1;0;0.00
3200;KAB;1404801;1;1;0;0.00
3200;KAB;1402280;1;1;0;0.00
3200;KAB;1400934;1;1;0;0.00
3200;KAB;1404352;1;1;0;0.00
3200;KAB;1400607;1;1;0;0.00
3200;KAB;1401669;1;1;0;0.00
3200;KAB;1401565;1;1;0;0.00
3200;KAB;1402201;1;1;0;0.00
3200;KAB;1339434;1;1;0;0.00
3200;KAB;1340423;1;1;0;0.00
3200;KAB;1340724;1;1;0;0.00
3200;KAB;1340901;1;1;0;0.00
3200;KAB;1340011;1;1;0;0.00
3200;KAB;1339971;1;1;0;0.00
3200;KAB;1340831;1;1;0;0.00
3200;KAB;1339815;1;1;0;0.00
3200;KAB;1340225;1;1;0;0.00
3200;KAB;1339372;1;1;0;0.00
3200;KAB;1339495;1;1;0;0.00
3200;KAB;1341377;1;1;0;0.00
3200;KAB;1338667;1;1;0;0.00
3200;KAB;1340258;1;1;0;0.00
3200;KAB;1341671;1;1;0;0.00
3200;KAB;1340872;1;1;0;0.00
3200;KAB;1341494;1;1;0;0.00
3200;KAB;1341587;1;1;0;0.00
3200;KAB;1340718;1;1;0;0.00
3200;KAB;1339926;1;1;0;0.00
3200;KAB;1425721;1;1;0;0.00
3200;KAB;1425291;1;1;0;0.00
3200;KAB;1428576;1;1;0;0.00
3200;KAB;1425247;1;1;0;0.00
3200;KAB;1427702;1;1;0;0.00
3200;KAB;1424976;1;1;0;0.00
3200;KAB;1426365;1;1;0;0.00
3200;KAB;1425853;1;1;0;0.00
3200;KAB;1426563;1;1;0;0.00
3200;KAB;1424501;1;1;0;0.00
3200;KAB;1425169;1;1;0;0.00
3200;KAB;1424711;1;1;0;0.00
3200;KAB;1425030;1;1;0;0.00
3200;KAB;1426960;1;1;0;0.00
3200;KAB;1425523;1;1;0;0.00
3200;KAB;1424095;1;1;0;0.00
3200;KAB;1424026;1;1;0;0.00
3200;KAB;1424673;1;1;0;0.00
3200;KAB;1425250;1;1;0;0.00
3200;KAB;1424639;1;1;0;0.00
3200;BFDC;683;1;1;0;2.96
3200;BFDC;683;1;1;0;2.96
3200;BFDC;679;1;1;0;2.96
3200;BFDC;688;1;1;0;2.96
3200;BFDC;682;1;1;0;2.96
3200;BFDC;682;1;1;0;2.96
3200;BFDC;682;1;1;0;2.96
3200;BFDC;687;1;1;0;2.96
3200;BFDC;683;1;1;0;2.96
3200;BFDC;682;1;1;0;2.96
3200;BFDC;682;1;1;0;2.96
3200;BFDC;696;1;1;0;2.96
3200;BFDC;693;1;1;0;2.96
3200;BFDC;693;1;1;0;2.96
3200;BFDC;685;1;1;0;2.96
3200;BFDC;683;1;1;0;2.96
3200;BFDC;682;1;1;0;2.96
3200;BFDC;679;1;1;0;2.96
3200;BFDC;681;1;1;0;2.96
3200;BFDC;686;1;1;0;2.96
3200;BFDC;643;1;1;0;2.86
3200;BFDC;641;1;1;0;2.86
3200;BFDC;636;1;1;0;2.86
3200;BFDC;648;1;1;0;2.86
3200;BFDC;638;1;1;0;2.86
3200;BFDC;639;1;1;0;2.86
3200;BFDC;637;1;1;0;2.86
3200;BFDC;643;1;1;0;2.86
3200;BFDC;639;1;1;0;2.86
3200;BFDC;639;1;1;0;2.86
3200;BFDC;637;1;1;0;2.86
3200;BFDC;644;1;1;0;2.86
3200;BFDC;636;1;1;0;2.86
3200;BFDC;637;1;1;0;2.86
3200;BFDC;637;1;1;0;2.86
3200;BFDC;643;1;1;0;2.86
3200;BFDC;635;1;1;0;2.86
3200;BFDC;640;1;1;0;2.86
3200;BFDC;637;1;1;0;2.86
3200;BFDC;641;1;1;0;2.86
3200;BFDC;658;1;1;0;2.92
3200;BFDC;662;1;1;0;2.92
3200;BFDC;663;1;1;0;2.92
3200;BFDC;657;1;1;0;2.92
3200;BFDC;656;1;1;0;2.92
3200;BFDC;655;1;1;0;2.92
3200;BFDC;659;1;1;0;2.92
3200;BFDC;660;1;1;0;2.92
3200;BFDC;661;1;1;0;2.92
3200;BFDC;659;1;1;0;2.92
3200;BFDC;663;1;1;0;2.92
3200;BFDC;660;1;1;0;2.92
3200;BFDC;660;1;1;0;2.92
3200;BFDC;660;1;1;0;2.92
3200;BFDC;663;1;1;0;2.92
3200;BFDC;660;1;1;0;2.92
3200;BFDC;661;1;1;0;2.92
3200;BFDC;660;1;1;0;2.92
3200;BFDC;662;1;1;0;2.92
3200;BFDC;659;1;1;0;2.92
3200;CRA;298035;1;1;0;396.83
3200;CRA;296458;1;1;0;396.83
3200;CRA;296921;1;1;0;396.83
3200;CRA;297080;1;1;0;396.83
3200;CRA;296655;1;1;0;396.83
3200;CRA;296465;1;1;0;396.83
3200;CRA;298421;1;1;0;396.83
3200;CRA;296351;1;1;0;396.83
3200;CRA;296169;1;1;0;396.83
3200;CRA;296327;1;1;0;396.83
3200;CRA;297011;1;1;0;396.83
3200;CRA;296358;1;1;0;396.83
3200;CRA;296257;1;1;0;396.83
3200;CRA;296307;1;1;0;396.83
3200;CRA;296294;1;1;0;396.83
3200;CRA;296585;1;1;0;396.83
3200;CRA;296418;1;1;0;396.83
3200;CRA;296897;1;1;0;396.83
3200;CRA;296137;1;1;0;396.83
3200;CRA;296186;1;1;0;396.83
3200;CRA;421232;1;1;0;574.80
3200;CRA;418836;1;1;0;574.80
3200;CRA;418750;1;1;0;574.80
3200;CRA;419008;1;1;0;574.80
3200;CRA;419451;1;1;0;574.80
3200;CRA;420816;1;1;0;574.80
3200;CRA;420866;1;1;0;574.80
3200;CRA;420803;1;1;0;574.80
3200;CRA;423249;1;1;0;574.80
3200;CRA;421537;1;1;0;574.80
3200;CRA;420503;1;1;0;574.80
3200;CRA;419200;1;1;0;574.80
3200;CRA;418804;1;1;0;574.80
3200;CRA;418848;1;1;0;574.80
3200;CRA;419090;1;1;0;574.80
3200;CRA;418977;1;1;0;574.80
3200;CRA;418738;1;1;0;574.80
3200;CRA;418737;1;1;0;574.80
3200;CRA;421020;1;1;0;574.80
3200;CRA;420913;1;1;0;574.80
3200;CRA;39060;1;1;0;52.00
3200;CRA;38877;1;1;0;52.00
3200;CRA;38911;1;1;0;52.00
3200;CRA;38896;1;1;0;52.00
3200;CRA;38885;1;1;0;52.00
3200;CRA;38921;1;1;0;52.00
3200;CRA;38880;1;1;0;52.00
3200;CRA;38881;1;1;0;52.00
3200;CRA;38872;1;1;0;52.00
3200;CRA;38896;1;1;0;52.00
3200;CRA;38905;1;1;0;52.00
3200;CRA;38886;1;1;0;52.00
3200;CRA;38891;1;1;0;52.00
3200;CRA;38884;1;1;0;52.00
3200;CRA;38893;1;1;0;52.00
3200;CRA;38883;1;1;0;52.00
3200;CRA;38867;1;1;0;52.00
3200;CRA;38885;1;1;0;52.00
3200;CRA;38900;1;1;0;52.00
3200;CRA;38892;1;1;0;52.00
6400;RULT;12114;1;1;0;10.15
6400;RULT;11807;1;1;0;10.15
6400;RULT;11804;1;1;0;10.15
6400;RULT;11801;1;1;0;10.15
6400;RULT;11794;1;1;0;10.15
6400;RULT;11783;1;1;0;10.15
6400;RULT;11801;1;1;0;10.15
6400;RULT;11785;1;1;0;10.15
6400;RULT;11788;1;1;0;10.15
6400;RULT;11788;1;1;0;10.15
6400;RULT;11796;1;1;0;10.15
6400;RULT;11803;1;1;0;10.15
6400;RULT;11811;1;1;0;10.15
6400;RULT;11801;1;1;0;10.15
6400;RULT;11798;1;1;0;10.15
6400;RULT;11796;1;1;0;10.15
6400;RULT;11802;1;1;0;10.15
6400;RULT;11798;1;1;0;10.15
6400;RULT;11793;1;1;0;10.15
6400;RULT;11793;1;1;0;10.15
6400;RULT;12666;1;1;0;9.82
6400;RULT;11426;1;1;0;9.82
6400;RULT;15144;1;1;0;9.82
6400;RULT;12961;1;1;0;9.82
6400;RULT;11901;1;1;0;9.82
6400;RULT;11540;1;1;0;9.82
6400;RULT;14755;1;1;0;9.82
6400;RULT;12145;1;1;0;9.82
6400;RULT;11969;1;1;0;9.82
6400;RULT;11631;1;1;0;9.82
6400;RULT;11663;1;1;0;9.82
6400;RULT;14354;1;1;0;9.82
6400;RULT;13759;1;1;0;9.82
6400;RULT;12732;1;1;0;9.82
6400;RULT;13383;1;1;0;9.82
6400;RULT;12039;1;1;0;9.82
6400;RULT;11426;1;1;0;9.82
6400;RULT;11325;1;1;0;9.82
6400;RULT;11293;1;1;0;9.82
6400;RULT;12179;1;1;0;9.82
6400;RULT;10534;1;1;0;7.68
6400;RULT;9078;1;1;0;7.68
6400;RULT;9165;1;1;0;7.68
6400;RULT;9084;1;1;0;7.68
6400;RULT;9061;1;1;0;7.68
6400;RULT;8888;1;1;0;7.68
6400;RULT;8900;1;1;0;7.68
6400;RULT;8905;1;1;0;7.68
6400;RULT;8895;1;1;0;7.68
6400;RULT;8870;1;1;0;7.68
6400;RULT;8853;1;1;0;7.68
6400;RULT;8899;1;1;0;7.68
6400;RULT;8906;1;1;0;7.68
6400;RULT;8866;1;1;0;7.68
6400;RULT;8906;1;1;0;7.68
6400;RULT;8866;1;1;0;7.68
6400;RULT;8870;1;1;0;7.68
6400;RULT;8916;1;1;0;7.68
6400;RULT;8865;1;1;0;7.68
6400;RULT;8859;1;1;0;7.68
6400;ILP;476972;1;1;0;0.00
6400;ILP;504460;1;1;0;0.00
6400;ILP;520158;1;1;0;0.00
6400;ILP;524258;1;1;0;0.00
6400;ILP;526160;1;1;0;0.00
6400;ILP;486056;1;1;0;0.00
6400;ILP;485207;1;1;0;0.00
6400;ILP;484872;1;1;0;0.00
6400;ILP;485806;1;1;0;0.00
6400;ILP;475263;1;1;0;0.00
6400;ILP;479155;1;1;0;0.00
6400;ILP;523366;1;1;0;0.00
6400;ILP;523161;1;1;0;0.00
6400;ILP;524164;1;1;0;0.00
6400;ILP;506002;1;1;0;0.00
6400;ILP;486554;1;1;0;0.00
6400;ILP;481804;1;1;0;0.00
6400;ILP;481413;1;1;0;0.00
6400;ILP;480686;1;1;0;0.00
6400;ILP;477137;1;1;0;0.00
6400;ILP;515661;1;1;0;0.00
6400;ILP;529302;1;1;0;0.00
6400;ILP;521065;1;1;0;0.00
6400;ILP;532082;1;1;0;0.00
6400;ILP;535543;1;1;0;0.00
6400;ILP;509838;1;1;0;0.00
6400;ILP;536558;1;1;0;0.00
6400;ILP;519877;1;1;0;0.00
6400;ILP;519074;1;1;0;0.00
6400;ILP;535386;1;1;0;0.00
6400;ILP;521223;1;1;0;0.00
6400;ILP;531937;1;1;0;0.00
6400;ILP;526890;1;1;0;0.00
6400;ILP;520112;1;1;0;0.00
6400;ILP;504486;1;1;0;0.00
6400;ILP;503978;1;1;0;0.00
6400;ILP;506459;1;1;0;0.00
6400;ILP;514499;1;1;0;0.00
6400;ILP;492693;1;1;0;0.00
6400;ILP;513665;1;1;0;0.00
6400;ILP;554620;1;1;0;0.00
6400;ILP;563842;1;1;0;0.00
6400;ILP;503851;1;1;0;0.00
6400;ILP;509498;1;1;0;0.00
6400;ILP;512748;1;1;0;0.00
6400;ILP;508312;1;1;0;0.00
6400;ILP;501790;1;1;0;0.00
6400;ILP;516391;1;1;0;0.00
6400;ILP;558307;1;1;0;0.00
6400;ILP;557669;1;1;0;0.00
6400;ILP;567873;1;1;0;0.00
6400;ILP;511502;1;1;0;0.00
6400;ILP;505087;1;1;0;0.00
6400;ILP;510153;1;1;0;0.00
6400;ILP;511066;1;1;0;0.00
6400;ILP;508877;1;1;0;0.00
6400;ILP;524283;1;1;0;0.00
6400;ILP;550194;1;1;0;0.00
6400;ILP;558389;1;1;0;0.00
6400;ILP;568297;1;1;0;0.00
6400;SCP;2000148;0;0;1;0.00
6400;SCP;1993066;0;0;1;0.00
6400;SCP;1995895;0;0;1;0.00
6400;SCP;1994955;0;0;1;0.00
6400;SCP;1995392;0;0;1;0.00
6400;SCP;1993070;0;0;1;0.00
6400;SCP;1995186;0;0;1;0.00
6400;SCP;1993686;0;0;1;0.00
6400;SCP;1993763;0;0;1;0.00
6400;SCP;1996408;0;0;1;0.00
6400;SCP;1995584;0;0;1;0.00
6400;SCP;1994718;0;0;1;0.00
6400;SCP;1993990;0;0;1;0.00
6400;SCP;1993577;0;0;1;0.00
6400;SCP;1995826;0;0;1;0.00
6400;SCP;1995905;0;0;1;0.00
6400;SCP;1994051;0;0;1;0.00
6400;SCP;1993962;0;0;1;0.00
6400;SCP;2002663;0;0;1;0.00
6400;SCP;2002136;0;0;1;0.00
6400;SCP;1991139;0;0;1;0.00
6400;SCP;1996441;0;0;1;0.00
6400;SCP;1996690;0;0;1;0.00
6400;SCP;1996518;0;0;1;0.00
6400;SCP;1996513;0;0;1;0.00
6400;SCP;1996424;0;0;1;0.00
6400;SCP;1996691;0;0;1;0.00
6400;SCP;1996558;0;0;1;0.00
6400;SCP;2008582;0;0;1;0.00
6400;SCP;1996724;0;0;1;0.00
6400;SCP;1996475;0;0;1;0.00
6400;SCP;1996476;0;0;1;0.00
6400;SCP;1996779;0;0;1;0.00
6400;SCP;1996429;0;0;1;0.00
6400;SCP;1996464;0;0;1;0.00
6400;SCP;1996705;0;0;1;0.00
6400;SCP;1996515;0;0;1;0.00
6400;SCP;1996301;0;0;1;0.00
6400;SCP;1996914;0;0;1;0.00
6400;SCP;1996299;0;0;1;0.00
6400;SCP;1790989;1;1;0;0.00
6400;SCP;1822156;1;1;0;0.00
6400;SCP;1877356;1;1;0;0.00
6400;SCP;1770998;1;1;0;0.00
6400;SCP;1828924;1;1;0;0.00
6400;SCP;1835165;1;1;0;0.00
6400;SCP;1819073;1;1;0;0.00
6400;SCP;1811958;1;1;0;0.00
6400;SCP;1790633;1;1;0;0.00
6400;SCP;1787262;1;1;0;0.00
6400;SCP;1793647;1;1;0;0.00
6400;SCP;1782686;1;1;0;0.00
6400;SCP;1776842;1;1;0;0.00
6400;SCP;1790242;1;1;0;0.00
6400;SCP;1831805;1;1;0;0.00
6400;SCP;1862409;1;1;0;0.00
6400;SCP;1796760;1;1;0;0.00
6400;SCP;1792578;1;1;0;0.00
6400;SCP;1789537;1;1;0;0.00
6400;SCP;1792495;1;1;0;0.00
6400;BFDC;1581;1;1;0;3.19
6400;BFDC;1584;1;1;0;3.19
6400;BFDC;1593;1;1;0;3.19
6400;BFDC;1575;1;1;0;3.19
6400;BFDC;1579;1;1;0;3.19
6400;BFDC;1574;1;1;0;3.19
6400;BFDC;1580;1;1;0;3.19
6400;BFDC;1581;1;1;0;3.19
6400;BFDC;1570;1;1;0;3.19
6400;BFDC;1580;1;1;0;3.19
6400;BFDC;1572;1;1;0;3.19
6400;BFDC;1580;1;1;0;3.19
6400;BFDC;1575;1;1;0;3.19
6400;BFDC;1574;1;1;0;3.19
6400;BFDC;1573;1;1;0;3.19
6400;BFDC;1576;1;1;0;3.19
6400;BFDC;1579;1;1;0;3.19
6400;BFDC;1574;1;1;0;3.19
6400;BFDC;1591;1;1;0;3.19
6400;BFDC;1573;1;1;0;3.19
6400;BFDC;1296;1;1;0;2.71
6400;BFDC;1299;1;1;0;2.71
6400;BFDC;1290;1;1;0;2.71
6400;BFDC;1305;1;1;0;2.71
6400;BFDC;1295;1;1;0;2.71
6400;BFDC;1297;1;1;0;2.71
6400;BFDC;1307;1;1;0;2.71
6400;BFDC;1300;1;1;0;2.71
6400;BFDC;1287;1;1;0;2.71
6400;BFDC;1296;1;1;0;2.71
6400;BFDC;1293;1;1;0;2.71
6400;BFDC;1298;1;1;0;2.71
6400;BFDC;1289;1;1;0;2.71
6400;BFDC;1293;1;1;0;2.71
6400;BFDC;1291;1;1;0;2.71
6400;BFDC;1295;1;1;0;2.71
6400;BFDC;1292;1;1;0;2.71
6400;BFDC;1297;1;1;0;2.71
6400;BFDC;1287;1;1;0;2.71
6400;BFDC;1297;1;1;0;2.71
6400;BFDC;1512;1;1;0;3.09
6400;BFDC;1506;1;1;0;3.09
6400;BFDC;1515;1;1;0;3.09
6400;BFDC;1510;1;1;0;3.09
6400;BFDC;1516;1;1;0;3.09
6400;BFDC;1506;1;1;0;3.09
6400;BFDC;1517;1;1;0;3.09
6400;BFDC;1510;1;1;0;3.09
6400;BFDC;1515;1;1;0;3.09
6400;BFDC;1514;1;1;0;3.09
6400;BFDC;1508;1;1;0;3.09
6400;BFDC;1511;1;1;0;3.09
6400;BFDC;1517;1;1;0;3.09
6400;BFDC;1522;1;1;0;3.09
6400;BFDC;1513;1;1;0;3.09
6400;BFDC;1514;1;1;0;3.09
6400;BFDC;1513;1;1;0;3.09
6400;BFDC;1517;1;1;0;3.09
6400;BFDC;1507;1;1;0;3.09
6400;BFDC;1510;1;1;0;3.09
6400;CRA;841707;1;1;0;507.17
6400;CRA;839826;1;1;0;507.17
6400;CRA;839373;1;1;0;507.17
6400;CRA;839394;1;1;0;507.17
6400;CRA;839864;1;1;0;507.17
6400;CRA;839412;1;1;0;507.17
6400;CRA;840063;1;1;0;507.17
6400;CRA;839188;1;1;0;507.17
6400;CRA;839390;1;1;0;507.17
6400;CRA;839500;1;1;0;507.17
6400;CRA;839270;1;1;0;507.17
6400;CRA;839422;1;1;0;507.17
6400;CRA;846060;1;1;0;507.17
6400;CRA;839300;1;1;0;507.17
6400;CRA;839486;1;1;0;507.17
6400;CRA;839436;1;1;0;507.17
6400;CRA;839635;1;1;0;507.17
6400;CRA;839249;1;1;0;507.17
6400;CRA;839556;1;1;0;507.17
6400;CRA;839139;1;1;0;507.17
6400;CRA;1231402;1;1;0;752.16
6400;CRA;1227627;1;1;0;752.16
6400;CRA;1232451;1;1;0;752.16
6400;CRA;1227427;1;1;0;752.16
6400;CRA;1230853;1;1;0;752.16
6400;CRA;1231539;1;1;0;752.16
6400;CRA;1230983;1;1;0;752.16
6400;CRA;1227406;1;1;0;752.16
6400;CRA;1227460;1;1;0;752.16
6400;CRA;1227379;1;1;0;752.16
6400;CRA;1227300;1;1;0;752.16
6400;CRA;1227574;1;1;0;752.16
6400;CRA;1227379;1;1;0;752.16
6400;CRA;1227501;1;1;0;752.16
6400;CRA;1232751;1;1;0;752.16
6400;CRA;1227676;1;1;0;752.16
6400;CRA;1227442;1;1;0;752.16
6400;CRA;1228592;1;1;0;752.16
6400;CRA;1229977;1;1;0;752.16
6400;CRA;1232625;1;1;0;752.16
6400;CRA;190335;1;1;0;114.75
6400;CRA;197066;1;1;0;114.75
6400;CRA;189522;1;1;0;114.75
6400;CRA;190037;1;1;0;114.75
6400;CRA;189524;1;1;0;114.75
6400;CRA;196897;1;1;0;114.75
6400;CRA;189575;1;1;0;114.75
6400;CRA;189545;1;1;0;114.75
6400;CRA;189626;1;1;0;114.75
6400;CRA;196998;1;1;0;114.75
6400;CRA;189599;1;1;0;114.75
6400;CRA;189563;1;1;0;114.75
6400;CRA;189529;1;1;0;114.75
6400;CRA;196806;1;1;0;114.75
6400;CRA;189636;1;1;0;114.75
6400;CRA;189658;1;1;0;114.75
6400;CRA;189599;1;1;0;114.75
6400;CRA;196755;1;1;0;114.75
6400;CRA;189665;1;1;0;114.75
6400;CRA;189811;1;1;0;114.75
25600;RULT;60441;1;1;0;9.15
25600;RULT;58502;1;1;0;9.15
25600;RULT;58330;1;1;0;9.15
25600;RULT;58323;1;1;0;9.15
25600;RULT;58308;1;1;0;9.15
25600;RULT;70668;1;1;0;9.15
25600;RULT;58548;1;1;0;9.15
25600;RULT;58360;1;1;0;9.15
25600;RULT;58275;1;1;0;9.15
25600;RULT;58197;1;1;0;9.15
25600;RULT;59969;1;1;0;9.15
25600;RULT;58509;1;1;0;9.15
25600;RULT;58236;1;1;0;9.15
25600;RULT;58165;1;1;0;9.15
25600;RULT;58167;1;1;0;9.15
25600;RULT;58192;1;1;0;9.15
25600;RULT;58123;1;1;0;9.15
25600;RULT;58244;1;1;0;9.15
25600;RULT;58227;1;1;0;9.15
25600;RULT;58194;1;1;0;9.15
25600;RULT;45340;1;1;0;7.51
25600;RULT;43728;1;1;0;7.51
25600;RULT;43794;1;1;0;7.51
25600;RULT;43637;1;1;0;7.51
25600;RULT;43633;1;1;0;7.51
25600;RULT;43623;1;1;0;7.51
25600;RULT;43585;1;1;0;7.51
25600;RULT;43613;1;1;0;7.51
25600;RULT;43572;1;1;0;7.51
25600;RULT;43588;1;1;0;7.51
25600;RULT;43587;1;1;0;7.51
25600;RULT;50881;1;1;0;7.51
25600;RULT;43981;1;1;0;7.51
25600;RULT;43700;1;1;0;7.51
25600;RULT;43652;1;1;0;7.51
25600;RULT;43572;1;1;0;7.51
25600;RULT;43557;1;1;0;7.51
25600;RULT;43570;1;1;0;7.51
25600;RULT;44981;1;1;0;7.51
25600;RULT;43781;1;1;0;7.51
25600;RULT;50935;1;1;0;7.68
25600;RULT;50996;1;1;0;7.68
25600;RULT;51058;1;1;0;7.68
25600;RULT;51063;1;1;0;7.68
25600;RULT;51032;1;1;0;7.68
25600;RULT;51050;1;1;0;7.68
25600;RULT;50972;1;1;0;7.68
25600;RULT;50990;1;1;0;7.68
25600;RULT;51073;1;1;0;7.68
25600;RULT;52791;1;1;0;7.68
25600;RULT;51016;1;1;0;7.68
25600;RULT;57159;1;1;0;7.68
25600;RULT;51200;1;1;0;7.68
25600;RULT;50951;1;1;0;7.68
25600;RULT;50977;1;1;0;7.68
25600;RULT;50948;1;1;0;7.68
25600;RULT;50933;1;1;0;7.68
25600;RULT;50984;1;1;0;7.68
25600;RULT;50931;1;1;0;7.68
25600;RULT;50942;1;1;0;7.68
25600;BFDC;7224;1;1;0;3.16
25600;BFDC;7066;1;1;0;3.16
25600;BFDC;7074;1;1;0;3.16
25600;BFDC;7069;1;1;0;3.16
25600;BFDC;7055;1;1;0;3.16
25600;BFDC;7081;1;1;0;3.16
25600;BFDC;7092;1;1;0;3.16
25600;BFDC;7097;1;1;0;3.16
25600;BFDC;7093;1;1;0;3.16
25600;BFDC;7094;1;1;0;3.16
25600;BFDC;7083;1;1;0;3.16
25600;BFDC;7089;1;1;0;3.16
25600;BFDC;7106;1;1;0;3.16
25600;BFDC;7102;1;1;0;3.16
25600;BFDC;7101;1;1;0;3.16
25600;BFDC;7099;1;1;0;3.16
25600;BFDC;7086;1;1;0;3.16
25600;BFDC;7101;1;1;0;3.16
25600;BFDC;7105;1;1;0;3.16
25600;BFDC;7087;1;1;0;3.16
25600;BFDC;6619;1;1;0;2.92
25600;BFDC;6532;1;1;0;2.92
25600;BFDC;6557;1;1;0;2.92
25600;BFDC;6525;1;1;0;2.92
25600;BFDC;6540;1;1;0;2.92
25600;BFDC;6543;1;1;0;2.92
25600;BFDC;6531;1;1;0;2.92
25600;BFDC;6551;1;1;0;2.92
25600;BFDC;6544;1;1;0;2.92
25600;BFDC;6536;1;1;0;2.92
25600;BFDC;6542;1;1;0;2.92
25600;BFDC;6543;1;1;0;2.92
25600;BFDC;6547;1;1;0;2.92
25600;BFDC;6529;1;1;0;2.92
25600;BFDC;6545;1;1;0;2.92
25600;BFDC;6543;1;1;0;2.92
25600;BFDC;6533;1;1;0;2.92
25600;BFDC;6535;1;1;0;2.92
25600;BFDC;6544;1;1;0;2.92
25600;BFDC;6558;1;1;0;2.92
25600;BFDC;7722;1;1;0;3.17
25600;BFDC;7376;1;1;0;3.17
25600;BFDC;7355;1;1;0;3.17
25600;BFDC;7355;1;1;0;3.17
25600;BFDC;7340;1;1;0;3.17
25600;BFDC;7365;1;1;0;3.17
25600;BFDC;7322;1;1;0;3.17
25600;BFDC;7372;1;1;0;3.17
25600;BFDC;7397;1;1;0;3.17
25600;BFDC;7363;1;1;0;3.17
25600;BFDC;7333;1;1;0;3.17
25600;BFDC;7354;1;1;0;3.17
25600;BFDC;7339;1;1;0;3.17
25600;BFDC;7361;1;1;0;3.17
25600;BFDC;7340;1;1;0;3.17
25600;BFDC;7338;1;1;0;3.17
25600;BFDC;7361;1;1;0;3.17
25600;BFDC;7328;1;1;0;3.17
25600;BFDC;7351;1;1;0;3.17
25600;BFDC;7359;1;1;0;3.17
12800;RULT;21471;1;1;0;7.44
12800;RULT;20455;1;1;0;7.44
12800;RULT;20396;1;1;0;7.44
12800;RULT;20361;1;1;0;7.44
12800;RULT;20363;1;1;0;7.44
12800;RULT;20389;1;1;0;7.44
12800;RULT;20330;1;1;0;7.44
12800;RULT;20317;1;1;0;7.44
12800;RULT;20334;1;1;0;7.44
12800;RULT;20340;1;1;0;7.44
12800;RULT;20320;1;1;0;7.44
12800;RULT;20310;1;1;0;7.44
12800;RULT;20314;1;1;0;7.44
12800;RULT;20261;1;1;0;7.44
12800;RULT;20310;1;1;0;7.44
12800;RULT;20269;1;1;0;7.44
12800;RULT;20297;1;1;0;7.44
12800;RULT;20271;1;1;0;7.44
12800;RULT;20275;1;1;0;7.44
12800;RULT;20310;1;1;0;7.44
12800;RULT;21202;1;1;0;7.34
12800;RULT;18881;1;1;0;7.34
12800;RULT;18893;1;1;0;7.34
12800;RULT;18776;1;1;0;7.34
12800;RULT;18777;1;1;0;7.34
12800;RULT;18747;1;1;0;7.34
12800;RULT;18780;1;1;0;7.34
12800;RULT;18745;1;1;0;7.34
12800;RULT;19542;1;1;0;7.34
12800;RULT;19110;1;1;0;7.34
12800;RULT;18810;1;1;0;7.34
12800;RULT;18725;1;1;0;7.34
12800;RULT;18705;1;1;0;7.34
12800;RULT;18699;1;1;0;7.34
12800;RULT;18706;1;1;0;7.34
12800;RULT;18680;1;1;0;7.34
12800;RULT;18692;1;1;0;7.34
12800;RULT;18653;1;1;0;7.34
12800;RULT;18658;1;1;0;7.34
12800;RULT;21598;1;1;0;7.34
12800;RULT;19101;1;1;0;6.95
12800;RULT;16972;1;1;0;6.95
12800;RULT;17530;1;1;0;6.95
12800;RULT;16410;1;1;0;6.95
12800;RULT;16981;1;1;0;6.95
12800;RULT;16353;1;1;0;6.95
12800;RULT;16205;1;1;0;6.95
12800;RULT;21245;1;1;0;6.95
12800;RULT;21316;1;1;0;6.95
12800;RULT;19894;1;1;0;6.95
12800;RULT;21209;1;1;0;6.95
12800;RULT;20966;1;1;0;6.95
12800;RULT;22055;1;1;0;6.95
12800;RULT;20918;1;1;0;6.95
12800;RULT;20961;1;1;0;6.95
12800;RULT;21584;1;1;0;6.95
12800;RULT;19325;1;1;0;6.95
12800;RULT;16690;1;1;0;6.95
12800;RULT;20929;1;1;0;6.95
12800;RULT;20755;1;1;0;6.95
12800;ILP;1020519;1;1;0;0.00
12800;ILP;1023912;1;1;0;0.00
12800;ILP;1024773;1;1;0;0.00
12800;ILP;1032143;1;1;0;0.00
12800;ILP;1026135;1;1;0;0.00
12800;ILP;1029568;1;1;0;0.00
12800;ILP;1026678;1;1;0;0.00
12800;ILP;1026695;1;1;0;0.00
12800;ILP;1023567;1;1;0;0.00
12800;ILP;1040376;1;1;0;0.00
12800;ILP;1025936;1;1;0;0.00
12800;ILP;1023035;1;1;0;0.00
12800;ILP;1023329;1;1;0;0.00
12800;ILP;1020192;1;1;0;0.00
12800;ILP;1035146;1;1;0;0.00
12800;ILP;1016931;1;1;0;0.00
12800;ILP;1022303;1;1;0;0.00
12800;ILP;1034394;1;1;0;0.00
12800;ILP;1026971;1;1;0;0.00
12800;ILP;1029616;1;1;0;0.00
12800;ILP;1103547;1;1;0;0.00
12800;ILP;1112123;1;1;0;0.00
12800;ILP;1108717;1;1;0;0.00
12800;ILP;1203178;1;1;0;0.00
12800;ILP;1224429;1;1;0;0.00
12800;ILP;1215520;1;1;0;0.00
12800;ILP;1145028;1;1;0;0.00
12800;ILP;1130783;1;1;0;0.00
12800;ILP;1128606;1;1;0;0.00
12800;ILP;1120636;1;1;0;0.00
12800;ILP;1116650;1;1;0;0.00
12800;ILP;1123750;1;1;0;0.00
12800;ILP;1119319;1;1;0;0.00
12800;ILP;1117943;1;1;0;0.00
12800;ILP;1098739;1;1;0;0.00
12800;ILP;1104465;1;1;0;0.00
12800;ILP;1236770;1;1;0;0.00
12800;ILP;1290016;1;1;0;0.00
12800;ILP;1150668;1;1;0;0.00
12800;ILP;1135110;1;1;0;0.00
12800;ILP;1018923;1;1;0;0.00
12800;ILP;1013228;1;1;0;0.00
12800;ILP;1005027;1;1;0;0.00
12800;ILP;1027870;1;1;0;0.00
12800;ILP;1006098;1;1;0;0.00
12800;ILP;1029849;1;1;0;0.00
12800;ILP;975901;1;1;0;0.00
12800;ILP;961811;1;1;0;0.00
12800;ILP;963460;1;1;0;0.00
12800;ILP;963623;1;1;0;0.00
12800;ILP;953613;1;1;0;0.00
12800;ILP;979277;1;1;0;0.00
12800;ILP;966461;1;1;0;0.00
12800;ILP;972335;1;1;0;0.00
12800;ILP;960701;1;1;0;0.00
12800;ILP;968971;1;1;0;0.00
12800;ILP;962021;1;1;0;0.00
12800;ILP;956508;1;1;0;0.00
12800;ILP;964947;1;1;0;0.00
12800;ILP;952302;1;1;0;0.00
12800;BFDC;3022;1;1;0;2.86
12800;BFDC;2958;1;1;0;2.86
12800;BFDC;2959;1;1;0;2.86
12800;BFDC;2963;1;1;0;2.86
12800;BFDC;2969;1;1;0;2.86
12800;BFDC;2965;1;1;0;2.86
12800;BFDC;2956;1;1;0;2.86
12800;BFDC;2961;1;1;0;2.86
12800;BFDC;2973;1;1;0;2.86
12800;BFDC;2961;1;1;0;2.86
12800;BFDC;2960;1;1;0;2.86
12800;BFDC;2953;1;1;0;2.86
12800;BFDC;2964;1;1;0;2.86
12800;BFDC;2976;1;1;0;2.86
12800;BFDC;2977;1;1;0;2.86
12800;BFDC;2958;1;1;0;2.86
12800;BFDC;2954;1;1;0;2.86
12800;BFDC;2953;1;1;0;2.86
12800;BFDC;2968;1;1;0;2.86
12800;BFDC;2965;1;1;0;2.86
12800;BFDC;2912;1;1;0;2.71
12800;BFDC;2839;1;1;0;2.71
12800;BFDC;2848;1;1;0;2.71
12800;BFDC;2835;1;1;0;2.71
12800;BFDC;2842;1;1;0;2.71
12800;BFDC;2835;1;1;0;2.71
12800;BFDC;2850;1;1;0;2.71
12800;BFDC;2840;1;1;0;2.71
12800;BFDC;2843;1;1;0;2.71
12800;BFDC;2843;1;1;0;2.71
12800;BFDC;2870;1;1;0;2.71
12800;BFDC;2835;1;1;0;2.71
12800;BFDC;2839;1;1;0;2.71
12800;BFDC;2848;1;1;0;2.71
12800;BFDC;2839;1;1;0;2.71
12800;BFDC;2852;1;1;0;2.71
12800;BFDC;2846;1;1;0;2.71
12800;BFDC;2837;1;1;0;2.71
12800;BFDC;2847;1;1;0;2.71
12800;BFDC;2840;1;1;0;2.71
12800;BFDC;3686;1;1;0;3.54
12800;BFDC;3695;1;1;0;3.54
12800;BFDC;3700;1;1;0;3.54
12800;BFDC;3687;1;1;0;3.54
12800;BFDC;14562;1;1;0;3.54
12800;BFDC;3680;1;1;0;3.54
12800;BFDC;3682;1;1;0;3.54
12800;BFDC;3686;1;1;0;3.54
12800;BFDC;3697;1;1;0;3.54
12800;BFDC;3724;1;1;0;3.54
12800;BFDC;3711;1;1;0;3.54
12800;BFDC;3687;1;1;0;3.54
12800;BFDC;3700;1;1;0;3.54
12800;BFDC;3686;1;1;0;3.54
12800;BFDC;3687;1;1;0;3.54
12800;BFDC;3703;1;1;0;3.54
12800;BFDC;3684;1;1;0;3.54
12800;BFDC;3681;1;1;0;3.54
12800;BFDC;3682;1;1;0;3.54
12800;BFDC;3688;1;1;0;3.54
12800;CRA;629873;1;1;0;172.71
12800;CRA;627649;1;1;0;172.71
12800;CRA;626980;1;1;0;172.71
12800;CRA;627305;1;1;0;172.71
12800;CRA;627602;1;1;0;172.71
12800;CRA;627103;1;1;0;172.71
12800;CRA;639697;1;1;0;172.71
12800;CRA;627544;1;1;0;172.71
12800;CRA;729745;1;1;0;172.71
12800;CRA;675209;1;1;0;172.71
12800;CRA;643002;1;1;0;172.71
12800;CRA;652758;1;1;0;172.71
12800;CRA;753892;1;1;0;172.71
12800;CRA;747346;1;1;0;172.71
12800;CRA;746198;1;1;0;172.71
12800;CRA;748081;1;1;0;172.71
12800;CRA;653363;1;1;0;172.71
12800;CRA;630365;1;1;0;172.71
12800;CRA;642315;1;1;0;172.71
12800;CRA;631334;1;1;0;172.71
12800;CRA;592965;1;1;0;160.44
12800;CRA;640119;1;1;0;160.44
12800;CRA;619225;1;1;0;160.44
12800;CRA;590394;1;1;0;160.44
12800;CRA;629737;1;1;0;160.44
12800;CRA;619149;1;1;0;160.44
12800;CRA;592790;1;1;0;160.44
12800;CRA;619191;1;1;0;160.44
12800;CRA;622221;1;1;0;160.44
12800;CRA;615300;1;1;0;160.44
12800;CRA;590482;1;1;0;160.44
12800;CRA;628653;1;1;0;160.44
12800;CRA;631178;1;1;0;160.44
12800;CRA;588398;1;1;0;160.44
12800;CRA;620409;1;1;0;160.44
12800;CRA;630255;1;1;0;160.44
12800;CRA;594796;1;1;0;160.44
12800;CRA;620697;1;1;0;160.44
12800;CRA;621056;1;1;0;160.44
12800;CRA;605502;1;1;0;160.44
12800;CRA;351278;1;1;0;98.51
12800;CRA;349649;1;1;0;98.51
12800;CRA;350504;1;1;0;98.51
12800;CRA;356202;1;1;0;98.51
12800;CRA;349636;1;1;0;98.51
12800;CRA;350413;1;1;0;98.51
12800;CRA;349668;1;1;0;98.51
12800;CRA;361014;1;1;0;98.51
12800;CRA;349810;1;1;0;98.51
12800;CRA;350115;1;1;0;98.51
12800;CRA;349625;1;1;0;98.51
12800;CRA;356931;1;1;0;98.51
12800;CRA;349759;1;1;0;98.51
12800;CRA;349491;1;1;0;98.51
12800;CRA;360772;1;1;0;98.51
12800;CRA;350825;1;1;0;98.51
12800;CRA;349739;1;1;0;98.51
12800;CRA;349486;1;1;0;98.51
12800;CRA;356386;1;1;0;98.51
12800;CRA;349499;1;1;0;98.51
100;ULT;5266;1;1;0;430.93
100;ULT;5302;1;1;0;430.93
100;ULT;5340;1;1;0;430.93
100;ULT;5301;1;1;0;430.93
100;ULT;5304;1;1;0;430.93
100;ULT;5330;1;1;0;430.93
100;ULT;5308;1;1;0;430.93
100;ULT;5300;1;1;0;430.93
100;ULT;5303;1;1;0;430.93
100;ULT;5303;1;1;0;430.93
100;ULT;8296;1;1;0;430.93
100;ULT;7635;1;1;0;430.93
100;ULT;5262;1;1;0;430.93
100;ULT;5302;1;1;0;430.93
100;ULT;5289;1;1;0;430.93
100;ULT;5315;1;1;0;430.93
100;ULT;5307;1;1;0;430.93
100;ULT;5307;1;1;0;430.93
100;ULT;5260;1;1;0;430.93
100;ULT;5088;1;1;0;430.93
100;ULT;5067;1;1;0;431.01
100;ULT;5063;1;1;0;431.01
100;ULT;5105;1;1;0;431.01
100;ULT;5064;1;1;0;431.01
100;ULT;5061;1;1;0;431.01
100;ULT;5066;1;1;0;431.01
100;ULT;5069;1;1;0;431.01
100;ULT;5063;1;1;0;431.01
100;ULT;5068;1;1;0;431.01
100;ULT;5059;1;1;0;431.01
100;ULT;5063;1;1;0;431.01
100;ULT;5063;1;1;0;431.01
100;ULT;5057;1;1;0;431.01
100;ULT;5089;1;1;0;431.01
100;ULT;5120;1;1;0;431.01
100;ULT;5058;1;1;0;431.01
100;ULT;5062;1;1;0;431.01
100;ULT;5062;1;1;0;431.01
100;ULT;5137;1;1;0;431.01
100;ULT;5114;1;1;0;431.01
100;ULT;3869;1;1;0;323.11
100;ULT;3842;1;1;0;323.11
100;ULT;3885;1;1;0;323.11
100;ULT;3853;1;1;0;323.11
100;ULT;3858;1;1;0;323.11
100;ULT;3866;1;1;0;323.11
100;ULT;3840;1;1;0;323.11
100;ULT;3887;1;1;0;323.11
100;ULT;3842;1;1;0;323.11
100;ULT;3851;1;1;0;323.11
100;ULT;3882;1;1;0;323.11
100;ULT;3849;1;1;0;323.11
100;ULT;3847;1;1;0;323.11
100;ULT;3872;1;1;0;323.11
100;ULT;3841;1;1;0;323.11
100;ULT;3834;1;1;0;323.11
100;ULT;3834;1;1;0;323.11
100;ULT;3833;1;1;0;323.11
100;ULT;3821;1;1;0;323.11
100;ULT;3821;1;1;0;323.11
100;RULT;89;1;1;0;6.57
100;RULT;81;1;1;0;6.57
100;RULT;79;1;1;0;6.57
100;RULT;78;1;1;0;6.57
100;RULT;78;1;1;0;6.57
100;RULT;77;1;1;0;6.57
100;RULT;77;1;1;0;6.57
100;RULT;77;1;1;0;6.57
100;RULT;77;1;1;0;6.57
100;RULT;76;1;1;0;6.57
100;RULT;76;1;1;0;6.57
100;RULT;77;1;1;0;6.57
100;RULT;77;1;1;0;6.57
100;RULT;77;1;1;0;6.57
100;RULT;77;1;1;0;6.57
100;RULT;77;1;1;0;6.57
100;RULT;77;1;1;0;6.57
100;RULT;83;1;1;0;6.57
100;RULT;77;1;1;0;6.57
100;RULT;77;1;1;0;6.57
100;RULT;86;1;1;0;6.28
100;RULT;75;1;1;0;6.28
100;RULT;71;1;1;0;6.28
100;RULT;70;1;1;0;6.28
100;RULT;70;1;1;0;6.28
100;RULT;68;1;1;0;6.28
100;RULT;68;1;1;0;6.28
100;RULT;68;1;1;0;6.28
100;RULT;66;1;1;0;6.28
100;RULT;65;1;1;0;6.28
100;RULT;65;1;1;0;6.28
100;RULT;65;1;1;0;6.28
100;RULT;64;1;1;0;6.28
100;RULT;64;1;1;0;6.28
100;RULT;64;1;1;0;6.28
100;RULT;70;1;1;0;6.28
100;RULT;65;1;1;0;6.28
100;RULT;66;1;1;0;6.28
100;RULT;64;1;1;0;6.28
100;RULT;64;1;1;0;6.28
100;RULT;98;1;1;0;6.87
100;RULT;89;1;1;0;6.87
100;RULT;87;1;1;0;6.87
100;RULT;86;1;1;0;6.87
100;RULT;86;1;1;0;6.87
100;RULT;86;1;1;0;6.87
100;RULT;85;1;1;0;6.87
100;RULT;85;1;1;0;6.87
100;RULT;85;1;1;0;6.87
100;RULT;85;1;1;0;6.87
100;RULT;85;1;1;0;6.87
100;RULT;84;1;1;0;6.87
100;RULT;84;1;1;0;6.87
100;RULT;84;1;1;0;6.87
100;RULT;85;1;1;0;6.87
100;RULT;84;1;1;0;6.87
100;RULT;84;1;1;0;6.87
100;RULT;84;1;1;0;6.87
100;RULT;84;1;1;0;6.87
100;RULT;85;1;1;0;6.87
100;ILP;9950;1;1;0;0.00
100;ILP;6056;1;1;0;0.00
100;ILP;5149;1;1;0;0.00
100;ILP;5123;1;1;0;0.00
100;ILP;5126;1;1;0;0.00
100;ILP;5149;1;1;0;0.00
100;ILP;5092;1;1;0;0.00
100;ILP;5239;1;1;0;0.00
100;ILP;5197;1;1;0;0.00
100;ILP;5157;1;1;0;0.00
100;ILP;5182;1;1;0;0.00
100;ILP;5158;1;1;0;0.00
100;ILP;5253;1;1;0;0.00
100;ILP;5260;1;1;0;0.00
100;ILP;5103;1;1;0;0.00
100;ILP;5151;1;1;0;0.00
100;ILP;5130;1;1;0;0.00
100;ILP;5165;1;1;0;0.00
100;ILP;5259;1;1;0;0.00
100;ILP;5199;1;1;0;0.00
100;ILP;10023;1;1;0;0.00
100;ILP;6671;1;1;0;0.00
100;ILP;5308;1;1;0;0.00
100;ILP;5297;1;1;0;0.00
100;ILP;5317;1;1;0;0.00
100;ILP;5259;1;1;0;0.00
100;ILP;5293;1;1;0;0.00
100;ILP;5368;1;1;0;0.00
100;ILP;5236;1;1;0;0.00
100;ILP;5274;1;1;0;0.00
100;ILP;5248;1;1;0;0.00
100;ILP;5301;1;1;0;0.00
100;ILP;10123;1;1;0;0.00
100;ILP;6544;1;1;0;0.00
100;ILP;5547;1;1;0;0.00
100;ILP;5224;1;1;0;0.00
100;ILP;5233;1;1;0;0.00
100;ILP;5219;1;1;0;0.00
100;ILP;5325;1;1;0;0.00
100;ILP;5212;1;1;0;0.00
100;ILP;9643;1;1;0;0.00
100;ILP;6037;1;1;0;0.00
100;ILP;5240;1;1;0;0.00
100;ILP;5202;1;1;0;0.00
100;ILP;5216;1;1;0;0.00
100;ILP;5158;1;1;0;0.00
100;ILP;5198;1;1;0;0.00
100;ILP;5273;1;1;0;0.00
100;ILP;5173;1;1;0;0.00
100;ILP;5198;1;1;0;0.00
100;ILP;5203;1;1;0;0.00
100;ILP;5267;1;1;0;0.00
100;ILP;5257;1;1;0;0.00
100;ILP;5204;1;1;0;0.00
100;ILP;5311;1;1;0;0.00
100;ILP;5182;1;1;0;0.00
100;ILP;5210;1;1;0;0.00
100;ILP;5182;1;1;0;0.00
100;ILP;5227;1;1;0;0.00
100;ILP;5183;1;1;0;0.00
100;CP;16865;1;1;0;0.00
100;CP;17011;1;1;0;0.00
100;CP;16461;1;1;0;0.00
100;CP;16649;1;1;0;0.00
100;CP;16784;1;1;0;0.00
100;CP;16659;1;1;0;0.00
100;CP;16699;1;1;0;0.00
100;CP;16766;1;1;0;0.00
100;CP;16868;1;1;0;0.00
100;CP;16608;1;1;0;0.00
100;CP;16716;1;1;0;0.00
100;CP;16635;1;1;0;0.00
100;CP;16826;1;1;0;0.00
100;CP;16993;1;1;0;0.00
100;CP;16908;1;1;0;0.00
100;CP;16734;1;1;0;0.00
100;CP;16723;1;1;0;0.00
100;CP;16885;1;1;0;0.00
100;CP;16825;1;1;0;0.00
100;CP;16558;1;1;0;0.00
100;CP;18865;1;1;0;0.00
100;CP;18504;1;1;0;0.00
100;CP;18555;1;1;0;0.00
100;CP;18593;1;1;0;0.00
100;CP;18631;1;1;0;0.00
100;CP;18702;1;1;0;0.00
100;CP;18523;1;1;0;0.00
100;CP;18485;1;1;0;0.00
100;CP;18469;1;1;0;0.00
100;CP;18450;1;1;0;0.00
100;CP;18711;1;1;0;0.00
100;CP;18363;1;1;0;0.00
100;CP;18318;1;1;0;0.00
100;CP;18514;1;1;0;0.00
100;CP;18450;1;1;0;0.00
100;CP;18684;1;1;0;0.00
100;CP;18560;1;1;0;0.00
100;CP;18563;1;1;0;0.00
100;CP;18607;1;1;0;0.00
100;CP;18477;1;1;0;0.00
100;CP;20201;1;1;0;0.00
100;CP;20588;1;1;0;0.00
100;CP;20173;1;1;0;0.00
100;CP;19872;1;1;0;0.00
100;CP;19906;1;1;0;0.00
100;CP;20037;1;1;0;0.00
100;CP;19803;1;1;0;0.00
100;CP;20052;1;1;0;0.00
100;CP;20448;1;1;0;0.00
100;CP;20383;1;1;0;0.00
100;CP;20028;1;1;0;0.00
100;CP;19838;1;1;0;0.00
100;CP;19934;1;1;0;0.00
100;CP;19751;1;1;0;0.00
100;CP;19993;1;1;0;0.00
100;CP;19795;1;1;0;0.00
100;CP;19960;1;1;0;0.00
100;CP;20138;1;1;0;0.00
100;CP;19930;1;1;0;0.00
100;CP;19942;1;1;0;0.00
100;SCP;17584;1;1;0;0.00
100;SCP;17398;1;1;0;0.00
100;SCP;17386;1;1;0;0.00
100;SCP;17361;1;1;0;0.00
100;SCP;17358;1;1;0;0.00
100;SCP;17385;1;1;0;0.00
100;SCP;17363;1;1;0;0.00
100;SCP;17387;1;1;0;0.00
100;SCP;17388;1;1;0;0.00
100;SCP;17372;1;1;0;0.00
100;SCP;17340;1;1;0;0.00
100;SCP;17386;1;1;0;0.00
100;SCP;17349;1;1;0;0.00
100;SCP;17396;1;1;0;0.00
100;SCP;17383;1;1;0;0.00
100;SCP;17364;1;1;0;0.00
100;SCP;17351;1;1;0;0.00
100;SCP;17392;1;1;0;0.00
100;SCP;17381;1;1;0;0.00
100;SCP;17341;1;1;0;0.00
100;SCP;24626;1;1;0;0.00
100;SCP;24261;1;1;0;0.00
100;SCP;24286;1;1;0;0.00
100;SCP;24284;1;1;0;0.00
100;SCP;24234;1;1;0;0.00
100;SCP;24170;1;1;0;0.00
100;SCP;24002;1;1;0;0.00
100;SCP;24066;1;1;0;0.00
100;SCP;24013;1;1;0;0.00
100;SCP;23992;1;1;0;0.00
100;SCP;24287;1;1;0;0.00
100;SCP;24252;1;1;0;0.00
100;SCP;24207;1;1;0;0.00
100;SCP;24195;1;1;0;0.00
100;SCP;24366;1;1;0;0.00
100;SCP;24315;1;1;0;0.00
100;SCP;24269;1;1;0;0.00
100;SCP;24270;1;1;0;0.00
100;SCP;24990;1;1;0;0.00
100;SCP;24441;1;1;0;0.00
100;SCP;27159;1;1;0;0.00
100;SCP;26947;1;1;0;0.00
100;SCP;26833;1;1;0;0.00
100;SCP;26844;1;1;0;0.00
100;SCP;26771;1;1;0;0.00
100;SCP;26774;1;1;0;0.00
100;SCP;26911;1;1;0;0.00
100;SCP;26780;1;1;0;0.00
100;SCP;26772;1;1;0;0.00
100;SCP;26925;1;1;0;0.00
100;SCP;26861;1;1;0;0.00
100;SCP;26937;1;1;0;0.00
100;SCP;26780;1;1;0;0.00
100;SCP;26750;1;1;0;0.00
100;SCP;26763;1;1;0;0.00
100;SCP;26786;1;1;0;0.00
100;SCP;26775;1;1;0;0.00
100;SCP;27160;1;1;0;0.00
100;SCP;27094;1;1;0;0.00
100;SCP;26922;1;1;0;0.00
100;KAB;1302;1;1;0;0.00
100;KAB;1250;1;1;0;0.00
100;KAB;1254;1;1;0;0.00
100;KAB;1254;1;1;0;0.00
100;KAB;1256;1;1;0;0.00
100;KAB;1268;1;1;0;0.00
100;KAB;1261;1;1;0;0.00
100;KAB;1251;1;1;0;0.00
100;KAB;1252;1;1;0;0.00
100;KAB;1249;1;1;0;0.00
100;KAB;1253;1;1;0;0.00
100;KAB;1261;1;1;0;0.00
100;KAB;1247;1;1;0;0.00
100;KAB;1252;1;1;0;0.00
100;KAB;1256;1;1;0;0.00
100;KAB;1261;1;1;0;0.00
100;KAB;1259;1;1;0;0.00
100;KAB;1250;1;1;0;0.00
100;KAB;1246;1;1;0;0.00
100;KAB;1254;1;1;0;0.00
100;KAB;1206;1;1;0;0.00
100;KAB;1175;1;1;0;0.00
100;KAB;1162;1;1;0;0.00
100;KAB;1165;1;1;0;0.00
100;KAB;1170;1;1;0;0.00
100;KAB;1164;1;1;0;0.00
100;KAB;1162;1;1;0;0.00
100;KAB;1161;1;1;0;0.00
100;KAB;1170;1;1;0;0.00
100;KAB;1165;1;1;0;0.00
100;KAB;1168;1;1;0;0.00
100;KAB;1161;1;1;0;0.00
100;KAB;1162;1;1;0;0.00
100;KAB;1228;1;1;0;0.00
100;KAB;1233;1;1;0;0.00
100;KAB;1231;1;1;0;0.00
100;KAB;1229;1;1;0;0.00
100;KAB;1238;1;1;0;0.00
100;KAB;1239;1;1;0;0.00
100;KAB;1230;1;1;0;0.00
100;KAB;1123;1;1;0;0.00
100;KAB;1069;1;1;0;0.00
100;KAB;1080;1;1;0;0.00
100;KAB;1067;1;1;0;0.00
100;KAB;1067;1;1;0;0.00
100;KAB;1070;1;1;0;0.00
100;KAB;1081;1;1;0;0.00
100;KAB;1069;1;1;0;0.00
100;KAB;1066;1;1;0;0.00
100;KAB;1073;1;1;0;0.00
100;KAB;1075;1;1;0;0.00
100;KAB;1068;1;1;0;0.00
100;KAB;1068;1;1;0;0.00
100;KAB;1075;1;1;0;0.00
100;KAB;1064;1;1;0;0.00
100;KAB;1066;1;1;0;0.00
100;KAB;1064;1;1;0;0.00
100;KAB;1140;1;1;0;0.00
100;KAB;1138;1;1;0;0.00
100;KAB;1134;1;1;0;0.00
100;BFDC;17;1;1;0;2.66
100;BFDC;16;1;1;0;2.66
100;BFDC;15;1;1;0;2.66
100;BFDC;15;1;1;0;2.66
100;BFDC;15;1;1;0;2.66
100;BFDC;15;1;1;0;2.66
100;BFDC;15;1;1;0;2.66
100;BFDC;15;1;1;0;2.66
100;BFDC;15;1;1;0;2.66
100;BFDC;15;1;1;0;2.66
100;BFDC;15;1;1;0;2.66
100;BFDC;15;1;1;0;2.66
100;BFDC;15;1;1;0;2.66
100;BFDC;15;1;1;0;2.66
100;BFDC;15;1;1;0;2.66
100;BFDC;15;1;1;0;2.66
100;BFDC;15;1;1;0;2.66
100;BFDC;15;1;1;0;2.66
100;BFDC;15;1;1;0;2.66
100;BFDC;15;1;1;0;2.66
100;BFDC;14;1;1;0;2.38
100;BFDC;13;1;1;0;2.38
100;BFDC;12;1;1;0;2.38
100;BFDC;11;1;1;0;2.38
100;BFDC;11;1;1;0;2.38
100;BFDC;11;1;1;0;2.38
100;BFDC;11;1;1;0;2.38
100;BFDC;10;1;1;0;2.38
100;BFDC;10;1;1;0;2.38
100;BFDC;10;1;1;0;2.38
100;BFDC;10;1;1;0;2.38
100;BFDC;10;1;1;0;2.38
100;BFDC;10;1;1;0;2.38
100;BFDC;10;1;1;0;2.38
100;BFDC;10;1;1;0;2.38
100;BFDC;10;1;1;0;2.38
100;BFDC;9;1;1;0;2.38
100;BFDC;10;1;1;0;2.38
100;BFDC;9;1;1;0;2.38
100;BFDC;9;1;1;0;2.38
100;BFDC;16;1;1;0;2.67
100;BFDC;15;1;1;0;2.67
100;BFDC;14;1;1;0;2.67
100;BFDC;13;1;1;0;2.67
100;BFDC;12;1;1;0;2.67
100;BFDC;13;1;1;0;2.67
100;BFDC;12;1;1;0;2.67
100;BFDC;12;1;1;0;2.67
100;BFDC;12;1;1;0;2.67
100;BFDC;12;1;1;0;2.67
100;BFDC;12;1;1;0;2.67
100;BFDC;11;1;1;0;2.67
100;BFDC;11;1;1;0;2.67
100;BFDC;11;1;1;0;2.67
100;BFDC;11;1;1;0;2.67
100;BFDC;11;1;1;0;2.67
100;BFDC;11;1;1;0;2.67
100;BFDC;11;1;1;0;2.67
100;BFDC;11;1;1;0;2.67
100;BFDC;11;1;1;0;2.67
100;CRA;181;1;1;0;12.97
100;CRA;170;1;1;0;12.97
100;CRA;168;1;1;0;12.97
100;CRA;165;1;1;0;12.97
100;CRA;165;1;1;0;12.97
100;CRA;166;1;1;0;12.97
100;CRA;165;1;1;0;12.97
100;CRA;165;1;1;0;12.97
100;CRA;164;1;1;0;12.97
100;CRA;164;1;1;0;12.97
100;CRA;163;1;1;0;12.97
100;CRA;164;1;1;0;12.97
100;CRA;163;1;1;0;12.97
100;CRA;164;1;1;0;12.97
100;CRA;164;1;1;0;12.97
100;CRA;164;1;1;0;12.97
100;CRA;168;1;1;0;12.97
100;CRA;164;1;1;0;12.97
100;CRA;164;1;1;0;12.97
100;CRA;164;1;1;0;12.97
100;CRA;140;1;1;0;10.41
100;CRA;131;1;1;0;10.41
100;CRA;126;1;1;0;10.41
100;CRA;123;1;1;0;10.41
100;CRA;122;1;1;0;10.41
100;CRA;120;1;1;0;10.41
100;CRA;118;1;1;0;10.41
100;CRA;118;1;1;0;10.41
100;CRA;117;1;1;0;10.41
100;CRA;116;1;1;0;10.41
100;CRA;117;1;1;0;10.41
100;CRA;116;1;1;0;10.41
100;CRA;115;1;1;0;10.41
100;CRA;115;1;1;0;10.41
100;CRA;116;1;1;0;10.41
100;CRA;115;1;1;0;10.41
100;CRA;115;1;1;0;10.41
100;CRA;114;1;1;0;10.41
100;CRA;114;1;1;0;10.41
100;CRA;115;1;1;0;10.41
100;CRA;206;1;1;0;15.15
100;CRA;193;1;1;0;15.15
100;CRA;189;1;1;0;15.15
100;CRA;187;1;1;0;15.15
100;CRA;186;1;1;0;15.15
100;CRA;184;1;1;0;15.15
100;CRA;185;1;1;0;15.15
100;CRA;185;1;1;0;15.15
100;CRA;184;1;1;0;15.15
100;CRA;184;1;1;0;15.15
100;CRA;184;1;1;0;15.15
100;CRA;184;1;1;0;15.15
100;CRA;185;1;1;0;15.15
100;CRA;185;1;1;0;15.15
100;CRA;189;1;1;0;15.15
100;CRA;184;1;1;0;15.15
100;CRA;184;1;1;0;15.15
100;CRA;185;1;1;0;15.15
100;CRA;184;1;1;0;15.15
100;CRA;183;1;1;0;15.15
200;ULT;32694;1;1;0;831.48
200;ULT;32485;1;1;0;831.48
200;ULT;32408;1;1;0;831.48
200;ULT;32467;1;1;0;831.48
200;ULT;33300;1;1;0;831.48
200;ULT;32636;1;1;0;831.48
200;ULT;32472;1;1;0;831.48
200;ULT;32418;1;1;0;831.48
200;ULT;32403;1;1;0;831.48
200;ULT;32401;1;1;0;831.48
200;ULT;32393;1;1;0;831.48
200;ULT;32450;1;1;0;831.48
200;ULT;32363;1;1;0;831.48
200;ULT;32399;1;1;0;831.48
200;ULT;32398;1;1;0;831.48
200;ULT;32554;1;1;0;831.48
200;ULT;32373;1;1;0;831.48
200;ULT;32394;1;1;0;831.48
200;ULT;32542;1;1;0;831.48
200;ULT;32403;1;1;0;831.48
200;ULT;24484;1;1;0;623.67
200;ULT;24560;1;1;0;623.67
200;ULT;24497;1;1;0;623.67
200;ULT;24529;1;1;0;623.67
200;ULT;24965;1;1;0;623.67
200;ULT;25220;1;1;0;623.67
200;ULT;25184;1;1;0;623.67
200;ULT;25236;1;1;0;623.67
200;ULT;24881;1;1;0;623.67
200;ULT;24452;1;1;0;623.67
200;ULT;24532;1;1;0;623.67
200;ULT;24499;1;1;0;623.67
200;ULT;24480;1;1;0;623.67
200;ULT;24911;1;1;0;623.67
200;ULT;25217;1;1;0;623.67
200;ULT;25213;1;1;0;623.67
200;ULT;25141;1;1;0;623.67
200;ULT;24940;1;1;0;623.67
200;ULT;25169;1;1;0;623.67
200;ULT;25216;1;1;0;623.67
200;ULT;24595;1;1;0;623.54
200;ULT;24437;1;1;0;623.54
200;ULT;24453;1;1;0;623.54
200;ULT;24519;1;1;0;623.54
200;ULT;24571;1;1;0;623.54
200;ULT;24482;1;1;0;623.54
200;ULT;24504;1;1;0;623.54
200;ULT;24448;1;1;0;623.54
200;ULT;24428;1;1;0;623.54
200;ULT;24483;1;1;0;623.54
200;ULT;25013;1;1;0;623.54
200;ULT;25135;1;1;0;623.54
200;ULT;25175;1;1;0;623.54
200;ULT;25123;1;1;0;623.54
200;ULT;25199;1;1;0;623.54
200;ULT;25126;1;1;0;623.54
200;ULT;25135;1;1;0;623.54
200;ULT;25137;1;1;0;623.54
200;ULT;24605;1;1;0;623.54
200;ULT;24521;1;1;0;623.54
200;RULT;199;1;1;0;7.18
200;RULT;187;1;1;0;7.18
200;RULT;183;1;1;0;7.18
200;RULT;185;1;1;0;7.18
200;RULT;181;1;1;0;7.18
200;RULT;180;1;1;0;7.18
200;RULT;181;1;1;0;7.18
200;RULT;179;1;1;0;7.18
200;RULT;179;1;1;0;7.18
200;RULT;180;1;1;0;7.18
200;RULT;182;1;1;0;7.18
200;RULT;179;1;1;0;7.18
200;RULT;179;1;1;0;7.18
200;RULT;188;1;1;0;7.18
200;RULT;181;1;1;0;7.18
200;RULT;179;1;1;0;7.18
200;RULT;181;1;1;0;7.18
200;RULT;181;1;1;0;7.18
200;RULT;179;1;1;0;7.18
200;RULT;181;1;1;0;7.18
200;RULT;178;1;1;0;6.41
200;RULT;172;1;1;0;6.41
200;RULT;170;1;1;0;6.41
200;RULT;170;1;1;0;6.41
200;RULT;170;1;1;0;6.41
200;RULT;169;1;1;0;6.41
200;RULT;174;1;1;0;6.41
200;RULT;170;1;1;0;6.41
200;RULT;169;1;1;0;6.41
200;RULT;169;1;1;0;6.41
200;RULT;169;1;1;0;6.41
200;RULT;167;1;1;0;6.41
200;RULT;169;1;1;0;6.41
200;RULT;168;1;1;0;6.41
200;RULT;169;1;1;0;6.41
200;RULT;167;1;1;0;6.41
200;RULT;170;1;1;0;6.41
200;RULT;168;1;1;0;6.41
200;RULT;168;1;1;0;6.41
200;RULT;170;1;1;0;6.41
200;RULT;173;1;1;0;6.02
200;RULT;166;1;1;0;6.02
200;RULT;164;1;1;0;6.02
200;RULT;165;1;1;0;6.02
200;RULT;164;1;1;0;6.02
200;RULT;164;1;1;0;6.02
200;RULT;163;1;1;0;6.02
200;RULT;164;1;1;0;6.02
200;RULT;164;1;1;0;6.02
200;RULT;164;1;1;0;6.02
200;RULT;163;1;1;0;6.02
200;RULT;164;1;1;0;6.02
200;RULT;164;1;1;0;6.02
200;RULT;165;1;1;0;6.02
200;RULT;164;1;1;0;6.02
200;RULT;163;1;1;0;6.02
200;RULT;163;1;1;0;6.02
200;RULT;163;1;1;0;6.02
200;RULT;162;1;1;0;6.02
200;RULT;163;1;1;0;6.02
200;ILP;15661;1;1;0;0.00
200;ILP;10874;1;1;0;0.00
200;ILP;10332;1;1;0;0.00
200;ILP;10365;1;1;0;0.00
200;ILP;10303;1;1;0;0.00
200;ILP;10279;1;1;0;0.00
200;ILP;10278;1;1;0;0.00
200;ILP;10368;1;1;0;0.00
200;ILP;10514;1;1;0;0.00
200;ILP;10371;1;1;0;0.00
200;ILP;10548;1;1;0;0.00
200;ILP;10545;1;1;0;0.00
200;ILP;10341;1;1;0;0.00
200;ILP;10316;1;1;0;0.00
200;ILP;10371;1;1;0;0.00
200;ILP;10210;1;1;0;0.00
200;ILP;10342;1;1;0;0.00
200;ILP;10337;1;1;0;0.00
200;ILP;10535;1;1;0;0.00
200;ILP;10619;1;1;0;0.00
200;ILP;16040;1;1;0;0.00
200;ILP;11319;1;1;0;0.00
200;ILP;10795;1;1;0;0.00
200;ILP;10848;1;1;0;0.00
200;ILP;10847;1;1;0;0.00
200;ILP;10808;1;1;0;0.00
200;ILP;10843;1;1;0;0.00
200;ILP;10974;1;1;0;0.00
200;ILP;11025;1;1;0;0.00
200;ILP;11357;1;1;0;0.00
200;ILP;10847;1;1;0;0.00
200;ILP;10969;1;1;0;0.00
200;ILP;10816;1;1;0;0.00
200;ILP;11054;1;1;0;0.00
200;ILP;10856;1;1;0;0.00
200;ILP;10854;1;1;0;0.00
200;ILP;10867;1;1;0;0.00
200;ILP;10840;1;1;0;0.00
200;ILP;10762;1;1;0;0.00
200;ILP;10847;1;1;0;0.00
200;ILP;16262;1;1;0;0.00
200;ILP;11337;1;1;0;0.00
200;ILP;10718;1;1;0;0.00
200;ILP;10842;1;1;0;0.00
200;ILP;10968;1;1;0;0.00
200;ILP;10741;1;1;0;0.00
200;ILP;11097;1;1;0;0.00
200;ILP;10857;1;1;0;0.00
200;ILP;10693;1;1;0;0.00
200;ILP;10693;1;1;0;0.00
200;ILP;10792;1;1;0;0.00
200;ILP;10836;1;1;0;0.00
200;ILP;10854;1;1;0;0.00
200;ILP;10880;1;1;0;0.00
200;ILP;10795;1;1;0;0.00
200;ILP;10830;1;1;0;0.00
200;ILP;10837;1;1;0;0.00
200;ILP;11075;1;1;0;0.00
200;ILP;10997;1;1;0;0.00
200;ILP;10810;1;1;0;0.00
200;CP;36222;1;1;0;0.00
200;CP;34738;1;1;0;0.00
200;CP;34659;1;1;0;0.00
200;CP;34764;1;1;0;0.00
200;CP;35139;1;1;0;0.00
200;CP;34980;1;1;0;0.00
200;CP;34898;1;1;0;0.00
200;CP;34755;1;1;0;0.00
200;CP;35673;1;1;0;0.00
200;CP;34889;1;1;0;0.00
200;CP;35362;1;1;0;0.00
200;CP;34908;1;1;0;0.00
200;CP;35006;1;1;0;0.00
200;CP;35147;1;1;0;0.00
200;CP;34789;1;1;0;0.00
200;CP;35110;1;1;0;0.00
200;CP;35427;1;1;0;0.00
200;CP;35075;1;1;0;0.00
200;CP;34882;1;1;0;0.00
200;CP;34421;1;1;0;0.00
200;CP;39270;1;1;0;0.00
200;CP;38345;1;1;0;0.00
200;CP;38278;1;1;0;0.00
200;CP;38270;1;1;0;0.00
200;CP;38252;1;1;0;0.00
200;CP;38373;1;1;0;0.00
200;CP;38236;1;1;0;0.00
200;CP;38424;1;1;0;0.00
200;CP;39206;1;1;0;0.00
200;CP;38581;1;1;0;0.00
200;CP;38397;1;1;0;0.00
200;CP;38556;1;1;0;0.00
200;CP;38208;1;1;0;0.00
200;CP;38233;1;1;0;0.00
200;CP;38215;1;1;0;0.00
200;CP;38093;1;1;0;0.00
200;CP;38504;1;1;0;0.00
200;CP;38993;1;1;0;0.00
200;CP;38859;1;1;0;0.00
200;CP;38265;1;1;0;0.00
200;CP;35590;1;1;0;0.00
200;CP;34730;1;1;0;0.00
200;CP;34438;1;1;0;0.00
200;CP;34270;1;1;0;0.00
200;CP;33992;1;1;0;0.00
200;CP;34270;1;1;0;0.00
200;CP;33755;1;1;0;0.00
200;CP;34405;1;1;0;0.00
200;CP;33866;1;1;0;0.00
200;CP;34348;1;1;0;0.00
200;CP;34450;1;1;0;0.00
200;CP;34476;1;1;0;0.00
200;CP;33825;1;1;0;0.00
200;CP;34376;1;1;0;0.00
200;CP;33731;1;1;0;0.00
200;CP;34277;1;1;0;0.00
200;CP;33842;1;1;0;0.00
200;CP;34042;1;1;0;0.00
200;CP;34285;1;1;0;0.00
200;CP;34907;1;1;0;0.00
200;SCP;44221;1;1;0;0.00
200;SCP;43883;1;1;0;0.00
200;SCP;43733;1;1;0;0.00
200;SCP;44339;1;1;0;0.00
200;SCP;44314;1;1;0;0.00
200;SCP;43829;1;1;0;0.00
200;SCP;42710;1;1;0;0.00
200;SCP;44304;1;1;0;0.00
200;SCP;42427;1;1;0;0.00
200;SCP;43863;1;1;0;0.00
200;SCP;43218;1;1;0;0.00
200;SCP;42494;1;1;0;0.00
200;SCP;42137;1;1;0;0.00
200;SCP;42400;1;1;0;0.00
200;SCP;42564;1;1;0;0.00
200;SCP;42117;1;1;0;0.00
200;SCP;42461;1;1;0;0.00
200;SCP;42663;1;1;0;0.00
200;SCP;42795;1;1;0;0.00
200;SCP;42426;1;1;0;0.00
200;SCP;26280;1;1;0;0.00
200;SCP;26045;1;1;0;0.00
200;SCP;25893;1;1;0;0.00
200;SCP;25875;1;1;0;0.00
200;SCP;25817;1;1;0;0.00
200;SCP;25858;1;1;0;0.00
200;SCP;25843;1;1;0;0.00
200;SCP;25744;1;1;0;0.00
200;SCP;25849;1;1;0;0.00
200;SCP;26322;1;1;0;0.00
200;SCP;26173;1;1;0;0.00
200;SCP;25885;1;1;0;0.00
200;SCP;25806;1;1;0;0.00
200;SCP;25920;1;1;0;0.00
200;SCP;26055;1;1;0;0.00
200;SCP;25890;1;1;0;0.00
200;SCP;25945;1;1;0;0.00
200;SCP;25895;1;1;0;0.00
200;SCP;25924;1;1;0;0.00
200;SCP;25858;1;1;0;0.00
200;SCP;24507;1;1;0;0.00
200;SCP;24679;1;1;0;0.00
200;SCP;24754;1;1;0;0.00
200;SCP;24687;1;1;0;0.00
200;SCP;24816;1;1;0;0.00
200;SCP;24584;1;1;0;0.00
200;SCP;24945;1;1;0;0.00
200;SCP;24694;1;1;0;0.00
200;SCP;24647;1;1;0;0.00
200;SCP;24807;1;1;0;0.00
200;SCP;24810;1;1;0;0.00
200;SCP;24787;1;1;0;0.00
200;SCP;24883;1;1;0;0.00
200;SCP;24733;1;1;0;0.00
200;SCP;24750;1;1;0;0.00
200;SCP;24761;1;1;0;0.00
200;SCP;24636;1;1;0;0.00
200;SCP;24820;1;1;0;0.00
200;SCP;24700;1;1;0;0.00
200;SCP;25142;1;1;0;0.00
200;KAB;4003;1;1;0;0.00
200;KAB;3986;1;1;0;0.00
200;KAB;4017;1;1;0;0.00
200;KAB;3981;1;1;0;0.00
200;KAB;3975;1;1;0;0.00
200;KAB;3971;1;1;0;0.00
200;KAB;3973;1;1;0;0.00
200;KAB;3986;1;1;0;0.00
200;KAB;3999;1;1;0;0.00
200;KAB;3983;1;1;0;0.00
200;KAB;3979;1;1;0;0.00
200;KAB;3977;1;1;0;0.00
200;KAB;4018;1;1;0;0.00
200;KAB;4012;1;1;0;0.00
200;KAB;4014;1;1;0;0.00
200;KAB;3969;1;1;0;0.00
200;KAB;3984;1;1;0;0.00
200;KAB;3974;1;1;0;0.00
200;KAB;3990;1;1;0;0.00
200;KAB;3974;1;1;0;0.00
200;KAB;4660;1;1;0;0.00
200;KAB;4905;1;1;0;0.00
200;KAB;4876;1;1;0;0.00
200;KAB;4887;1;1;0;0.00
200;KAB;4887;1;1;0;0.00
200;KAB;4904;1;1;0;0.00
200;KAB;4909;1;1;0;0.00
200;KAB;4915;1;1;0;0.00
200;KAB;4911;1;1;0;0.00
200;KAB;4895;1;1;0;0.00
200;KAB;4936;1;1;0;0.00
200;KAB;4887;1;1;0;0.00
200;KAB;4886;1;1;0;0.00
200;KAB;4711;1;1;0;0.00
200;KAB;4580;1;1;0;0.00
200;KAB;4572;1;1;0;0.00
200;KAB;4574;1;1;0;0.00
200;KAB;4585;1;1;0;0.00
200;KAB;4622;1;1;0;0.00
200;KAB;4586;1;1;0;0.00
200;KAB;4240;1;1;0;0.00
200;KAB;4357;1;1;0;0.00
200;KAB;4515;1;1;0;0.00
200;KAB;4511;1;1;0;0.00
200;KAB;4545;1;1;0;0.00
200;KAB;4552;1;1;0;0.00
200;KAB;4529;1;1;0;0.00
200;KAB;4523;1;1;0;0.00
200;KAB;4525;1;1;0;0.00
200;KAB;4511;1;1;0;0.00
200;KAB;4555;1;1;0;0.00
200;KAB;4514;1;1;0;0.00
200;KAB;4547;1;1;0;0.00
200;KAB;4524;1;1;0;0.00
200;KAB;4509;1;1;0;0.00
200;KAB;4513;1;1;0;0.00
200;KAB;4547;1;1;0;0.00
200;KAB;4520;1;1;0;0.00
200;KAB;4548;1;1;0;0.00
200;KAB;4538;1;1;0;0.00
200;BFDC;31;1;1;0;2.36
200;BFDC;29;1;1;0;2.36
200;BFDC;28;1;1;0;2.36
200;BFDC;27;1;1;0;2.36
200;BFDC;26;1;1;0;2.36
200;BFDC;26;1;1;0;2.36
200;BFDC;26;1;1;0;2.36
200;BFDC;25;1;1;0;2.36
200;BFDC;25;1;1;0;2.36
200;BFDC;25;1;1;0;2.36
200;BFDC;25;1;1;0;2.36
200;BFDC;25;1;1;0;2.36
200;BFDC;25;1;1;0;2.36
200;BFDC;25;1;1;0;2.36
200;BFDC;25;1;1;0;2.36
200;BFDC;25;1;1;0;2.36
200;BFDC;25;1;1;0;2.36
200;BFDC;25;1;1;0;2.36
200;BFDC;25;1;1;0;2.36
200;BFDC;25;1;1;0;2.36
200;BFDC;34;1;1;0;2.86
200;BFDC;33;1;1;0;2.86
200;BFDC;32;1;1;0;2.86
200;BFDC;32;1;1;0;2.86
200;BFDC;32;1;1;0;2.86
200;BFDC;32;1;1;0;2.86
200;BFDC;32;1;1;0;2.86
200;BFDC;32;1;1;0;2.86
200;BFDC;32;1;1;0;2.86
200;BFDC;32;1;1;0;2.86
200;BFDC;31;1;1;0;2.86
200;BFDC;32;1;1;0;2.86
200;BFDC;32;1;1;0;2.86
200;BFDC;32;1;1;0;2.86
200;BFDC;32;1;1;0;2.86
200;BFDC;32;1;1;0;2.86
200;BFDC;31;1;1;0;2.86
200;BFDC;31;1;1;0;2.86
200;BFDC;32;1;1;0;2.86
200;BFDC;31;1;1;0;2.86
200;BFDC;29;1;1;0;2.38
200;BFDC;28;1;1;0;2.38
200;BFDC;28;1;1;0;2.38
200;BFDC;27;1;1;0;2.38
200;BFDC;27;1;1;0;2.38
200;BFDC;27;1;1;0;2.38
200;BFDC;27;1;1;0;2.38
200;BFDC;27;1;1;0;2.38
200;BFDC;27;1;1;0;2.38
200;BFDC;27;1;1;0;2.38
200;BFDC;27;1;1;0;2.38
200;BFDC;27;1;1;0;2.38
200;BFDC;26;1;1;0;2.38
200;BFDC;27;1;1;0;2.38
200;BFDC;27;1;1;0;2.38
200;BFDC;27;1;1;0;2.38
200;BFDC;27;1;1;0;2.38
200;BFDC;26;1;1;0;2.38
200;BFDC;26;1;1;0;2.38
200;BFDC;26;1;1;0;2.38
200;CRA;700;1;1;0;22.05
200;CRA;674;1;1;0;22.05
200;CRA;677;1;1;0;22.05
200;CRA;674;1;1;0;22.05
200;CRA;672;1;1;0;22.05
200;CRA;670;1;1;0;22.05
200;CRA;672;1;1;0;22.05
200;CRA;674;1;1;0;22.05
200;CRA;678;1;1;0;22.05
200;CRA;673;1;1;0;22.05
200;CRA;671;1;1;0;22.05
200;CRA;673;1;1;0;22.05
200;CRA;674;1;1;0;22.05
200;CRA;673;1;1;0;22.05
200;CRA;674;1;1;0;22.05
200;CRA;671;1;1;0;22.05
200;CRA;672;1;1;0;22.05
200;CRA;673;1;1;0;22.05
200;CRA;674;1;1;0;22.05
200;CRA;675;1;1;0;22.05
200;CRA;133;1;1;0;5.59
200;CRA;123;1;1;0;5.59
200;CRA;120;1;1;0;5.59
200;CRA;119;1;1;0;5.59
200;CRA;118;1;1;0;5.59
200;CRA;117;1;1;0;5.59
200;CRA;117;1;1;0;5.59
200;CRA;116;1;1;0;5.59
200;CRA;116;1;1;0;5.59
200;CRA;116;1;1;0;5.59
200;CRA;116;1;1;0;5.59
200;CRA;115;1;1;0;5.59
200;CRA;116;1;1;0;5.59
200;CRA;115;1;1;0;5.59
200;CRA;116;1;1;0;5.59
200;CRA;116;1;1;0;5.59
200;CRA;116;1;1;0;5.59
200;CRA;115;1;1;0;5.59
200;CRA;116;1;1;0;5.59
200;CRA;115;1;1;0;5.59
200;CRA;59;1;1;0;3.23
200;CRA;53;1;1;0;3.23
200;CRA;50;1;1;0;3.23
200;CRA;49;1;1;0;3.23
200;CRA;48;1;1;0;3.23
200;CRA;45;1;1;0;3.23
200;CRA;47;1;1;0;3.23
200;CRA;47;1;1;0;3.23
200;CRA;46;1;1;0;3.23
200;CRA;46;1;1;0;3.23
200;CRA;46;1;1;0;3.23
200;CRA;46;1;1;0;3.23
200;CRA;46;1;1;0;3.23
200;CRA;45;1;1;0;3.23
200;CRA;45;1;1;0;3.23
200;CRA;46;1;1;0;3.23
200;CRA;45;1;1;0;3.23
200;CRA;46;1;1;0;3.23
200;CRA;45;1;1;0;3.23
200;CRA;45;1;1;0;3.23
800;ULT;1732389;1;1;0;3231.87
800;ULT;1737291;1;1;0;3231.87
800;ULT;1725523;1;1;0;3231.87
800;ULT;1728190;1;1;0;3231.87
800;ULT;1725837;1;1;0;3231.87
800;ULT;1725198;1;1;0;3231.87
800;ULT;1724907;1;1;0;3231.87
800;ULT;1723362;1;1;0;3231.87
800;ULT;1726188;1;1;0;3231.87
800;ULT;1725677;1;1;0;3231.87
800;ULT;1723954;1;1;0;3231.87
800;ULT;1723437;1;1;0;3231.87
800;ULT;1728002;1;1;0;3231.87
800;ULT;1725562;1;1;0;3231.87
800;ULT;1724288;1;1;0;3231.87
800;ULT;1725738;1;1;0;3231.87
800;ULT;1724257;1;1;0;3231.87
800;ULT;1725270;1;1;0;3231.87
800;ULT;1722916;1;1;0;3231.87
800;ULT;1725231;1;1;0;3231.87
800;ULT;1294874;1;1;0;2423.90
800;ULT;1295689;1;1;0;2423.90
800;ULT;1295474;1;1;0;2423.90
800;ULT;1296544;1;1;0;2423.90
800;ULT;1295419;1;1;0;2423.90
800;ULT;1296261;1;1;0;2423.90
800;ULT;1297709;1;1;0;2423.90
800;ULT;1296785;1;1;0;2423.90
800;ULT;1295078;1;1;0;2423.90
800;ULT;1296083;1;1;0;2423.90
800;ULT;1296252;1;1;0;2423.90
800;ULT;1295643;1;1;0;2423.90
800;ULT;1295936;1;1;0;2423.90
800;ULT;1294585;1;1;0;2423.90
800;ULT;1296397;1;1;0;2423.90
800;ULT;1297151;1;1;0;2423.90
800;ULT;1296726;1;1;0;2423.90
800;ULT;1296985;1;1;0;2423.90
800;ULT;1295729;1;1;0;2423.90
800;ULT;1296238;1;1;0;2423.90
800;ULT;1723268;1;1;0;3231.86
800;ULT;1735056;1;1;0;3231.86
800;ULT;1722075;1;1;0;3231.86
800;ULT;1723177;1;1;0;3231.86
800;ULT;1721611;1;1;0;3231.86
800;ULT;1722467;1;1;0;3231.86
800;ULT;1723897;1;1;0;3231.86
800;ULT;1724594;1;1;0;3231.86
800;ULT;1725051;1;1;0;3231.86
800;ULT;1722477;1;1;0;3231.86
800;ULT;1722646;1;1;0;3231.86
800;ULT;1723970;1;1;0;3231.86
800;ULT;1723503;1;1;0;3231.86
800;ULT;1722283;1;1;0;3231.86
800;ULT;1724109;1;1;0;3231.86
800;ULT;1723177;1;1;0;3231.86
800;ULT;1723334;1;1;0;3231.86
800;ULT;1722734;1;1;0;3231.86
800;ULT;1721839;1;1;0;3231.86
800;ULT;1723996;1;1;0;3231.86
800;RULT;834;1;1;0;7.04
800;RULT;835;1;1;0;7.04
800;RULT;835;1;1;0;7.04
800;RULT;835;1;1;0;7.04
800;RULT;838;1;1;0;7.04
800;RULT;834;1;1;0;7.04
800;RULT;836;1;1;0;7.04
800;RULT;832;1;1;0;7.04
800;RULT;838;1;1;0;7.04
800;RULT;832;1;1;0;7.04
800;RULT;833;1;1;0;7.04
800;RULT;842;1;1;0;7.04
800;RULT;834;1;1;0;7.04
800;RULT;832;1;1;0;7.04
800;RULT;832;1;1;0;7.04
800;RULT;838;1;1;0;7.04
800;RULT;830;1;1;0;7.04
800;RULT;832;1;1;0;7.04
800;RULT;840;1;1;0;7.04
800;RULT;832;1;1;0;7.04
800;RULT;784;1;1;0;6.22
800;RULT;782;1;1;0;6.22
800;RULT;779;1;1;0;6.22
800;RULT;781;1;1;0;6.22
800;RULT;781;1;1;0;6.22
800;RULT;780;1;1;0;6.22
800;RULT;780;1;1;0;6.22
800;RULT;782;1;1;0;6.22
800;RULT;780;1;1;0;6.22
800;RULT;781;1;1;0;6.22
800;RULT;779;1;1;0;6.22
800;RULT;783;1;1;0;6.22
800;RULT;781;1;1;0;6.22
800;RULT;780;1;1;0;6.22
800;RULT;779;1;1;0;6.22
800;RULT;783;1;1;0;6.22
800;RULT;779;1;1;0;6.22
800;RULT;781;1;1;0;6.22
800;RULT;780;1;1;0;6.22
800;RULT;780;1;1;0;6.22
800;RULT;900;1;1;0;7.26
800;RULT;901;1;1;0;7.26
800;RULT;909;1;1;0;7.26
800;RULT;906;1;1;0;7.26
800;RULT;903;1;1;0;7.26
800;RULT;907;1;1;0;7.26
800;RULT;901;1;1;0;7.26
800;RULT;900;1;1;0;7.26
800;RULT;904;1;1;0;7.26
800;RULT;908;1;1;0;7.26
800;RULT;902;1;1;0;7.26
800;RULT;898;1;1;0;7.26
800;RULT;908;1;1;0;7.26
800;RULT;900;1;1;0;7.26
800;RULT;901;1;1;0;7.26
800;RULT;904;1;1;0;7.26
800;RULT;902;1;1;0;7.26
800;RULT;903;1;1;0;7.26
800;RULT;904;1;1;0;7.26
800;RULT;908;1;1;0;7.26
800;ILP;38727;1;1;0;0.00
800;ILP;37733;1;1;0;0.00
800;ILP;37737;1;1;0;0.00
800;ILP;38326;1;1;0;0.00
800;ILP;37764;1;1;0;0.00
800;ILP;37747;1;1;0;0.00
800;ILP;38032;1;1;0;0.00
800;ILP;37920;1;1;0;0.00
800;ILP;37797;1;1;0;0.00
800;ILP;37953;1;1;0;0.00
800;ILP;37829;1;1;0;0.00
800;ILP;38074;1;1;0;0.00
800;ILP;37637;1;1;0;0.00
800;ILP;38398;1;1;0;0.00
800;ILP;38166;1;1;0;0.00
800;ILP;37975;1;1;0;0.00
800;ILP;37706;1;1;0;0.00
800;ILP;38030;1;1;0;0.00
800;ILP;37814;1;1;0;0.00
800;ILP;38058;1;1;0;0.00
800;ILP;44057;1;1;0;0.00
800;ILP;41992;1;1;0;0.00
800;ILP;41678;1;1;0;0.00
800;ILP;42237;1;1;0;0.00
800;ILP;41978;1;1;0;0.00
800;ILP;41743;1;1;0;0.00
800;ILP;41764;1;1;0;0.00
800;ILP;42141;1;1;0;0.00
800;ILP;41661;1;1;0;0.00
800;ILP;41338;1;1;0;0.00
800;ILP;41985;1;1;0;0.00
800;ILP;41685;1;1;0;0.00
800;ILP;41707;1;1;0;0.00
800;ILP;41723;1;1;0;0.00
800;ILP;41519;1;1;0;0.00
800;ILP;42037;1;1;0;0.00
800;ILP;42006;1;1;0;0.00
800;ILP;41974;1;1;0;0.00
800;ILP;41925;1;1;0;0.00
800;ILP;42444;1;1;0;0.00
800;ILP;39356;1;1;0;0.00
800;ILP;36726;1;1;0;0.00
800;ILP;36704;1;1;0;0.00
800;ILP;36614;1;1;0;0.00
800;ILP;36597;1;1;0;0.00
800;ILP;36636;1;1;0;0.00
800;ILP;36834;1;1;0;0.00
800;ILP;36764;1;1;0;0.00
800;ILP;36440;1;1;0;0.00
800;ILP;36830;1;1;0;0.00
800;ILP;36524;1;1;0;0.00
800;ILP;36488;1;1;0;0.00
800;ILP;36132;1;1;0;0.00
800;ILP;36821;1;1;0;0.00
800;ILP;36958;1;1;0;0.00
800;ILP;36206;1;1;0;0.00
800;ILP;36532;1;1;0;0.00
800;ILP;36734;1;1;0;0.00
800;ILP;36703;1;1;0;0.00
800;ILP;36462;1;1;0;0.00
800;CP;180140;1;1;0;0.00
800;CP;175577;1;1;0;0.00
800;CP;176824;1;1;0;0.00
800;CP;178069;1;1;0;0.00
800;CP;176151;1;1;0;0.00
800;CP;176324;1;1;0;0.00
800;CP;175421;1;1;0;0.00
800;CP;176617;1;1;0;0.00
800;CP;177401;1;1;0;0.00
800;CP;175824;1;1;0;0.00
800;CP;174883;1;1;0;0.00
800;CP;175552;1;1;0;0.00
800;CP;176671;1;1;0;0.00
800;CP;177241;1;1;0;0.00
800;CP;175627;1;1;0;0.00
800;CP;175446;1;1;0;0.00
800;CP;176952;1;1;0;0.00
800;CP;176275;1;1;0;0.00
800;CP;173933;1;1;0;0.00
800;CP;173973;1;1;0;0.00
800;CP;155749;1;1;0;0.00
800;CP;150339;1;1;0;0.00
800;CP;149622;1;1;0;0.00
800;CP;150613;1;1;0;0.00
800;CP;151294;1;1;0;0.00
800;CP;148123;1;1;0;0.00
800;CP;150128;1;1;0;0.00
800;CP;150013;1;1;0;0.00
800;CP;150622;1;1;0;0.00
800;CP;149583;1;1;0;0.00
800;CP;151150;1;1;0;0.00
800;CP;150300;1;1;0;0.00
800;CP;149894;1;1;0;0.00
800;CP;150382;1;1;0;0.00
800;CP;151025;1;1;0;0.00
800;CP;149465;1;1;0;0.00
800;CP;149663;1;1;0;0.00
800;CP;149773;1;1;0;0.00
800;CP;150345;1;1;0;0.00
800;CP;148336;1;1;0;0.00
800;CP;162116;1;1;0;0.00
800;CP;159050;1;1;0;0.00
800;CP;158210;1;1;0;0.00
800;CP;157395;1;1;0;0.00
800;CP;157499;1;1;0;0.00
800;CP;159193;1;1;0;0.00
800;CP;157952;1;1;0;0.00
800;CP;158421;1;1;0;0.00
800;CP;158164;1;1;0;0.00
800;CP;158874;1;1;0;0.00
800;CP;157285;1;1;0;0.00
800;CP;158994;1;1;0;0.00
800;CP;158951;1;1;0;0.00
800;CP;158455;1;1;0;0.00
800;CP;157456;1;1;0;0.00
800;CP;158876;1;1;0;0.00
800;CP;158677;1;1;0;0.00
800;CP;158474;1;1;0;0.00
800;CP;158633;1;1;0;0.00
800;CP;159090;1;1;0;0.00
800;SCP;191935;1;1;0;0.00
800;SCP;193114;1;1;0;0.00
800;SCP;193466;1;1;0;0.00
800;SCP;192741;1;1;0;0.00
800;SCP;192577;1;1;0;0.00
800;SCP;192834;1;1;0;0.00
800;SCP;193047;1;1;0;0.00
800;SCP;192991;1;1;0;0.00
800;SCP;192776;1;1;0;0.00
800;SCP;192907;1;1;0;0.00
800;SCP;193217;1;1;0;0.00
800;SCP;192858;1;1;0;0.00
800;SCP;193122;1;1;0;0.00
800;SCP;191119;1;1;0;0.00
800;SCP;191312;1;1;0;0.00
800;SCP;191029;1;1;0;0.00
800;SCP;191600;1;1;0;0.00
800;SCP;191451;1;1;0;0.00
800;SCP;191157;1;1;0;0.00
800;SCP;191979;1;1;0;0.00
800;SCP;114698;1;1;0;0.00
800;SCP;115164;1;1;0;0.00
800;SCP;114645;1;1;0;0.00
800;SCP;114559;1;1;0;0.00
800;SCP;114732;1;1;0;0.00
800;SCP;115637;1;1;0;0.00
800;SCP;115219;1;1;0;0.00
800;SCP;114738;1;1;0;0.00
800;SCP;114698;1;1;0;0.00
800;SCP;115368;1;1;0;0.00
800;SCP;114648;1;1;0;0.00
800;SCP;114759;1;1;0;0.00
800;SCP;114686;1;1;0;0.00
800;SCP;114724;1;1;0;0.00
800;SCP;114807;1;1;0;0.00
800;SCP;114618;1;1;0;0.00
800;SCP;115869;1;1;0;0.00
800;SCP;114975;1;1;0;0.00
800;SCP;115314;1;1;0;0.00
800;SCP;114653;1;1;0;0.00
800;SCP;141928;1;1;0;0.00
800;SCP;142899;1;1;0;0.00
800;SCP;142678;1;1;0;0.00
800;SCP;143279;1;1;0;0.00
800;SCP;142188;1;1;0;0.00
800;SCP;143247;1;1;0;0.00
800;SCP;143031;1;1;0;0.00
800;SCP;142365;1;1;0;0.00
800;SCP;142163;1;1;0;0.00
800;SCP;142053;1;1;0;0.00
800;SCP;143009;1;1;0;0.00
800;SCP;142672;1;1;0;0.00
800;SCP;142481;1;1;0;0.00
800;SCP;142269;1;1;0;0.00
800;SCP;142370;1;1;0;0.00
800;SCP;143670;1;1;0;0.00
800;SCP;143421;1;1;0;0.00
800;SCP;143276;1;1;0;0.00
800;SCP;142821;1;1;0;0.00
800;SCP;143109;1;1;0;0.00
800;KAB;84069;1;1;0;0.00
800;KAB;84432;1;1;0;0.00
800;KAB;84318;1;1;0;0.00
800;KAB;84379;1;1;0;0.00
800;KAB;84016;1;1;0;0.00
800;KAB;83689;1;1;0;0.00
800;KAB;83825;1;1;0;0.00
800;KAB;83775;1;1;0;0.00
800;KAB;84262;1;1;0;0.00
800;KAB;84485;1;1;0;0.00
800;KAB;84344;1;1;0;0.00
800;KAB;84471;1;1;0;0.00
800;KAB;84302;1;1;0;0.00
800;KAB;84348;1;1;0;0.00
800;KAB;84518;1;1;0;0.00
800;KAB;84445;1;1;0;0.00
800;KAB;84361;1;1;0;0.00
800;KAB;84558;1;1;0;0.00
800;KAB;84363;1;1;0;0.00
800;KAB;84358;1;1;0;0.00
800;KAB;65887;1;1;0;0.00
800;KAB;65217;1;1;0;0.00
800;KAB;65450;1;1;0;0.00
800;KAB;65622;1;1;0;0.00
800;KAB;65711;1;1;0;0.00
800;KAB;65018;1;1;0;0.00
800;KAB;65327;1;1;0;0.00
800;KAB;65408;1;1;0;0.00
800;KAB;64637;1;1;0;0.00
800;KAB;65400;1;1;0;0.00
800;KAB;64647;1;1;0;0.00
800;KAB;65011;1;1;0;0.00
800;KAB;65179;1;1;0;0.00
800;KAB;65305;1;1;0;0.00
800;KAB;65193;1;1;0;0.00
800;KAB;64940;1;1;0;0.00
800;KAB;65574;1;1;0;0.00
800;KAB;65617;1;1;0;0.00
800;KAB;65341;1;1;0;0.00
800;KAB;65563;1;1;0;0.00
800;KAB;66402;1;1;0;0.00
800;KAB;65397;1;1;0;0.00
800;KAB;65557;1;1;0;0.00
800;KAB;65139;1;1;0;0.00
800;KAB;65030;1;1;0;0.00
800;KAB;64531;1;1;0;0.00
800;KAB;66180;1;1;0;0.00
800;KAB;64659;1;1;0;0.00
800;KAB;65363;1;1;0;0.00
800;KAB;65467;1;1;0;0.00
800;KAB;64315;1;1;0;0.00
800;KAB;65353;1;1;0;0.00
800;KAB;65582;1;1;0;0.00
800;KAB;65712;1;1;0;0.00
800;KAB;64780;1;1;0;0.00
800;KAB;65580;1;1;0;0.00
800;KAB;65361;1;1;0;0.00
800;KAB;65525;1;1;0;0.00
800;KAB;65798;1;1;0;0.00
800;KAB;65708;1;1;0;0.00
800;BFDC;176;1;1;0;3.39
800;BFDC;174;1;1;0;3.39
800;BFDC;174;1;1;0;3.39
800;BFDC;174;1;1;0;3.39
800;BFDC;174;1;1;0;3.39
800;BFDC;173;1;1;0;3.39
800;BFDC;172;1;1;0;3.39
800;BFDC;173;1;1;0;3.39
800;BFDC;172;1;1;0;3.39
800;BFDC;173;1;1;0;3.39
800;BFDC;173;1;1;0;3.39
800;BFDC;173;1;1;0;3.39
800;BFDC;172;1;1;0;3.39
800;BFDC;174;1;1;0;3.39
800;BFDC;174;1;1;0;3.39
800;BFDC;177;1;1;0;3.39
800;BFDC;173;1;1;0;3.39
800;BFDC;173;1;1;0;3.39
800;BFDC;174;1;1;0;3.39
800;BFDC;173;1;1;0;3.39
800;BFDC;129;1;1;0;2.48
800;BFDC;127;1;1;0;2.48
800;BFDC;125;1;1;0;2.48
800;BFDC;126;1;1;0;2.48
800;BFDC;125;1;1;0;2.48
800;BFDC;125;1;1;0;2.48
800;BFDC;125;1;1;0;2.48
800;BFDC;125;1;1;0;2.48
800;BFDC;125;1;1;0;2.48
800;BFDC;124;1;1;0;2.48
800;BFDC;124;1;1;0;2.48
800;BFDC;130;1;1;0;2.48
800;BFDC;125;1;1;0;2.48
800;BFDC;124;1;1;0;2.48
800;BFDC;125;1;1;0;2.48
800;BFDC;125;1;1;0;2.48
800;BFDC;125;1;1;0;2.48
800;BFDC;124;1;1;0;2.48
800;BFDC;124;1;1;0;2.48
800;BFDC;125;1;1;0;2.48
800;BFDC;124;1;1;0;2.42
800;BFDC;121;1;1;0;2.42
800;BFDC;121;1;1;0;2.42
800;BFDC;120;1;1;0;2.42
800;BFDC;120;1;1;0;2.42
800;BFDC;119;1;1;0;2.42
800;BFDC;119;1;1;0;2.42
800;BFDC;120;1;1;0;2.42
800;BFDC;119;1;1;0;2.42
800;BFDC;119;1;1;0;2.42
800;BFDC;120;1;1;0;2.42
800;BFDC;119;1;1;0;2.42
800;BFDC;119;1;1;0;2.42
800;BFDC;119;1;1;0;2.42
800;BFDC;119;1;1;0;2.42
800;BFDC;119;1;1;0;2.42
800;BFDC;119;1;1;0;2.42
800;BFDC;119;1;1;0;2.42
800;BFDC;119;1;1;0;2.42
800;BFDC;119;1;1;0;2.42
800;CRA;6265;1;1;0;40.87
800;CRA;6207;1;1;0;40.87
800;CRA;6205;1;1;0;40.87
800;CRA;6203;1;1;0;40.87
800;CRA;6194;1;1;0;40.87
800;CRA;6198;1;1;0;40.87
800;CRA;6195;1;1;0;40.87
800;CRA;6202;1;1;0;40.87
800;CRA;6204;1;1;0;40.87
800;CRA;6202;1;1;0;40.87
800;CRA;6203;1;1;0;40.87
800;CRA;6203;1;1;0;40.87
800;CRA;6202;1;1;0;40.87
800;CRA;6202;1;1;0;40.87
800;CRA;6198;1;1;0;40.87
800;CRA;6200;1;1;0;40.87
800;CRA;6195;1;1;0;40.87
800;CRA;6202;1;1;0;40.87
800;CRA;6205;1;1;0;40.87
800;CRA;6206;1;1;0;40.87
800;CRA;5264;1;1;0;33.94
800;CRA;5217;1;1;0;33.94
800;CRA;5206;1;1;0;33.94
800;CRA;5214;1;1;0;33.94
800;CRA;5213;1;1;0;33.94
800;CRA;5212;1;1;0;33.94
800;CRA;5203;1;1;0;33.94
800;CRA;5220;1;1;0;33.94
800;CRA;5217;1;1;0;33.94
800;CRA;5221;1;1;0;33.94
800;CRA;5218;1;1;0;33.94
800;CRA;5215;1;1;0;33.94
800;CRA;5222;1;1;0;33.94
800;CRA;5229;1;1;0;33.94
800;CRA;5225;1;1;0;33.94
800;CRA;5210;1;1;0;33.94
800;CRA;5222;1;1;0;33.94
800;CRA;5246;1;1;0;33.94
800;CRA;5253;1;1;0;33.94
800;CRA;5242;1;1;0;33.94
800;CRA;7282;1;1;0;46.41
800;CRA;7221;1;1;0;46.41
800;CRA;7200;1;1;0;46.41
800;CRA;7216;1;1;0;46.41
800;CRA;7225;1;1;0;46.41
800;CRA;7214;1;1;0;46.41
800;CRA;7216;1;1;0;46.41
800;CRA;7211;1;1;0;46.41
800;CRA;7214;1;1;0;46.41
800;CRA;7216;1;1;0;46.41
800;CRA;7226;1;1;0;46.41
800;CRA;7211;1;1;0;46.41
800;CRA;7209;1;1;0;46.41
800;CRA;7209;1;1;0;46.41
800;CRA;7219;1;1;0;46.41
800;CRA;7216;1;1;0;46.41
800;CRA;7212;1;1;0;46.41
800;CRA;7208;1;1;0;46.41
800;CRA;7212;1;1;0;46.41
800;CRA;7219;1;1;0;46.41
