Size;Method;Time;Status;Solution;Timeout;Scans
100;ULT;845;0;0;0;63.64
100;ULT;869;0;0;0;63.64
100;ULT;849;0;0;0;63.64
100;ULT;870;0;0;0;63.64
100;ULT;870;0;0;0;63.64
100;ULT;878;0;0;0;63.64
100;ULT;869;0;0;0;63.64
100;ULT;870;0;0;0;63.64
100;ULT;889;0;0;0;63.64
100;ULT;868;0;0;0;63.64
100;ULT;869;0;0;0;63.64
100;ULT;883;0;0;0;63.64
100;ULT;868;0;0;0;63.64
100;ULT;869;0;0;0;63.64
100;ULT;887;0;0;0;63.64
100;ULT;884;0;0;0;63.64
100;ULT;868;0;0;0;63.64
100;ULT;884;0;0;0;63.64
100;ULT;883;0;0;0;63.64
100;ULT;869;0;0;0;63.64
100;ULT;1424;0;0;0;107.01
100;ULT;1423;0;0;0;107.01
100;ULT;1422;0;0;0;107.01
100;ULT;1422;0;0;0;107.01
100;ULT;1417;0;0;0;107.01
100;ULT;1420;0;0;0;107.01
100;ULT;1447;0;0;0;107.01
100;ULT;1444;0;0;0;107.01
100;ULT;1446;0;0;0;107.01
100;ULT;1420;0;0;0;107.01
100;ULT;1441;0;0;0;107.01
100;ULT;1420;0;0;0;107.01
100;ULT;1442;0;0;0;107.01
100;ULT;1420;0;0;0;107.01
100;ULT;1476;0;0;0;107.01
100;ULT;1421;0;0;0;107.01
100;ULT;1436;0;0;0;107.01
100;ULT;1422;0;0;0;107.01
100;ULT;1434;0;0;0;107.01
100;ULT;1420;0;0;0;107.01
100;RULT;3;0;0;0;0.64
100;RULT;3;0;0;0;0.64
100;RULT;2;0;0;0;0.64
100;RULT;2;0;0;0;0.64
100;RULT;2;0;0;0;0.64
100;RULT;2;0;0;0;0.64
100;RULT;2;0;0;0;0.64
100;RULT;2;0;0;0;0.64
100;RULT;2;0;0;0;0.64
100;RULT;2;0;0;0;0.64
100;RULT;2;0;0;0;0.64
100;RULT;2;0;0;0;0.64
100;RULT;2;0;0;0;0.64
100;RULT;2;0;0;0;0.64
100;RULT;2;0;0;0;0.64
100;RULT;2;0;0;0;0.64
100;RULT;2;0;0;0;0.64
100;RULT;2;0;0;0;0.64
100;RULT;2;0;0;0;0.64
100;RULT;2;0;0;0;0.64
100;RULT;58;0;0;0;4.16
100;RULT;52;0;0;0;4.16
100;RULT;50;0;0;0;4.16
100;RULT;48;0;0;0;4.16
100;RULT;47;0;0;0;4.16
100;RULT;46;0;0;0;4.16
100;RULT;46;0;0;0;4.16
100;RULT;45;0;0;0;4.16
100;RULT;44;0;0;0;4.16
100;RULT;44;0;0;0;4.16
100;RULT;44;0;0;0;4.16
100;RULT;44;0;0;0;4.16
100;RULT;44;0;0;0;4.16
100;RULT;43;0;0;0;4.16
100;RULT;43;0;0;0;4.16
100;RULT;43;0;0;0;4.16
100;RULT;43;0;0;0;4.16
100;RULT;43;0;0;0;4.16
100;RULT;43;0;0;0;4.16
100;RULT;43;0;0;0;4.16
100;ILP;2429;0;0;0;0.00
100;ILP;2248;0;0;0;0.00
100;ILP;2021;0;0;0;0.00
100;ILP;1570;0;0;0;0.00
100;ILP;1498;0;0;0;0.00
100;ILP;1457;0;0;0;0.00
100;ILP;1510;0;0;0;0.00
100;ILP;1464;0;0;0;0.00
100;ILP;1511;0;0;0;0.00
100;ILP;1460;0;0;0;0.00
100;ILP;1505;0;0;0;0.00
100;ILP;1473;0;0;0;0.00
100;ILP;1503;0;0;0;0.00
100;ILP;1473;0;0;0;0.00
100;ILP;1501;0;0;0;0.00
100;ILP;1464;0;0;0;0.00
100;ILP;1514;0;0;0;0.00
100;ILP;1462;0;0;0;0.00
100;ILP;1509;0;0;0;0.00
100;ILP;1465;0;0;0;0.00
100;ILP;2126;0;0;0;0.00
100;ILP;1877;0;0;0;0.00
100;ILP;1705;0;0;0;0.00
100;ILP;1695;0;0;0;0.00
100;ILP;1701;0;0;0;0.00
100;ILP;1662;0;0;0;0.00
100;ILP;1709;0;0;0;0.00
100;ILP;1666;0;0;0;0.00
100;ILP;1710;0;0;0;0.00
100;ILP;1673;0;0;0;0.00
100;ILP;1751;0;0;0;0.00
100;ILP;1664;0;0;0;0.00
100;ILP;1717;0;0;0;0.00
100;ILP;1667;0;0;0;0.00
100;ILP;1705;0;0;0;0.00
100;ILP;1679;0;0;0;0.00
100;ILP;1704;0;0;0;0.00
100;ILP;1668;0;0;0;0.00
100;ILP;1719;0;0;0;0.00
100;ILP;1675;0;0;0;0.00
100;CP;6176;0;0;0;0.00
100;CP;5449;0;0;0;0.00
100;CP;5476;0;0;0;0.00
100;CP;5327;0;0;0;0.00
100;CP;5382;0;0;0;0.00
100;CP;5358;0;0;0;0.00
100;CP;5460;0;0;0;0.00
100;CP;5413;0;0;0;0.00
100;CP;5386;0;0;0;0.00
100;CP;5341;0;0;0;0.00
100;CP;5336;0;0;0;0.00
100;CP;5359;0;0;0;0.00
100;CP;5376;0;0;0;0.00
100;CP;5421;0;0;0;0.00
100;CP;5589;0;0;0;0.00
100;CP;5529;0;0;0;0.00
100;CP;5453;0;0;0;0.00
100;CP;5353;0;0;0;0.00
100;CP;5386;0;0;0;0.00
100;CP;5538;0;0;0;0.00
100;CP;10846;0;0;0;0.00
100;CP;9590;0;0;0;0.00
100;CP;9583;0;0;0;0.00
100;CP;9488;0;0;0;0.00
100;CP;9445;0;0;0;0.00
100;CP;9520;0;0;0;0.00
100;CP;9508;0;0;0;0.00
100;CP;9487;0;0;0;0.00
100;CP;9565;0;0;0;0.00
100;CP;9568;0;0;0;0.00
100;CP;9665;0;0;0;0.00
100;CP;9635;0;0;0;0.00
100;CP;9659;0;0;0;0.00
100;CP;9646;0;0;0;0.00
100;CP;9655;0;0;0;0.00
100;CP;9578;0;0;0;0.00
100;CP;9633;0;0;0;0.00
100;CP;9600;0;0;0;0.00
100;CP;9635;0;0;0;0.00
100;CP;9617;0;0;0;0.00
100;SCP;5944;0;0;0;0.00
100;SCP;5774;0;0;0;0.00
100;SCP;5755;0;0;0;0.00
100;SCP;5370;0;0;0;0.00
100;SCP;5360;0;0;0;0.00
100;SCP;5346;0;0;0;0.00
100;SCP;5770;0;0;0;0.00
100;SCP;5720;0;0;0;0.00
100;SCP;5747;0;0;0;0.00
100;SCP;5742;0;0;0;0.00
100;SCP;5736;0;0;0;0.00
100;SCP;5750;0;0;0;0.00
100;SCP;5746;0;0;0;0.00
100;SCP;5769;0;0;0;0.00
100;SCP;5702;0;0;0;0.00
100;SCP;5684;0;0;0;0.00
100;SCP;5724;0;0;0;0.00
100;SCP;5434;0;0;0;0.00
100;SCP;5395;0;0;0;0.00
100;SCP;5384;0;0;0;0.00
100;SCP;14791;0;0;0;0.00
100;SCP;13025;0;0;0;0.00
100;SCP;14517;0;0;0;0.00
100;SCP;13099;0;0;0;0.00
100;SCP;14247;0;0;0;0.00
100;SCP;14431;0;0;0;0.00
100;SCP;14262;0;0;0;0.00
100;SCP;14193;0;0;0;0.00
100;SCP;14093;0;0;0;0.00
100;SCP;14016;0;0;0;0.00
100;SCP;14043;0;0;0;0.00
100;SCP;14148;0;0;0;0.00
100;SCP;14079;0;0;0;0.00
100;SCP;13845;0;0;0;0.00
100;SCP;13760;0;0;0;0.00
100;SCP;14082;0;0;0;0.00
100;SCP;12985;0;0;0;0.00
100;SCP;13984;0;0;0;0.00
100;SCP;14026;0;0;0;0.00
100;SCP;14032;0;0;0;0.00
100;KAB;6;0;0;0;0.00
100;KAB;4;0;0;0;0.00
100;KAB;4;0;0;0;0.00
100;KAB;3;0;0;0;0.00
100;KAB;3;0;0;0;0.00
100;KAB;3;0;0;0;0.00
100;KAB;3;0;0;0;0.00
100;KAB;3;0;0;0;0.00
100;KAB;3;0;0;0;0.00
100;KAB;3;0;0;0;0.00
100;KAB;3;0;0;0;0.00
100;KAB;3;0;0;0;0.00
100;KAB;3;0;0;0;0.00
100;KAB;3;0;0;0;0.00
100;KAB;3;0;0;0;0.00
100;KAB;3;0;0;0;0.00
100;KAB;3;0;0;0;0.00
100;KAB;3;0;0;0;0.00
100;KAB;3;0;0;0;0.00
100;KAB;3;0;0;0;0.00
100;KAB;817;0;0;0;0.00
100;KAB;746;0;0;0;0.00
100;KAB;743;0;0;0;0.00
100;KAB;743;0;0;0;0.00
100;KAB;743;0;0;0;0.00
100;KAB;746;0;0;0;0.00
100;KAB;739;0;0;0;0.00
100;KAB;737;0;0;0;0.00
100;KAB;807;0;0;0;0.00
100;KAB;826;0;0;0;0.00
100;KAB;835;0;0;0;0.00
100;KAB;825;0;0;0;0.00
100;KAB;820;0;0;0;0.00
100;KAB;825;0;0;0;0.00
100;KAB;822;0;0;0;0.00
100;KAB;823;0;0;0;0.00
100;KAB;821;0;0;0;0.00
100;KAB;818;0;0;0;0.00
100;KAB;820;0;0;0;0.00
100;KAB;820;0;0;0;0.00
100;BFDC;6;0;0;0;0.82
100;BFDC;5;0;0;0;0.82
100;BFDC;4;0;0;0;0.82
100;BFDC;4;0;0;0;0.82
100;BFDC;4;0;0;0;0.82
100;BFDC;4;0;0;0;0.82
100;BFDC;3;0;0;0;0.82
100;BFDC;3;0;0;0;0.82
100;BFDC;3;0;0;0;0.82
100;BFDC;3;0;0;0;0.82
100;BFDC;3;0;0;0;0.82
100;BFDC;3;0;0;0;0.82
100;BFDC;3;0;0;0;0.82
100;BFDC;3;0;0;0;0.82
100;BFDC;3;0;0;0;0.82
100;BFDC;3;0;0;0;0.82
100;BFDC;3;0;0;0;0.82
100;BFDC;3;0;0;0;0.82
100;BFDC;3;0;0;0;0.82
100;BFDC;3;0;0;0;0.82
100;BFDC;13;0;0;0;1.95
100;BFDC;11;0;0;0;1.95
100;BFDC;10;0;0;0;1.95
100;BFDC;9;0;0;0;1.95
100;BFDC;9;0;0;0;1.95
100;BFDC;8;0;0;0;1.95
100;BFDC;8;0;0;0;1.95
100;BFDC;8;0;0;0;1.95
100;BFDC;8;0;0;0;1.95
100;BFDC;8;0;0;0;1.95
100;BFDC;8;0;0;0;1.95
100;BFDC;8;0;0;0;1.95
100;BFDC;8;0;0;0;1.95
100;BFDC;8;0;0;0;1.95
100;BFDC;8;0;0;0;1.95
100;BFDC;8;0;0;0;1.95
100;BFDC;8;0;0;0;1.95
100;BFDC;8;0;0;0;1.95
100;BFDC;8;0;0;0;1.95
100;BFDC;8;0;0;0;1.95
100;CRA;5;0;0;0;0.63
100;CRA;3;0;0;0;0.63
100;CRA;2;0;0;0;0.63
100;CRA;2;0;0;0;0.63
100;CRA;2;0;0;0;0.63
100;CRA;2;0;0;0;0.63
100;CRA;2;0;0;0;0.63
100;CRA;2;0;0;0;0.63
100;CRA;2;0;0;0;0.63
100;CRA;2;0;0;0;0.63
100;CRA;2;0;0;0;0.63
100;CRA;2;0;0;0;0.63
100;CRA;2;0;0;0;0.63
100;CRA;2;0;0;0;0.63
100;CRA;2;0;0;0;0.63
100;CRA;2;0;0;0;0.63
100;CRA;2;0;0;0;0.63
100;CRA;2;0;0;0;0.63
100;CRA;2;0;0;0;0.63
100;CRA;2;0;0;0;0.63
100;CRA;78;0;0;0;6.55
100;CRA;68;0;0;0;6.55
100;CRA;63;0;0;0;6.55
100;CRA;60;0;0;0;6.55
100;CRA;57;0;0;0;6.55
100;CRA;56;0;0;0;6.55
100;CRA;53;0;0;0;6.55
100;CRA;53;0;0;0;6.55
100;CRA;51;0;0;0;6.55
100;CRA;50;0;0;0;6.55
100;CRA;50;0;0;0;6.55
100;CRA;49;0;0;0;6.55
100;CRA;49;0;0;0;6.55
100;CRA;49;0;0;0;6.55
100;CRA;49;0;0;0;6.55
100;CRA;49;0;0;0;6.55
100;CRA;48;0;0;0;6.55
100;CRA;48;0;0;0;6.55
100;CRA;48;0;0;0;6.55
100;CRA;48;0;0;0;6.55
200;ULT;1933;0;0;0;46.63
200;ULT;1923;0;0;0;46.63
200;ULT;2009;0;0;0;46.63
200;ULT;2043;0;0;0;46.63
200;ULT;2017;0;0;0;46.63
200;ULT;2016;0;0;0;46.63
200;ULT;2028;0;0;0;46.63
200;ULT;2031;0;0;0;46.63
200;ULT;2027;0;0;0;46.63
200;ULT;2022;0;0;0;46.63
200;ULT;2012;0;0;0;46.63
200;ULT;2026;0;0;0;46.63
200;ULT;2011;0;0;0;46.63
200;ULT;2002;0;0;0;46.63
200;ULT;2002;0;0;0;46.63
200;ULT;2002;0;0;0;46.63
200;ULT;2002;0;0;0;46.63
200;ULT;2002;0;0;0;46.63
200;ULT;2002;0;0;0;46.63
200;ULT;2003;0;0;0;46.63
200;ULT;6404;0;0;0;150.97
200;ULT;6442;0;0;0;150.97
200;ULT;6505;0;0;0;150.97
200;ULT;6676;0;0;0;150.97
200;ULT;6688;0;0;0;150.97
200;ULT;6696;0;0;0;150.97
200;ULT;6696;0;0;0;150.97
200;ULT;6718;0;0;0;150.97
200;ULT;10134;0;0;0;150.97
200;ULT;6866;0;0;0;150.97
200;ULT;6367;0;0;0;150.97
200;ULT;6371;0;0;0;150.97
200;ULT;6375;0;0;0;150.97
200;ULT;6397;0;0;0;150.97
200;ULT;6589;0;0;0;150.97
200;ULT;6708;0;0;0;150.97
200;ULT;6714;0;0;0;150.97
200;ULT;6367;0;0;0;150.97
200;ULT;6371;0;0;0;150.97
200;ULT;6389;0;0;0;150.97
200;RULT;6;0;0;0;0.62
200;RULT;6;0;0;0;0.62
200;RULT;6;0;0;0;0.62
200;RULT;6;0;0;0;0.62
200;RULT;6;0;0;0;0.62
200;RULT;6;0;0;0;0.62
200;RULT;6;0;0;0;0.62
200;RULT;6;0;0;0;0.62
200;RULT;6;0;0;0;0.62
200;RULT;6;0;0;0;0.62
200;RULT;6;0;0;0;0.62
200;RULT;6;0;0;0;0.62
200;RULT;6;0;0;0;0.62
200;RULT;6;0;0;0;0.62
200;RULT;6;0;0;0;0.62
200;RULT;6;0;0;0;0.62
200;RULT;6;0;0;0;0.62
200;RULT;6;0;0;0;0.62
200;RULT;6;0;0;0;0.62
200;RULT;6;0;0;0;0.62
200;RULT;7;0;0;0;0.77
200;RULT;7;0;0;0;0.77
200;RULT;7;0;0;0;0.77
200;RULT;6;0;0;0;0.77
200;RULT;6;0;0;0;0.77
200;RULT;6;0;0;0;0.77
200;RULT;6;0;0;0;0.77
200;RULT;6;0;0;0;0.77
200;RULT;6;0;0;0;0.77
200;RULT;6;0;0;0;0.77
200;RULT;6;0;0;0;0.77
200;RULT;6;0;0;0;0.77
200;RULT;6;0;0;0;0.77
200;RULT;6;0;0;0;0.77
200;RULT;6;0;0;0;0.77
200;RULT;6;0;0;0;0.77
200;RULT;6;0;0;0;0.77
200;RULT;6;0;0;0;0.77
200;RULT;6;0;0;0;0.77
200;RULT;6;0;0;0;0.77
200;ILP;3204;0;0;0;0.00
200;ILP;3104;0;0;0;0.00
200;ILP;2988;0;0;0;0.00
200;ILP;2896;0;0;0;0.00
200;ILP;2948;0;0;0;0.00
200;ILP;2914;0;0;0;0.00
200;ILP;2921;0;0;0;0.00
200;ILP;2953;0;0;0;0.00
200;ILP;2961;0;0;0;0.00
200;ILP;2918;0;0;0;0.00
200;ILP;2866;0;0;0;0.00
200;ILP;2935;0;0;0;0.00
200;ILP;2914;0;0;0;0.00
200;ILP;2871;0;0;0;0.00
200;ILP;2924;0;0;0;0.00
200;ILP;2924;0;0;0;0.00
200;ILP;2915;0;0;0;0.00
200;ILP;2907;0;0;0;0.00
200;ILP;2926;0;0;0;0.00
200;ILP;2865;0;0;0;0.00
200;ILP;3637;0;0;0;0.00
200;ILP;3353;0;0;0;0.00
200;ILP;3384;0;0;0;0.00
200;ILP;3308;0;0;0;0.00
200;ILP;3328;0;0;0;0.00
200;ILP;3294;0;0;0;0.00
200;ILP;3296;0;0;0;0.00
200;ILP;3302;0;0;0;0.00
200;ILP;3299;0;0;0;0.00
200;ILP;3287;0;0;0;0.00
200;ILP;3284;0;0;0;0.00
200;ILP;3271;0;0;0;0.00
200;ILP;3288;0;0;0;0.00
200;ILP;3285;0;0;0;0.00
200;ILP;3265;0;0;0;0.00
200;ILP;3269;0;0;0;0.00
200;ILP;3295;0;0;0;0.00
200;ILP;3271;0;0;0;0.00
200;ILP;3277;0;0;0;0.00
200;ILP;3290;0;0;0;0.00
200;CP;20814;0;0;0;0.00
200;CP;18011;0;0;0;0.00
200;CP;17993;0;0;0;0.00
200;CP;18247;0;0;0;0.00
200;CP;18185;0;0;0;0.00
200;CP;18290;0;0;0;0.00
200;CP;18383;0;0;0;0.00
200;CP;18275;0;0;0;0.00
200;CP;18498;0;0;0;0.00
200;CP;18538;0;0;0;0.00
200;CP;18359;0;0;0;0.00
200;CP;18487;0;0;0;0.00
200;CP;18182;0;0;0;0.00
200;CP;18171;0;0;0;0.00
200;CP;18397;0;0;0;0.00
200;CP;18047;0;0;0;0.00
200;CP;17979;0;0;0;0.00
200;CP;17998;0;0;0;0.00
200;CP;18140;0;0;0;0.00
200;CP;18136;0;0;0;0.00
200;CP;21542;0;0;0;0.00
200;CP;19524;0;0;0;0.00
200;CP;19342;0;0;0;0.00
200;CP;19439;0;0;0;0.00
200;CP;19490;0;0;0;0.00
200;CP;19451;0;0;0;0.00
200;CP;19452;0;0;0;0.00
200;CP;19581;0;0;0;0.00
200;CP;19423;0;0;0;0.00
200;CP;19545;0;0;0;0.00
200;CP;19500;0;0;0;0.00
200;CP;19460;0;0;0;0.00
200;CP;19456;0;0;0;0.00
200;CP;19458;0;0;0;0.00
200;CP;19499;0;0;0;0.00
200;CP;19373;0;0;0;0.00
200;CP;19433;0;0;0;0.00
200;CP;19538;0;0;0;0.00
200;CP;19501;0;0;0;0.00
200;CP;19490;0;0;0;0.00
200;SCP;31282;0;0;0;0.00
200;SCP;30370;0;0;0;0.00
200;SCP;30237;0;0;0;0.00
200;SCP;30141;0;0;0;0.00
200;SCP;29433;0;0;0;0.00
200;SCP;30281;0;0;0;0.00
200;SCP;29314;0;0;0;0.00
200;SCP;29148;0;0;0;0.00
200;SCP;29272;0;0;0;0.00
200;SCP;29168;0;0;0;0.00
200;SCP;29241;0;0;0;0.00
200;SCP;29095;0;0;0;0.00
200;SCP;29338;0;0;0;0.00
200;SCP;29070;0;0;0;0.00
200;SCP;29208;0;0;0;0.00
200;SCP;30285;0;0;0;0.00
200;SCP;29244;0;0;0;0.00
200;SCP;29158;0;0;0;0.00
200;SCP;29081;0;0;0;0.00
200;SCP;29385;0;0;0;0.00
200;SCP;32525;0;0;0;0.00
200;SCP;31571;0;0;0;0.00
200;SCP;31291;0;0;0;0.00
200;SCP;31350;0;0;0;0.00
200;SCP;31319;0;0;0;0.00
200;SCP;29826;0;0;0;0.00
200;SCP;28477;0;0;0;0.00
200;SCP;28557;0;0;0;0.00
200;SCP;29772;0;0;0;0.00
200;SCP;29748;0;0;0;0.00
200;SCP;28538;0;0;0;0.00
200;SCP;28558;0;0;0;0.00
200;SCP;29947;0;0;0;0.00
200;SCP;29864;0;0;0;0.00
200;SCP;31228;0;0;0;0.00
200;SCP;29838;0;0;0;0.00
200;SCP;28635;0;0;0;0.00
200;SCP;28553;0;0;0;0.00
200;SCP;29852;0;0;0;0.00
200;SCP;28657;0;0;0;0.00
200;KAB;77;0;0;0;0.00
200;KAB;11;0;0;0;0.00
200;KAB;9;0;0;0;0.00
200;KAB;9;0;0;0;0.00
200;KAB;8;0;0;0;0.00
200;KAB;8;0;0;0;0.00
200;KAB;7;0;0;0;0.00
200;KAB;7;0;0;0;0.00
200;KAB;7;0;0;0;0.00
200;KAB;7;0;0;0;0.00
200;KAB;7;0;0;0;0.00
200;KAB;7;0;0;0;0.00
200;KAB;7;0;0;0;0.00
200;KAB;7;0;0;0;0.00
200;KAB;7;0;0;0;0.00
200;KAB;7;0;0;0;0.00
200;KAB;7;0;0;0;0.00
200;KAB;7;0;0;0;0.00
200;KAB;7;0;0;0;0.00
200;KAB;7;0;0;0;0.00
200;KAB;78;0;0;0;0.00
200;KAB;10;0;0;0;0.00
200;KAB;8;0;0;0;0.00
200;KAB;7;0;0;0;0.00
200;KAB;7;0;0;0;0.00
200;KAB;7;0;0;0;0.00
200;KAB;6;0;0;0;0.00
200;KAB;6;0;0;0;0.00
200;KAB;6;0;0;0;0.00
200;KAB;6;0;0;0;0.00
200;KAB;6;0;0;0;0.00
200;KAB;6;0;0;0;0.00
200;KAB;6;0;0;0;0.00
200;KAB;6;0;0;0;0.00
200;KAB;6;0;0;0;0.00
200;KAB;6;0;0;0;0.00
200;KAB;6;0;0;0;0.00
200;KAB;6;0;0;0;0.00
200;KAB;6;0;0;0;0.00
200;KAB;6;0;0;0;0.00
200;BFDC;13;0;0;0;0.83
200;BFDC;11;0;0;0;0.83
200;BFDC;10;0;0;0;0.83
200;BFDC;9;0;0;0;0.83
200;BFDC;9;0;0;0;0.83
200;BFDC;9;0;0;0;0.83
200;BFDC;9;0;0;0;0.83
200;BFDC;9;0;0;0;0.83
200;BFDC;8;0;0;0;0.83
200;BFDC;8;0;0;0;0.83
200;BFDC;8;0;0;0;0.83
200;BFDC;8;0;0;0;0.83
200;BFDC;8;0;0;0;0.83
200;BFDC;8;0;0;0;0.83
200;BFDC;8;0;0;0;0.83
200;BFDC;8;0;0;0;0.83
200;BFDC;8;0;0;0;0.83
200;BFDC;8;0;0;0;0.83
200;BFDC;8;0;0;0;0.83
200;BFDC;8;0;0;0;0.83
200;BFDC;14;0;0;0;1.00
200;BFDC;12;0;0;0;1.00
200;BFDC;11;0;0;0;1.00
200;BFDC;11;0;0;0;1.00
200;BFDC;10;0;0;0;1.00
200;BFDC;10;0;0;0;1.00
200;BFDC;10;0;0;0;1.00
200;BFDC;10;0;0;0;1.00
200;BFDC;10;0;0;0;1.00
200;BFDC;10;0;0;0;1.00
200;BFDC;10;0;0;0;1.00
200;BFDC;10;0;0;0;1.00
200;BFDC;9;0;0;0;1.00
200;BFDC;9;0;0;0;1.00
200;BFDC;9;0;0;0;1.00
200;BFDC;10;0;0;0;1.00
200;BFDC;9;0;0;0;1.00
200;BFDC;9;0;0;0;1.00
200;BFDC;9;0;0;0;1.00
200;BFDC;9;0;0;0;1.00
200;CRA;5;0;0;0;0.23
200;CRA;3;0;0;0;0.23
200;CRA;2;0;0;0;0.23
200;CRA;2;0;0;0;0.23
200;CRA;2;0;0;0;0.23
200;CRA;2;0;0;0;0.23
200;CRA;2;0;0;0;0.23
200;CRA;2;0;0;0;0.23
200;CRA;2;0;0;0;0.23
200;CRA;2;0;0;0;0.23
200;CRA;2;0;0;0;0.23
200;CRA;2;0;0;0;0.23
200;CRA;2;0;0;0;0.23
200;CRA;2;0;0;0;0.23
200;CRA;2;0;0;0;0.23
200;CRA;2;0;0;0;0.23
200;CRA;2;0;0;0;0.23
200;CRA;2;0;0;0;0.23
200;CRA;2;0;0;0;0.23
200;CRA;2;0;0;0;0.23
200;CRA;10;0;0;0;0.75
200;CRA;7;0;0;0;0.75
200;CRA;5;0;0;0;0.75
200;CRA;5;0;0;0;0.75
200;CRA;5;0;0;0;0.75
200;CRA;5;0;0;0;0.75
200;CRA;4;0;0;0;0.75
200;CRA;4;0;0;0;0.75
200;CRA;4;0;0;0;0.75
200;CRA;4;0;0;0;0.75
200;CRA;4;0;0;0;0.75
200;CRA;4;0;0;0;0.75
200;CRA;4;0;0;0;0.75
200;CRA;4;0;0;0;0.75
200;CRA;4;0;0;0;0.75
200;CRA;4;0;0;0;0.75
200;CRA;4;0;0;0;0.75
200;CRA;4;0;0;0;0.75
200;CRA;4;0;0;0;0.75
200;CRA;4;0;0;0;0.75
800;ULT;159429;0;0;0;293.41
800;ULT;159307;0;0;0;293.41
800;ULT;159305;0;0;0;293.41
800;ULT;160312;0;0;0;293.41
800;ULT;160464;0;0;0;293.41
800;ULT;159801;0;0;0;293.41
800;ULT;160435;0;0;0;293.41
800;ULT;159384;0;0;0;293.41
800;ULT;160378;0;0;0;293.41
800;ULT;159524;0;0;0;293.41
800;ULT;159550;0;0;0;293.41
800;ULT;160142;0;0;0;293.41
800;ULT;160474;0;0;0;293.41
800;ULT;160330;0;0;0;293.41
800;ULT;160589;0;0;0;293.41
800;ULT;159807;0;0;0;293.41
800;ULT;160101;0;0;0;293.41
800;ULT;159554;0;0;0;293.41
800;ULT;160341;0;0;0;293.41
800;ULT;159580;0;0;0;293.41
800;ULT;209734;0;0;0;386.96
800;ULT;209832;0;0;0;386.96
800;ULT;209739;0;0;0;386.96
800;ULT;209984;0;0;0;386.96
800;ULT;210451;0;0;0;386.96
800;ULT;210836;0;0;0;386.96
800;ULT;210211;0;0;0;386.96
800;ULT;211030;0;0;0;386.96
800;ULT;209973;0;0;0;386.96
800;ULT;211705;0;0;0;386.96
800;ULT;209827;0;0;0;386.96
800;ULT;210041;0;0;0;386.96
800;ULT;210102;0;0;0;386.96
800;ULT;209771;0;0;0;386.96
800;ULT;209926;0;0;0;386.96
800;ULT;210061;0;0;0;386.96
800;ULT;209912;0;0;0;386.96
800;ULT;209992;0;0;0;386.96
800;ULT;210028;0;0;0;386.96
800;ULT;210157;0;0;0;386.96
800;RULT;27;0;0;0;0.68
800;RULT;26;0;0;0;0.68
800;RULT;26;0;0;0;0.68
800;RULT;26;0;0;0;0.68
800;RULT;26;0;0;0;0.68
800;RULT;26;0;0;0;0.68
800;RULT;26;0;0;0;0.68
800;RULT;26;0;0;0;0.68
800;RULT;26;0;0;0;0.68
800;RULT;26;0;0;0;0.68
800;RULT;26;0;0;0;0.68
800;RULT;26;0;0;0;0.68
800;RULT;26;0;0;0;0.68
800;RULT;26;0;0;0;0.68
800;RULT;26;0;0;0;0.68
800;RULT;26;0;0;0;0.68
800;RULT;26;0;0;0;0.68
800;RULT;26;0;0;0;0.68
800;RULT;26;0;0;0;0.68
800;RULT;26;0;0;0;0.68
800;RULT;37;0;0;0;1.04
800;RULT;36;0;0;0;1.04
800;RULT;36;0;0;0;1.04
800;RULT;36;0;0;0;1.04
800;RULT;36;0;0;0;1.04
800;RULT;36;0;0;0;1.04
800;RULT;36;0;0;0;1.04
800;RULT;36;0;0;0;1.04
800;RULT;36;0;0;0;1.04
800;RULT;36;0;0;0;1.04
800;RULT;36;0;0;0;1.04
800;RULT;36;0;0;0;1.04
800;RULT;36;0;0;0;1.04
800;RULT;36;0;0;0;1.04
800;RULT;36;0;0;0;1.04
800;RULT;36;0;0;0;1.04
800;RULT;36;0;0;0;1.04
800;RULT;36;0;0;0;1.04
800;RULT;36;0;0;0;1.04
800;RULT;36;0;0;0;1.04
800;ILP;13176;0;0;0;0.00
800;ILP;11241;0;0;0;0.00
800;ILP;11523;0;0;0;0.00
800;ILP;11424;0;0;0;0.00
800;ILP;11455;0;0;0;0.00
800;ILP;11849;0;0;0;0.00
800;ILP;11590;0;0;0;0.00
800;ILP;11488;0;0;0;0.00
800;ILP;11470;0;0;0;0.00
800;ILP;11218;0;0;0;0.00
800;ILP;12019;0;0;0;0.00
800;ILP;11291;0;0;0;0.00
800;ILP;11281;0;0;0;0.00
800;ILP;11296;0;0;0;0.00
800;ILP;11336;0;0;0;0.00
800;ILP;11301;0;0;0;0.00
800;ILP;11313;0;0;0;0.00
800;ILP;11556;0;0;0;0.00
800;ILP;11893;0;0;0;0.00
800;ILP;11560;0;0;0;0.00
800;ILP;13293;0;0;0;0.00
800;ILP;11617;0;0;0;0.00
800;ILP;11787;0;0;0;0.00
800;ILP;11924;0;0;0;0.00
800;ILP;11829;0;0;0;0.00
800;ILP;12004;0;0;0;0.00
800;ILP;12037;0;0;0;0.00
800;ILP;11674;0;0;0;0.00
800;ILP;11753;0;0;0;0.00
800;ILP;12110;0;0;0;0.00
800;ILP;11970;0;0;0;0.00
800;ILP;12077;0;0;0;0.00
800;ILP;11830;0;0;0;0.00
800;ILP;12580;0;0;0;0.00
800;ILP;11852;0;0;0;0.00
800;ILP;12082;0;0;0;0.00
800;ILP;12125;0;0;0;0.00
800;ILP;11509;0;0;0;0.00
800;ILP;11695;0;0;0;0.00
800;ILP;12071;0;0;0;0.00
800;CP;49256;0;0;0;0.00
800;CP;45030;0;0;0;0.00
800;CP;45494;0;0;0;0.00
800;CP;47408;0;0;0;0.00
800;CP;47122;0;0;0;0.00
800;CP;46440;0;0;0;0.00
800;CP;46670;0;0;0;0.00
800;CP;44820;0;0;0;0.00
800;CP;46823;0;0;0;0.00
800;CP;48151;0;0;0;0.00
800;CP;46575;0;0;0;0.00
800;CP;46360;0;0;0;0.00
800;CP;46507;0;0;0;0.00
800;CP;47898;0;0;0;0.00
800;CP;49882;0;0;0;0.00
800;CP;50299;0;0;0;0.00
800;CP;49180;0;0;0;0.00
800;CP;49000;0;0;0;0.00
800;CP;49542;0;0;0;0.00
800;CP;48962;0;0;0;0.00
800;CP;84148;0;0;0;0.00
800;CP;81523;0;0;0;0.00
800;CP;82211;0;0;0;0.00
800;CP;79609;0;0;0;0.00
800;CP;81220;0;0;0;0.00
800;CP;82231;0;0;0;0.00
800;CP;79608;0;0;0;0.00
800;CP;80105;0;0;0;0.00
800;CP;81570;0;0;0;0.00
800;CP;80666;0;0;0;0.00
800;CP;80361;0;0;0;0.00
800;CP;81503;0;0;0;0.00
800;CP;80398;0;0;0;0.00
800;CP;80505;0;0;0;0.00
800;CP;79163;0;0;0;0.00
800;CP;78454;0;0;0;0.00
800;CP;80005;0;0;0;0.00
800;CP;77917;0;0;0;0.00
800;CP;82505;0;0;0;0.00
800;CP;80890;0;0;0;0.00
800;SCP;67046;0;0;0;0.00
800;SCP;61474;0;0;0;0.00
800;SCP;61827;0;0;0;0.00
800;SCP;65616;0;0;0;0.00
800;SCP;61926;0;0;0;0.00
800;SCP;61755;0;0;0;0.00
800;SCP;67174;0;0;0;0.00
800;SCP;62107;0;0;0;0.00
800;SCP;66650;0;0;0;0.00
800;SCP;61810;0;0;0;0.00
800;SCP;61782;0;0;0;0.00
800;SCP;62097;0;0;0;0.00
800;SCP;62196;0;0;0;0.00
800;SCP;62026;0;0;0;0.00
800;SCP;62058;0;0;0;0.00
800;SCP;61652;0;0;0;0.00
800;SCP;61949;0;0;0;0.00
800;SCP;62237;0;0;0;0.00
800;SCP;62225;0;0;0;0.00
800;SCP;61785;0;0;0;0.00
800;SCP;58750;0;0;0;0.00
800;SCP;60072;0;0;0;0.00
800;SCP;57828;0;0;0;0.00
800;SCP;58054;0;0;0;0.00
800;SCP;58007;0;0;0;0.00
800;SCP;57833;0;0;0;0.00
800;SCP;59805;0;0;0;0.00
800;SCP;57906;0;0;0;0.00
800;SCP;57803;0;0;0;0.00
800;SCP;59663;0;0;0;0.00
800;SCP;57397;0;0;0;0.00
800;SCP;58409;0;0;0;0.00
800;SCP;64411;0;0;0;0.00
800;SCP;61657;0;0;0;0.00
800;SCP;61563;0;0;0;0.00
800;SCP;64039;0;0;0;0.00
800;SCP;61912;0;0;0;0.00
800;SCP;61788;0;0;0;0.00
800;SCP;61839;0;0;0;0.00
800;SCP;61648;0;0;0;0.00
800;KAB;306;0;0;0;0.00
800;KAB;40;0;0;0;0.00
800;KAB;40;0;0;0;0.00
800;KAB;38;0;0;0;0.00
800;KAB;38;0;0;0;0.00
800;KAB;37;0;0;0;0.00
800;KAB;37;0;0;0;0.00
800;KAB;37;0;0;0;0.00
800;KAB;37;0;0;0;0.00
800;KAB;36;0;0;0;0.00
800;KAB;37;0;0;0;0.00
800;KAB;36;0;0;0;0.00
800;KAB;36;0;0;0;0.00
800;KAB;36;0;0;0;0.00
800;KAB;36;0;0;0;0.00
800;KAB;36;0;0;0;0.00
800;KAB;36;0;0;0;0.00
800;KAB;35;0;0;0;0.00
800;KAB;36;0;0;0;0.00
800;KAB;36;0;0;0;0.00
800;KAB;302;0;0;0;0.00
800;KAB;39;0;0;0;0.00
800;KAB;36;0;0;0;0.00
800;KAB;43;0;0;0;0.00
800;KAB;36;0;0;0;0.00
800;KAB;35;0;0;0;0.00
800;KAB;35;0;0;0;0.00
800;KAB;35;0;0;0;0.00
800;KAB;34;0;0;0;0.00
800;KAB;35;0;0;0;0.00
800;KAB;35;0;0;0;0.00
800;KAB;35;0;0;0;0.00
800;KAB;34;0;0;0;0.00
800;KAB;34;0;0;0;0.00
800;KAB;34;0;0;0;0.00
800;KAB;34;0;0;0;0.00
800;KAB;34;0;0;0;0.00
800;KAB;33;0;0;0;0.00
800;KAB;34;0;0;0;0.00
800;KAB;34;0;0;0;0.00
800;BFDC;51;0;0;0;0.88
800;BFDC;48;0;0;0;0.88
800;BFDC;47;0;0;0;0.88
800;BFDC;46;0;0;0;0.88
800;BFDC;46;0;0;0;0.88
800;BFDC;45;0;0;0;0.88
800;BFDC;45;0;0;0;0.88
800;BFDC;45;0;0;0;0.88
800;BFDC;45;0;0;0;0.88
800;BFDC;44;0;0;0;0.88
800;BFDC;45;0;0;0;0.88
800;BFDC;44;0;0;0;0.88
800;BFDC;44;0;0;0;0.88
800;BFDC;44;0;0;0;0.88
800;BFDC;44;0;0;0;0.88
800;BFDC;44;0;0;0;0.88
800;BFDC;44;0;0;0;0.88
800;BFDC;44;0;0;0;0.88
800;BFDC;44;0;0;0;0.88
800;BFDC;44;0;0;0;0.88
800;BFDC;74;0;0;0;1.41
800;BFDC;73;0;0;0;1.41
800;BFDC;72;0;0;0;1.41
800;BFDC;71;0;0;0;1.41
800;BFDC;71;0;0;0;1.41
800;BFDC;70;0;0;0;1.41
800;BFDC;70;0;0;0;1.41
800;BFDC;70;0;0;0;1.41
800;BFDC;69;0;0;0;1.41
800;BFDC;70;0;0;0;1.41
800;BFDC;70;0;0;0;1.41
800;BFDC;70;0;0;0;1.41
800;BFDC;69;0;0;0;1.41
800;BFDC;69;0;0;0;1.41
800;BFDC;69;0;0;0;1.41
800;BFDC;69;0;0;0;1.41
800;BFDC;69;0;0;0;1.41
800;BFDC;69;0;0;0;1.41
800;BFDC;69;0;0;0;1.41
800;BFDC;69;0;0;0;1.41
800;CRA;27;0;0;0;0.41
800;CRA;22;0;0;0;0.41
800;CRA;19;0;0;0;0.41
800;CRA;18;0;0;0;0.41
800;CRA;18;0;0;0;0.41
800;CRA;18;0;0;0;0.41
800;CRA;18;0;0;0;0.41
800;CRA;17;0;0;0;0.41
800;CRA;17;0;0;0;0.41
800;CRA;17;0;0;0;0.41
800;CRA;17;0;0;0;0.41
800;CRA;17;0;0;0;0.41
800;CRA;17;0;0;0;0.41
800;CRA;17;0;0;0;0.41
800;CRA;17;0;0;0;0.41
800;CRA;17;0;0;0;0.41
800;CRA;17;0;0;0;0.41
800;CRA;17;0;0;0;0.41
800;CRA;17;0;0;0;0.41
800;CRA;17;0;0;0;0.41
800;CRA;36;0;0;0;0.49
800;CRA;24;0;0;0;0.49
800;CRA;22;0;0;0;0.49
800;CRA;21;0;0;0;0.49
800;CRA;21;0;0;0;0.49
800;CRA;21;0;0;0;0.49
800;CRA;21;0;0;0;0.49
800;CRA;20;0;0;0;0.49
800;CRA;20;0;0;0;0.49
800;CRA;21;0;0;0;0.49
800;CRA;20;0;0;0;0.49
800;CRA;20;0;0;0;0.49
800;CRA;20;0;0;0;0.49
800;CRA;20;0;0;0;0.49
800;CRA;20;0;0;0;0.49
800;CRA;20;0;0;0;0.49
800;CRA;20;0;0;0;0.49
800;CRA;20;0;0;0;0.49
800;CRA;20;0;0;0;0.49
800;CRA;20;0;0;0;0.49
1600;RULT;95;0;0;0;1.29
1600;RULT;95;0;0;0;1.29
1600;RULT;94;0;0;0;1.29
1600;RULT;101;0;0;0;1.29
1600;RULT;95;0;0;0;1.29
1600;RULT;94;0;0;0;1.29
1600;RULT;94;0;0;0;1.29
1600;RULT;94;0;0;0;1.29
1600;RULT;94;0;0;0;1.29
1600;RULT;94;0;0;0;1.29
1600;RULT;94;0;0;0;1.29
1600;RULT;94;0;0;0;1.29
1600;RULT;94;0;0;0;1.29
1600;RULT;95;0;0;0;1.29
1600;RULT;94;0;0;0;1.29
1600;RULT;94;0;0;0;1.29
1600;RULT;99;0;0;0;1.29
1600;RULT;94;0;0;0;1.29
1600;RULT;94;0;0;0;1.29
1600;RULT;94;0;0;0;1.29
1600;RULT;961;0;0;0;4.12
1600;RULT;957;0;0;0;4.12
1600;RULT;961;0;0;0;4.12
1600;RULT;960;0;0;0;4.12
1600;RULT;954;0;0;0;4.12
1600;RULT;960;0;0;0;4.12
1600;RULT;956;0;0;0;4.12
1600;RULT;958;0;0;0;4.12
1600;RULT;956;0;0;0;4.12
1600;RULT;955;0;0;0;4.12
1600;RULT;960;0;0;0;4.12
1600;RULT;955;0;0;0;4.12
1600;RULT;955;0;0;0;4.12
1600;RULT;961;0;0;0;4.12
1600;RULT;954;0;0;0;4.12
1600;RULT;954;0;0;0;4.12
1600;RULT;956;0;0;0;4.12
1600;RULT;957;0;0;0;4.12
1600;RULT;963;0;0;0;4.12
1600;RULT;953;0;0;0;4.12
1600;ILP;25908;0;0;0;0.00
1600;ILP;25374;0;0;0;0.00
1600;ILP;24798;0;0;0;0.00
1600;ILP;24933;0;0;0;0.00
1600;ILP;24384;0;0;0;0.00
1600;ILP;25890;0;0;0;0.00
1600;ILP;25682;0;0;0;0.00
1600;ILP;25930;0;0;0;0.00
1600;ILP;25570;0;0;0;0.00
1600;ILP;25683;0;0;0;0.00
1600;ILP;25650;0;0;0;0.00
1600;ILP;26296;0;0;0;0.00
1600;ILP;26104;0;0;0;0.00
1600;ILP;25611;0;0;0;0.00
1600;ILP;26144;0;0;0;0.00
1600;ILP;25394;0;0;0;0.00
1600;ILP;25454;0;0;0;0.00
1600;ILP;24924;0;0;0;0.00
1600;ILP;25686;0;0;0;0.00
1600;ILP;25152;0;0;0;0.00
1600;ILP;26302;0;0;0;0.00
1600;ILP;25904;0;0;0;0.00
1600;ILP;25995;0;0;0;0.00
1600;ILP;25855;0;0;0;0.00
1600;ILP;26106;0;0;0;0.00
1600;ILP;25702;0;0;0;0.00
1600;ILP;25554;0;0;0;0.00
1600;ILP;25539;0;0;0;0.00
1600;ILP;25836;0;0;0;0.00
1600;ILP;25838;0;0;0;0.00
1600;ILP;26252;0;0;0;0.00
1600;ILP;26512;0;0;0;0.00
1600;ILP;25431;0;0;0;0.00
1600;ILP;25878;0;0;0;0.00
1600;ILP;25827;0;0;0;0.00
1600;ILP;25786;0;0;0;0.00
1600;ILP;25556;0;0;0;0.00
1600;ILP;26080;0;0;0;0.00
1600;ILP;25469;0;0;0;0.00
1600;ILP;26349;0;0;0;0.00
1600;CP;183208;0;0;0;0.00
1600;CP;184765;0;0;0;0.00
1600;CP;189724;0;0;0;0.00
1600;CP;188792;0;0;0;0.00
1600;CP;189224;0;0;0;0.00
1600;CP;189549;0;0;0;0.00
1600;CP;189878;0;0;0;0.00
1600;CP;190340;0;0;0;0.00
1600;CP;190274;0;0;0;0.00
1600;CP;190193;0;0;0;0.00
1600;CP;190357;0;0;0;0.00
1600;CP;190790;0;0;0;0.00
1600;CP;190747;0;0;0;0.00
1600;CP;189907;0;0;0;0.00
1600;CP;190347;0;0;0;0.00
1600;CP;190595;0;0;0;0.00
1600;CP;190644;0;0;0;0.00
1600;CP;190093;0;0;0;0.00
1600;CP;189802;0;0;0;0.00
1600;CP;189996;0;0;0;0.00
1600;CP;189898;0;0;0;0.00
1600;CP;190035;0;0;0;0.00
1600;CP;191157;0;0;0;0.00
1600;CP;191206;0;0;0;0.00
1600;CP;191195;0;0;0;0.00
1600;CP;190499;0;0;0;0.00
1600;CP;190738;0;0;0;0.00
1600;CP;190409;0;0;0;0.00
1600;CP;190723;0;0;0;0.00
1600;CP;189831;0;0;0;0.00
1600;CP;190132;0;0;0;0.00
1600;CP;190681;0;0;0;0.00
1600;CP;190189;0;0;0;0.00
1600;CP;190072;0;0;0;0.00
1600;CP;190577;0;0;0;0.00
1600;CP;189868;0;0;0;0.00
1600;CP;190151;0;0;0;0.00
1600;CP;190446;0;0;0;0.00
1600;CP;186769;0;0;0;0.00
1600;CP;173560;0;0;0;0.00
1600;SCP;250052;0;0;0;0.00
1600;SCP;239126;0;0;0;0.00
1600;SCP;239277;0;0;0;0.00
1600;SCP;248659;0;0;0;0.00
1600;SCP;238171;0;0;0;0.00
1600;SCP;247908;0;0;0;0.00
1600;SCP;238467;0;0;0;0.00
1600;SCP;248330;0;0;0;0.00
1600;SCP;238291;0;0;0;0.00
1600;SCP;248588;0;0;0;0.00
1600;SCP;237604;0;0;0;0.00
1600;SCP;246388;0;0;0;0.00
1600;SCP;245482;0;0;0;0.00
1600;SCP;235767;0;0;0;0.00
1600;SCP;245001;0;0;0;0.00
1600;SCP;235169;0;0;0;0.00
1600;SCP;245578;0;0;0;0.00
1600;SCP;245459;0;0;0;0.00
1600;SCP;235942;0;0;0;0.00
1600;SCP;245230;0;0;0;0.00
1600;SCP;113335;0;0;0;0.00
1600;SCP;114753;0;0;0;0.00
1600;SCP;113990;0;0;0;0.00
1600;SCP;115400;0;0;0;0.00
1600;SCP;115933;0;0;0;0.00
1600;SCP;112918;0;0;0;0.00
1600;SCP;116122;0;0;0;0.00
1600;SCP;113389;0;0;0;0.00
1600;SCP;116641;0;0;0;0.00
1600;SCP;112946;0;0;0;0.00
1600;SCP;116051;0;0;0;0.00
1600;SCP;113712;0;0;0;0.00
1600;SCP;115364;0;0;0;0.00
1600;SCP;113835;0;0;0;0.00
1600;SCP;114206;0;0;0;0.00
1600;SCP;115304;0;0;0;0.00
1600;SCP;115687;0;0;0;0.00
1600;SCP;114407;0;0;0;0.00
1600;SCP;115795;0;0;0;0.00
1600;SCP;114336;0;0;0;0.00
1600;KAB;656;0;0;0;0.00
1600;KAB;106;0;0;0;0.00
1600;KAB;105;0;0;0;0.00
1600;KAB;103;0;0;0;0.00
1600;KAB;104;0;0;0;0.00
1600;KAB;103;0;0;0;0.00
1600;KAB;103;0;0;0;0.00
1600;KAB;103;0;0;0;0.00
1600;KAB;103;0;0;0;0.00
1600;KAB;103;0;0;0;0.00
1600;KAB;103;0;0;0;0.00
1600;KAB;103;0;0;0;0.00
1600;KAB;103;0;0;0;0.00
1600;KAB;102;0;0;0;0.00
1600;KAB;103;0;0;0;0.00
1600;KAB;103;0;0;0;0.00
1600;KAB;103;0;0;0;0.00
1600;KAB;103;0;0;0;0.00
1600;KAB;109;0;0;0;0.00
1600;KAB;103;0;0;0;0.00
1600;KAB;205697;0;0;0;0.00
1600;KAB;204535;0;0;0;0.00
1600;KAB;204751;0;0;0;0.00
1600;KAB;204928;0;0;0;0.00
1600;KAB;204567;0;0;0;0.00
1600;KAB;204676;0;0;0;0.00
1600;KAB;204737;0;0;0;0.00
1600;KAB;204674;0;0;0;0.00
1600;KAB;204609;0;0;0;0.00
1600;KAB;204683;0;0;0;0.00
1600;KAB;204781;0;0;0;0.00
1600;KAB;204590;0;0;0;0.00
1600;KAB;204669;0;0;0;0.00
1600;KAB;204579;0;0;0;0.00
1600;KAB;204791;0;0;0;0.00
1600;KAB;205142;0;0;0;0.00
1600;KAB;205341;0;0;0;0.00
1600;KAB;205045;0;0;0;0.00
1600;KAB;205149;0;0;0;0.00
1600;KAB;205121;0;0;0;0.00
1600;BFDC;204;0;0;0;1.87
1600;BFDC;204;0;0;0;1.87
1600;BFDC;202;0;0;0;1.87
1600;BFDC;201;0;0;0;1.87
1600;BFDC;201;0;0;0;1.87
1600;BFDC;200;0;0;0;1.87
1600;BFDC;201;0;0;0;1.87
1600;BFDC;200;0;0;0;1.87
1600;BFDC;201;0;0;0;1.87
1600;BFDC;201;0;0;0;1.87
1600;BFDC;202;0;0;0;1.87
1600;BFDC;201;0;0;0;1.87
1600;BFDC;201;0;0;0;1.87
1600;BFDC;201;0;0;0;1.87
1600;BFDC;205;0;0;0;1.87
1600;BFDC;201;0;0;0;1.87
1600;BFDC;201;0;0;0;1.87
1600;BFDC;201;0;0;0;1.87
1600;BFDC;200;0;0;0;1.87
1600;BFDC;202;0;0;0;1.87
1600;BFDC;254;0;0;0;2.34
1600;BFDC;256;0;0;0;2.34
1600;BFDC;251;0;0;0;2.34
1600;BFDC;252;0;0;0;2.34
1600;BFDC;252;0;0;0;2.34
1600;BFDC;252;0;0;0;2.34
1600;BFDC;252;0;0;0;2.34
1600;BFDC;251;0;0;0;2.34
1600;BFDC;251;0;0;0;2.34
1600;BFDC;252;0;0;0;2.34
1600;BFDC;250;0;0;0;2.34
1600;BFDC;251;0;0;0;2.34
1600;BFDC;252;0;0;0;2.34
1600;BFDC;252;0;0;0;2.34
1600;BFDC;250;0;0;0;2.34
1600;BFDC;251;0;0;0;2.34
1600;BFDC;251;0;0;0;2.34
1600;BFDC;256;0;0;0;2.34
1600;BFDC;252;0;0;0;2.34
1600;BFDC;252;0;0;0;2.34
1600;CRA;120;0;0;0;1.07
1600;CRA;108;0;0;0;1.07
1600;CRA;107;0;0;0;1.07
1600;CRA;105;0;0;0;1.07
1600;CRA;104;0;0;0;1.07
1600;CRA;104;0;0;0;1.07
1600;CRA;103;0;0;0;1.07
1600;CRA;103;0;0;0;1.07
1600;CRA;109;0;0;0;1.07
1600;CRA;103;0;0;0;1.07
1600;CRA;102;0;0;0;1.07
1600;CRA;102;0;0;0;1.07
1600;CRA;102;0;0;0;1.07
1600;CRA;102;0;0;0;1.07
1600;CRA;101;0;0;0;1.07
1600;CRA;101;0;0;0;1.07
1600;CRA;101;0;0;0;1.07
1600;CRA;101;0;0;0;1.07
1600;CRA;101;0;0;0;1.07
1600;CRA;101;0;0;0;1.07
1600;CRA;15187;0;0;0;44.88
1600;CRA;15111;0;0;0;44.88
1600;CRA;15071;0;0;0;44.88
1600;CRA;15083;0;0;0;44.88
1600;CRA;15104;0;0;0;44.88
1600;CRA;15095;0;0;0;44.88
1600;CRA;15230;0;0;0;44.88
1600;CRA;15186;0;0;0;44.88
1600;CRA;15164;0;0;0;44.88
1600;CRA;15171;0;0;0;44.88
1600;CRA;15168;0;0;0;44.88
1600;CRA;15204;0;0;0;44.88
1600;CRA;15197;0;0;0;44.88
1600;CRA;15225;0;0;0;44.88
1600;CRA;15186;0;0;0;44.88
1600;CRA;15142;0;0;0;44.88
1600;CRA;15165;0;0;0;44.88
1600;CRA;15142;0;0;0;44.88
1600;CRA;15127;0;0;0;44.88
1600;CRA;15117;0;0;0;44.88
6400;RULT;301;0;0;0;0.95
6400;RULT;283;0;0;0;0.95
6400;RULT;280;0;0;0;0.95
6400;RULT;279;0;0;0;0.95
6400;RULT;279;0;0;0;0.95
6400;RULT;278;0;0;0;0.95
6400;RULT;278;0;0;0;0.95
6400;RULT;278;0;0;0;0.95
6400;RULT;278;0;0;0;0.95
6400;RULT;277;0;0;0;0.95
6400;RULT;278;0;0;0;0.95
6400;RULT;278;0;0;0;0.95
6400;RULT;278;0;0;0;0.95
6400;RULT;277;0;0;0;0.95
6400;RULT;287;0;0;0;0.95
6400;RULT;277;0;0;0;0.95
6400;RULT;277;0;0;0;0.95
6400;RULT;277;0;0;0;0.95
6400;RULT;279;0;0;0;0.95
6400;RULT;278;0;0;0;0.95
6400;RULT;127;0;0;0;0.37
6400;RULT;125;0;0;0;0.37
6400;RULT;124;0;0;0;0.37
6400;RULT;124;0;0;0;0.37
6400;RULT;123;0;0;0;0.37
6400;RULT;123;0;0;0;0.37
6400;RULT;123;0;0;0;0.37
6400;RULT;124;0;0;0;0.37
6400;RULT;124;0;0;0;0.37
6400;RULT;123;0;0;0;0.37
6400;RULT;123;0;0;0;0.37
6400;RULT;122;0;0;0;0.37
6400;RULT;123;0;0;0;0.37
6400;RULT;123;0;0;0;0.37
6400;RULT;123;0;0;0;0.37
6400;RULT;123;0;0;0;0.37
6400;RULT;124;0;0;0;0.37
6400;RULT;123;0;0;0;0.37
6400;RULT;124;0;0;0;0.37
6400;RULT;124;0;0;0;0.37
6400;ILP;115300;0;0;0;0.00
6400;ILP;115562;0;0;0;0.00
6400;ILP;115380;0;0;0;0.00
6400;ILP;115324;0;0;0;0.00
6400;ILP;115360;0;0;0;0.00
6400;ILP;115239;0;0;0;0.00
6400;ILP;116683;0;0;0;0.00
6400;ILP;118656;0;0;0;0.00
6400;ILP;118737;0;0;0;0.00
6400;ILP;118240;0;0;0;0.00
6400;ILP;110351;0;0;0;0.00
6400;ILP;111074;0;0;0;0.00
6400;ILP;111023;0;0;0;0.00
6400;ILP;109301;0;0;0;0.00
6400;ILP;111319;0;0;0;0.00
6400;ILP;109927;0;0;0;0.00
6400;ILP;109809;0;0;0;0.00
6400;ILP;110446;0;0;0;0.00
6400;ILP;110384;0;0;0;0.00
6400;ILP;111884;0;0;0;0.00
6400;ILP;105412;0;0;0;0.00
6400;ILP;106111;0;0;0;0.00
6400;ILP;113639;0;0;0;0.00
6400;ILP;108765;0;0;0;0.00
6400;ILP;108020;0;0;0;0.00
6400;ILP;108379;0;0;0;0.00
6400;ILP;108158;0;0;0;0.00
6400;ILP;108744;0;0;0;0.00
6400;ILP;105948;0;0;0;0.00
6400;ILP;108448;0;0;0;0.00
6400;ILP;109155;0;0;0;0.00
6400;ILP;107699;0;0;0;0.00
6400;ILP;109038;0;0;0;0.00
6400;ILP;107056;0;0;0;0.00
6400;ILP;107639;0;0;0;0.00
6400;ILP;116024;0;0;0;0.00
6400;ILP;108234;0;0;0;0.00
6400;ILP;107959;0;0;0;0.00
6400;ILP;112991;0;0;0;0.00
6400;ILP;106329;0;0;0;0.00
6400;CP;572949;0;0;0;0.00
6400;CP;573565;0;0;0;0.00
6400;CP;573670;0;0;0;0.00
6400;CP;572955;0;0;0;0.00
6400;CP;574319;0;0;0;0.00
6400;CP;572725;0;0;0;0.00
6400;CP;573260;0;0;0;0.00
6400;CP;571645;0;0;0;0.00
6400;CP;571019;0;0;0;0.00
6400;CP;569515;0;0;0;0.00
6400;CP;570053;0;0;0;0.00
6400;CP;569236;0;0;0;0.00
6400;CP;568536;0;0;0;0.00
6400;CP;565741;0;0;0;0.00
6400;CP;564312;0;0;0;0.00
6400;CP;563971;0;0;0;0.00
6400;CP;562437;0;0;0;0.00
6400;CP;560974;0;0;0;0.00
6400;CP;557149;0;0;0;0.00
6400;CP;611587;0;0;0;0.00
6400;CP;571210;0;0;0;0.00
6400;CP;570454;0;0;0;0.00
6400;CP;571851;0;0;0;0.00
6400;CP;571005;0;0;0;0.00
6400;CP;572467;0;0;0;0.00
6400;CP;568701;0;0;0;0.00
6400;CP;570009;0;0;0;0.00
6400;CP;568023;0;0;0;0.00
6400;CP;568184;0;0;0;0.00
6400;CP;567852;0;0;0;0.00
6400;CP;564527;0;0;0;0.00
6400;CP;564651;0;0;0;0.00
6400;CP;578414;0;0;0;0.00
6400;CP;633503;0;0;0;0.00
6400;CP;629756;0;0;0;0.00
6400;CP;637797;0;0;0;0.00
6400;CP;644994;0;0;0;0.00
6400;CP;576130;0;0;0;0.00
6400;CP;577511;0;0;0;0.00
6400;CP;576094;0;0;0;0.00
6400;SCP;385325;0;0;0;0.00
6400;SCP;384660;0;0;0;0.00
6400;SCP;386186;0;0;0;0.00
6400;SCP;389810;0;0;0;0.00
6400;SCP;411339;0;0;0;0.00
6400;SCP;396253;0;0;0;0.00
6400;SCP;363630;0;0;0;0.00
6400;SCP;366021;0;0;0;0.00
6400;SCP;364497;0;0;0;0.00
6400;SCP;365177;0;0;0;0.00
6400;SCP;364647;0;0;0;0.00
6400;SCP;364273;0;0;0;0.00
6400;SCP;363722;0;0;0;0.00
6400;SCP;364921;0;0;0;0.00
6400;SCP;364398;0;0;0;0.00
6400;SCP;366220;0;0;0;0.00
6400;SCP;363335;0;0;0;0.00
6400;SCP;363800;0;0;0;0.00
6400;SCP;364025;0;0;0;0.00
6400;SCP;363204;0;0;0;0.00
6400;SCP;236597;0;0;0;0.00
6400;SCP;246567;0;0;0;0.00
6400;SCP;235131;0;0;0;0.00
6400;SCP;242655;0;0;0;0.00
6400;SCP;235171;0;0;0;0.00
6400;SCP;236486;0;0;0;0.00
6400;SCP;243444;0;0;0;0.00
6400;SCP;237844;0;0;0;0.00
6400;SCP;245398;0;0;0;0.00
6400;SCP;236083;0;0;0;0.00
6400;SCP;234932;0;0;0;0.00
6400;SCP;235047;0;0;0;0.00
6400;SCP;235453;0;0;0;0.00
6400;SCP;241463;0;0;0;0.00
6400;SCP;234899;0;0;0;0.00
6400;SCP;240653;0;0;0;0.00
6400;SCP;233879;0;0;0;0.00
6400;SCP;234466;0;0;0;0.00
6400;SCP;242690;0;0;0;0.00
6400;SCP;236532;0;0;0;0.00
6400;KAB;381;0;0;0;0.00
6400;KAB;321;0;0;0;0.00
6400;KAB;318;0;0;0;0.00
6400;KAB;321;0;0;0;0.00
6400;KAB;318;0;0;0;0.00
6400;KAB;317;0;0;0;0.00
6400;KAB;316;0;0;0;0.00
6400;KAB;323;0;0;0;0.00
6400;KAB;316;0;0;0;0.00
6400;KAB;316;0;0;0;0.00
6400;KAB;320;0;0;0;0.00
6400;KAB;318;0;0;0;0.00
6400;KAB;321;0;0;0;0.00
6400;KAB;328;0;0;0;0.00
6400;KAB;318;0;0;0;0.00
6400;KAB;317;0;0;0;0.00
6400;KAB;319;0;0;0;0.00
6400;KAB;317;0;0;0;0.00
6400;KAB;318;0;0;0;0.00
6400;KAB;319;0;0;0;0.00
6400;KAB;322;0;0;0;0.00
6400;KAB;274;0;0;0;0.00
6400;KAB;271;0;0;0;0.00
6400;KAB;270;0;0;0;0.00
6400;KAB;271;0;0;0;0.00
6400;KAB;270;0;0;0;0.00
6400;KAB;267;0;0;0;0.00
6400;KAB;269;0;0;0;0.00
6400;KAB;270;0;0;0;0.00
6400;KAB;280;0;0;0;0.00
6400;KAB;269;0;0;0;0.00
6400;KAB;269;0;0;0;0.00
6400;KAB;269;0;0;0;0.00
6400;KAB;273;0;0;0;0.00
6400;KAB;272;0;0;0;0.00
6400;KAB;271;0;0;0;0.00
6400;KAB;267;0;0;0;0.00
6400;KAB;270;0;0;0;0.00
6400;KAB;267;0;0;0;0.00
6400;KAB;269;0;0;0;0.00
6400;BFDC;559;0;0;0;1.27
6400;BFDC;556;0;0;0;1.27
6400;BFDC;553;0;0;0;1.27
6400;BFDC;552;0;0;0;1.27
6400;BFDC;553;0;0;0;1.27
6400;BFDC;553;0;0;0;1.27
6400;BFDC;558;0;0;0;1.27
6400;BFDC;556;0;0;0;1.27
6400;BFDC;557;0;0;0;1.27
6400;BFDC;557;0;0;0;1.27
6400;BFDC;552;0;0;0;1.27
6400;BFDC;554;0;0;0;1.27
6400;BFDC;554;0;0;0;1.27
6400;BFDC;555;0;0;0;1.27
6400;BFDC;555;0;0;0;1.27
6400;BFDC;552;0;0;0;1.27
6400;BFDC;553;0;0;0;1.27
6400;BFDC;551;0;0;0;1.27
6400;BFDC;552;0;0;0;1.27
6400;BFDC;554;0;0;0;1.27
6400;BFDC;218;0;0;0;0.45
6400;BFDC;214;0;0;0;0.45
6400;BFDC;214;0;0;0;0.45
6400;BFDC;213;0;0;0;0.45
6400;BFDC;219;0;0;0;0.45
6400;BFDC;214;0;0;0;0.45
6400;BFDC;213;0;0;0;0.45
6400;BFDC;213;0;0;0;0.45
6400;BFDC;214;0;0;0;0.45
6400;BFDC;213;0;0;0;0.45
6400;BFDC;219;0;0;0;0.45
6400;BFDC;213;0;0;0;0.45
6400;BFDC;213;0;0;0;0.45
6400;BFDC;213;0;0;0;0.45
6400;BFDC;214;0;0;0;0.45
6400;BFDC;213;0;0;0;0.45
6400;BFDC;213;0;0;0;0.45
6400;BFDC;215;0;0;0;0.45
6400;BFDC;214;0;0;0;0.45
6400;BFDC;215;0;0;0;0.45
6400;CRA;520;0;0;0;0.88
6400;CRA;411;0;0;0;0.88
6400;CRA;419;0;0;0;0.88
6400;CRA;412;0;0;0;0.88
6400;CRA;408;0;0;0;0.88
6400;CRA;408;0;0;0;0.88
6400;CRA;408;0;0;0;0.88
6400;CRA;407;0;0;0;0.88
6400;CRA;407;0;0;0;0.88
6400;CRA;411;0;0;0;0.88
6400;CRA;413;0;0;0;0.88
6400;CRA;407;0;0;0;0.88
6400;CRA;407;0;0;0;0.88
6400;CRA;408;0;0;0;0.88
6400;CRA;412;0;0;0;0.88
6400;CRA;412;0;0;0;0.88
6400;CRA;413;0;0;0;0.88
6400;CRA;413;0;0;0;0.88
6400;CRA;418;0;0;0;0.88
6400;CRA;408;0;0;0;0.88
6400;CRA;148;0;0;0;0.11
6400;CRA;105;0;0;0;0.11
6400;CRA;103;0;0;0;0.11
6400;CRA;102;0;0;0;0.11
6400;CRA;101;0;0;0;0.11
6400;CRA;101;0;0;0;0.11
6400;CRA;106;0;0;0;0.11
6400;CRA;101;0;0;0;0.11
6400;CRA;100;0;0;0;0.11
6400;CRA;100;0;0;0;0.11
6400;CRA;100;0;0;0;0.11
6400;CRA;100;0;0;0;0.11
6400;CRA;99;0;0;0;0.11
6400;CRA;99;0;0;0;0.11
6400;CRA;99;0;0;0;0.11
6400;CRA;99;0;0;0;0.11
6400;CRA;99;0;0;0;0.11
6400;CRA;99;0;0;0;0.11
6400;CRA;99;0;0;0;0.11
6400;CRA;98;0;0;0;0.11
12800;RULT;12751;0;0;0;4.55
12800;RULT;12682;0;0;0;4.55
12800;RULT;12706;0;0;0;4.55
12800;RULT;12704;0;0;0;4.55
12800;RULT;12770;0;0;0;4.55
12800;RULT;12734;0;0;0;4.55
12800;RULT;12731;0;0;0;4.55
12800;RULT;12697;0;0;0;4.55
12800;RULT;12709;0;0;0;4.55
12800;RULT;12686;0;0;0;4.55
12800;RULT;12750;0;0;0;4.55
12800;RULT;12725;0;0;0;4.55
12800;RULT;12743;0;0;0;4.55
12800;RULT;12709;0;0;0;4.55
12800;RULT;12747;0;0;0;4.55
12800;RULT;12708;0;0;0;4.55
12800;RULT;12726;0;0;0;4.55
12800;RULT;12715;0;0;0;4.55
12800;RULT;12766;0;0;0;4.55
12800;RULT;12763;0;0;0;4.55
12800;RULT;321;0;0;0;0.46
12800;RULT;306;0;0;0;0.46
12800;RULT;300;0;0;0;0.46
12800;RULT;300;0;0;0;0.46
12800;RULT;301;0;0;0;0.46
12800;RULT;298;0;0;0;0.46
12800;RULT;298;0;0;0;0.46
12800;RULT;300;0;0;0;0.46
12800;RULT;300;0;0;0;0.46
12800;RULT;299;0;0;0;0.46
12800;RULT;299;0;0;0;0.46
12800;RULT;299;0;0;0;0.46
12800;RULT;304;0;0;0;0.46
12800;RULT;298;0;0;0;0.46
12800;RULT;299;0;0;0;0.46
12800;RULT;300;0;0;0;0.46
12800;RULT;298;0;0;0;0.46
12800;RULT;299;0;0;0;0.46
12800;RULT;299;0;0;0;0.46
12800;RULT;299;0;0;0;0.46
12800;ILP;272463;0;0;0;0.00
12800;ILP;261967;0;0;0;0.00
12800;ILP;268825;0;0;0;0.00
12800;ILP;261656;0;0;0;0.00
12800;ILP;272659;0;0;0;0.00
12800;ILP;260038;0;0;0;0.00
12800;ILP;254973;0;0;0;0.00
12800;ILP;247910;0;0;0;0.00
12800;ILP;247800;0;0;0;0.00
12800;ILP;249066;0;0;0;0.00
12800;ILP;249300;0;0;0;0.00
12800;ILP;258625;0;0;0;0.00
12800;ILP;248411;0;0;0;0.00
12800;ILP;254817;0;0;0;0.00
12800;ILP;247453;0;0;0;0.00
12800;ILP;260566;0;0;0;0.00
12800;ILP;249130;0;0;0;0.00
12800;ILP;255132;0;0;0;0.00
12800;ILP;248547;0;0;0;0.00
12800;ILP;248386;0;0;0;0.00
12800;ILP;231459;0;0;0;0.00
12800;ILP;232398;0;0;0;0.00
12800;ILP;244746;0;0;0;0.00
12800;ILP;247583;0;0;0;0.00
12800;ILP;245532;0;0;0;0.00
12800;ILP;241577;0;0;0;0.00
12800;ILP;240974;0;0;0;0.00
12800;ILP;241257;0;0;0;0.00
12800;ILP;248730;0;0;0;0.00
12800;ILP;249652;0;0;0;0.00
12800;ILP;249733;0;0;0;0.00
12800;ILP;249396;0;0;0;0.00
12800;ILP;250122;0;0;0;0.00
12800;ILP;248560;0;0;0;0.00
12800;ILP;246953;0;0;0;0.00
12800;ILP;235975;0;0;0;0.00
12800;ILP;234978;0;0;0;0.00
12800;ILP;236413;0;0;0;0.00
12800;ILP;234441;0;0;0;0.00
12800;ILP;234616;0;0;0;0.00
12800;CP;2378579;0;0;1;0.00
12800;CP;2381900;0;0;1;0.00
12800;CP;2378828;0;0;1;0.00
12800;CP;2379466;0;0;1;0.00
12800;CP;2366958;0;0;1;0.00
12800;CP;2367385;0;0;1;0.00
12800;CP;2366937;0;0;1;0.00
12800;CP;2365257;0;0;1;0.00
12800;CP;2369555;0;0;1;0.00
12800;CP;2364464;0;0;1;0.00
12800;CP;2365825;0;0;1;0.00
12800;CP;2354371;0;0;1;0.00
12800;CP;2353066;0;0;1;0.00
12800;CP;2347443;0;0;1;0.00
12800;CP;2337493;0;0;1;0.00
12800;CP;2335454;0;0;1;0.00
12800;CP;2338073;0;0;1;0.00
12800;CP;2336330;0;0;1;0.00
12800;CP;2323515;0;0;1;0.00
12800;CP;2321853;0;0;1;0.00
12800;CP;1252208;0;0;0;0.00
12800;CP;1256505;0;0;0;0.00
12800;CP;1251163;0;0;0;0.00
12800;CP;1249809;0;0;0;0.00
12800;CP;1261550;0;0;0;0.00
12800;CP;1251373;0;0;0;0.00
12800;CP;1252045;0;0;0;0.00
12800;CP;1263495;0;0;0;0.00
12800;CP;1253358;0;0;0;0.00
12800;CP;1251278;0;0;0;0.00
12800;CP;1257445;0;0;0;0.00
12800;CP;1246367;0;0;0;0.00
12800;CP;1252235;0;0;0;0.00
12800;CP;1257876;0;0;0;0.00
12800;CP;1249811;0;0;0;0.00
12800;CP;1246513;0;0;0;0.00
12800;CP;1252712;0;0;0;0.00
12800;CP;1245816;0;0;0;0.00
12800;CP;1246756;0;0;0;0.00
12800;CP;1256831;0;0;0;0.00
12800;SCP;1505533;0;0;0;0.00
12800;SCP;1498729;0;0;0;0.00
12800;SCP;1493115;0;0;0;0.00
12800;SCP;1485146;0;0;0;0.00
12800;SCP;1488892;0;0;0;0.00
12800;SCP;1488508;0;0;0;0.00
12800;SCP;1480874;0;0;0;0.00
12800;SCP;1464464;0;0;0;0.00
12800;SCP;1641984;0;0;0;0.00
12800;SCP;1647624;0;0;0;0.00
12800;SCP;1672187;0;0;0;0.00
12800;SCP;1577201;0;0;0;0.00
12800;SCP;1512101;0;0;0;0.00
12800;SCP;1513662;0;0;0;0.00
12800;SCP;1515972;0;0;0;0.00
12800;SCP;1504420;0;0;0;0.00
12800;SCP;1513415;0;0;0;0.00
12800;SCP;1518309;0;0;0;0.00
12800;SCP;1517174;0;0;0;0.00
12800;SCP;1520368;0;0;0;0.00
12800;SCP;562270;0;0;0;0.00
12800;SCP;562801;0;0;0;0.00
12800;SCP;561837;0;0;0;0.00
12800;SCP;562099;0;0;0;0.00
12800;SCP;561582;0;0;0;0.00
12800;SCP;569502;0;0;0;0.00
12800;SCP;562040;0;0;0;0.00
12800;SCP;562064;0;0;0;0.00
12800;SCP;559890;0;0;0;0.00
12800;SCP;560128;0;0;0;0.00
12800;SCP;561966;0;0;0;0.00
12800;SCP;561682;0;0;0;0.00
12800;SCP;571646;0;0;0;0.00
12800;SCP;560225;0;0;0;0.00
12800;SCP;561709;0;0;0;0.00
12800;SCP;562239;0;0;0;0.00
12800;SCP;562884;0;0;0;0.00
12800;SCP;563150;0;0;0;0.00
12800;SCP;560691;0;0;0;0.00
12800;SCP;561966;0;0;0;0.00
12800;KAB;2000009;0;0;1;0.00
12800;KAB;2000497;0;0;1;0.00
12800;KAB;2000649;0;0;1;0.00
12800;KAB;2000935;0;0;1;0.00
12800;KAB;2000976;0;0;1;0.00
12800;KAB;2000852;0;0;1;0.00
12800;KAB;2000389;0;0;1;0.00
12800;KAB;2000824;0;0;1;0.00
12800;KAB;2000071;0;0;1;0.00
12800;KAB;2000792;0;0;1;0.00
12800;KAB;2000636;0;0;1;0.00
12800;KAB;2000976;0;0;1;0.00
12800;KAB;2000997;0;0;1;0.00
12800;KAB;2001775;0;0;1;0.00
12800;KAB;2000336;0;0;1;0.00
12800;KAB;2000282;0;0;1;0.00
12800;KAB;2000548;0;0;1;0.00
12800;KAB;2000824;0;0;1;0.00
12800;KAB;2000580;0;0;1;0.00
12800;KAB;2000405;0;0;1;0.00
12800;KAB;827;0;0;0;0.00
12800;KAB;590;0;0;0;0.00
12800;KAB;589;0;0;0;0.00
12800;KAB;586;0;0;0;0.00
12800;KAB;600;0;0;0;0.00
12800;KAB;587;0;0;0;0.00
12800;KAB;590;0;0;0;0.00
12800;KAB;586;0;0;0;0.00
12800;KAB;590;0;0;0;0.00
12800;KAB;586;0;0;0;0.00
12800;KAB;586;0;0;0;0.00
12800;KAB;596;0;0;0;0.00
12800;KAB;585;0;0;0;0.00
12800;KAB;596;0;0;0;0.00
12800;KAB;583;0;0;0;0.00
12800;KAB;591;0;0;0;0.00
12800;KAB;585;0;0;0;0.00
12800;KAB;589;0;0;0;0.00
12800;KAB;588;0;0;0;0.00
12800;KAB;597;0;0;0;0.00
12800;BFDC;1047;0;0;0;1.07
12800;BFDC;1013;0;0;0;1.07
12800;BFDC;1010;0;0;0;1.07
12800;BFDC;1009;0;0;0;1.07
12800;BFDC;1007;0;0;0;1.07
12800;BFDC;1007;0;0;0;1.07
12800;BFDC;1008;0;0;0;1.07
12800;BFDC;1008;0;0;0;1.07
12800;BFDC;1008;0;0;0;1.07
12800;BFDC;1013;0;0;0;1.07
12800;BFDC;1009;0;0;0;1.07
12800;BFDC;1012;0;0;0;1.07
12800;BFDC;1007;0;0;0;1.07
12800;BFDC;1011;0;0;0;1.07
12800;BFDC;1007;0;0;0;1.07
12800;BFDC;1011;0;0;0;1.07
12800;BFDC;1007;0;0;0;1.07
12800;BFDC;1013;0;0;0;1.07
12800;BFDC;1007;0;0;0;1.07
12800;BFDC;1011;0;0;0;1.07
12800;BFDC;592;0;0;0;0.57
12800;BFDC;564;0;0;0;0.57
12800;BFDC;557;0;0;0;0.57
12800;BFDC;557;0;0;0;0.57
12800;BFDC;557;0;0;0;0.57
12800;BFDC;556;0;0;0;0.57
12800;BFDC;556;0;0;0;0.57
12800;BFDC;561;0;0;0;0.57
12800;BFDC;557;0;0;0;0.57
12800;BFDC;556;0;0;0;0.57
12800;BFDC;556;0;0;0;0.57
12800;BFDC;556;0;0;0;0.57
12800;BFDC;561;0;0;0;0.57
12800;BFDC;557;0;0;0;0.57
12800;BFDC;556;0;0;0;0.57
12800;BFDC;557;0;0;0;0.57
12800;BFDC;556;0;0;0;0.57
12800;BFDC;556;0;0;0;0.57
12800;BFDC;557;0;0;0;0.57
12800;BFDC;557;0;0;0;0.57
12800;CRA;179530;0;0;0;52.17
12800;CRA;171929;0;0;0;52.17
12800;CRA;170900;0;0;0;52.17
12800;CRA;170954;0;0;0;52.17
12800;CRA;170839;0;0;0;52.17
12800;CRA;182018;0;0;0;52.17
12800;CRA;170914;0;0;0;52.17
12800;CRA;170797;0;0;0;52.17
12800;CRA;171873;0;0;0;52.17
12800;CRA;170868;0;0;0;52.17
12800;CRA;178126;0;0;0;52.17
12800;CRA;171037;0;0;0;52.17
12800;CRA;170957;0;0;0;52.17
12800;CRA;170775;0;0;0;52.17
12800;CRA;171868;0;0;0;52.17
12800;CRA;182106;0;0;0;52.17
12800;CRA;170900;0;0;0;52.17
12800;CRA;170773;0;0;0;52.17
12800;CRA;170755;0;0;0;52.17
12800;CRA;170720;0;0;0;52.17
12800;CRA;359;0;0;0;0.04
12800;CRA;161;0;0;0;0.04
12800;CRA;158;0;0;0;0.04
12800;CRA;157;0;0;0;0.04
12800;CRA;157;0;0;0;0.04
12800;CRA;157;0;0;0;0.04
12800;CRA;157;0;0;0;0.04
12800;CRA;156;0;0;0;0.04
12800;CRA;164;0;0;0;0.04
12800;CRA;156;0;0;0;0.04
12800;CRA;156;0;0;0;0.04
12800;CRA;156;0;0;0;0.04
12800;CRA;156;0;0;0;0.04
12800;CRA;157;0;0;0;0.04
12800;CRA;156;0;0;0;0.04
12800;CRA;156;0;0;0;0.04
12800;CRA;156;0;0;0;0.04
12800;CRA;156;0;0;0;0.04
12800;CRA;156;0;0;0;0.04
12800;CRA;156;0;0;0;0.04
400;ULT;59296;0;0;0;407.43
400;ULT;59185;0;0;0;407.43
400;ULT;68087;0;0;0;407.43
400;ULT;58983;0;0;0;407.43
400;ULT;59054;0;0;0;407.43
400;ULT;59300;0;0;0;407.43
400;ULT;58931;0;0;0;407.43
400;ULT;59239;0;0;0;407.43
400;ULT;59037;0;0;0;407.43
400;ULT;59534;0;0;0;407.43
400;ULT;58939;0;0;0;407.43
400;ULT;59180;0;0;0;407.43
400;ULT;59262;0;0;0;407.43
400;ULT;59042;0;0;0;407.43
400;ULT;59204;0;0;0;407.43
400;ULT;58935;0;0;0;407.43
400;ULT;59009;0;0;0;407.43
400;ULT;58936;0;0;0;407.43
400;ULT;58984;0;0;0;407.43
400;ULT;58952;0;0;0;407.43
400;ULT;59199;0;0;0;407.41
400;ULT;59238;0;0;0;407.41
400;ULT;59128;0;0;0;407.41
400;ULT;59147;0;0;0;407.41
400;ULT;59269;0;0;0;407.41
400;ULT;59199;0;0;0;407.41
400;ULT;59150;0;0;0;407.41
400;ULT;60197;0;0;0;407.41
400;ULT;60030;0;0;0;407.41
400;ULT;59298;0;0;0;407.41
400;ULT;59445;0;0;0;407.41
400;ULT;59243;0;0;0;407.41
400;ULT;68073;0;0;0;407.41
400;ULT;59673;0;0;0;407.41
400;ULT;60264;0;0;0;407.41
400;ULT;60335;0;0;0;407.41
400;ULT;60298;0;0;0;407.41
400;ULT;60281;0;0;0;407.41
400;ULT;60245;0;0;0;407.41
400;ULT;59505;0;0;0;407.41
400;RULT;228;0;0;0;4.14
400;RULT;228;0;0;0;4.14
400;RULT;228;0;0;0;4.14
400;RULT;226;0;0;0;4.14
400;RULT;227;0;0;0;4.14
400;RULT;229;0;0;0;4.14
400;RULT;227;0;0;0;4.14
400;RULT;227;0;0;0;4.14
400;RULT;227;0;0;0;4.14
400;RULT;226;0;0;0;4.14
400;RULT;226;0;0;0;4.14
400;RULT;227;0;0;0;4.14
400;RULT;226;0;0;0;4.14
400;RULT;227;0;0;0;4.14
400;RULT;229;0;0;0;4.14
400;RULT;232;0;0;0;4.14
400;RULT;226;0;0;0;4.14
400;RULT;226;0;0;0;4.14
400;RULT;227;0;0;0;4.14
400;RULT;227;0;0;0;4.14
400;RULT;239;0;0;0;4.35
400;RULT;238;0;0;0;4.35
400;RULT;236;0;0;0;4.35
400;RULT;237;0;0;0;4.35
400;RULT;238;0;0;0;4.35
400;RULT;236;0;0;0;4.35
400;RULT;236;0;0;0;4.35
400;RULT;237;0;0;0;4.35
400;RULT;236;0;0;0;4.35
400;RULT;235;0;0;0;4.35
400;RULT;236;0;0;0;4.35
400;RULT;236;0;0;0;4.35
400;RULT;235;0;0;0;4.35
400;RULT;238;0;0;0;4.35
400;RULT;236;0;0;0;4.35
400;RULT;237;0;0;0;4.35
400;RULT;237;0;0;0;4.35
400;RULT;237;0;0;0;4.35
400;RULT;238;0;0;0;4.35
400;RULT;237;0;0;0;4.35
400;ILP;9089;0;0;0;0.00
400;ILP;6548;0;0;0;0.00
400;ILP;6470;0;0;0;0.00
400;ILP;6453;0;0;0;0.00
400;ILP;6470;0;0;0;0.00
400;ILP;6466;0;0;0;0.00
400;ILP;6593;0;0;0;0.00
400;ILP;6473;0;0;0;0.00
400;ILP;6458;0;0;0;0.00
400;ILP;6415;0;0;0;0.00
400;ILP;6434;0;0;0;0.00
400;ILP;6444;0;0;0;0.00
400;ILP;6461;0;0;0;0.00
400;ILP;6435;0;0;0;0.00
400;ILP;6438;0;0;0;0.00
400;ILP;6424;0;0;0;0.00
400;ILP;6437;0;0;0;0.00
400;ILP;6421;0;0;0;0.00
400;ILP;6580;0;0;0;0.00
400;ILP;6415;0;0;0;0.00
400;ILP;6697;0;0;0;0.00
400;ILP;6320;0;0;0;0.00
400;ILP;6230;0;0;0;0.00
400;ILP;6169;0;0;0;0.00
400;ILP;6201;0;0;0;0.00
400;ILP;6171;0;0;0;0.00
400;ILP;6174;0;0;0;0.00
400;ILP;6188;0;0;0;0.00
400;ILP;6178;0;0;0;0.00
400;ILP;6134;0;0;0;0.00
400;ILP;6168;0;0;0;0.00
400;ILP;6144;0;0;0;0.00
400;ILP;6165;0;0;0;0.00
400;ILP;6143;0;0;0;0.00
400;ILP;6130;0;0;0;0.00
400;ILP;6140;0;0;0;0.00
400;ILP;6211;0;0;0;0.00
400;ILP;6150;0;0;0;0.00
400;ILP;6158;0;0;0;0.00
400;ILP;6136;0;0;0;0.00
400;CP;42010;0;0;0;0.00
400;CP;36796;0;0;0;0.00
400;CP;38016;0;0;0;0.00
400;CP;37867;0;0;0;0.00
400;CP;38160;0;0;0;0.00
400;CP;37956;0;0;0;0.00
400;CP;37940;0;0;0;0.00
400;CP;38581;0;0;0;0.00
400;CP;39309;0;0;0;0.00
400;CP;40409;0;0;0;0.00
400;CP;38543;0;0;0;0.00
400;CP;38850;0;0;0;0.00
400;CP;38410;0;0;0;0.00
400;CP;38487;0;0;0;0.00
400;CP;38322;0;0;0;0.00
400;CP;38600;0;0;0;0.00
400;CP;38481;0;0;0;0.00
400;CP;38984;0;0;0;0.00
400;CP;38787;0;0;0;0.00
400;CP;38873;0;0;0;0.00
400;CP;42693;0;0;0;0.00
400;CP;38776;0;0;0;0.00
400;CP;38902;0;0;0;0.00
400;CP;38895;0;0;0;0.00
400;CP;39196;0;0;0;0.00
400;CP;39009;0;0;0;0.00
400;CP;38914;0;0;0;0.00
400;CP;38885;0;0;0;0.00
400;CP;39661;0;0;0;0.00
400;CP;39508;0;0;0;0.00
400;CP;38542;0;0;0;0.00
400;CP;38572;0;0;0;0.00
400;CP;38237;0;0;0;0.00
400;CP;38590;0;0;0;0.00
400;CP;38848;0;0;0;0.00
400;CP;38528;0;0;0;0.00
400;CP;38920;0;0;0;0.00
400;CP;38655;0;0;0;0.00
400;CP;38360;0;0;0;0.00
400;CP;38820;0;0;0;0.00
400;SCP;47885;0;0;0;0.00
400;SCP;46582;0;0;0;0.00
400;SCP;46519;0;0;0;0.00
400;SCP;46372;0;0;0;0.00
400;SCP;46548;0;0;0;0.00
400;SCP;46657;0;0;0;0.00
400;SCP;46857;0;0;0;0.00
400;SCP;46503;0;0;0;0.00
400;SCP;46137;0;0;0;0.00
400;SCP;46158;0;0;0;0.00
400;SCP;46161;0;0;0;0.00
400;SCP;46163;0;0;0;0.00
400;SCP;46099;0;0;0;0.00
400;SCP;46111;0;0;0;0.00
400;SCP;46585;0;0;0;0.00
400;SCP;46368;0;0;0;0.00
400;SCP;46373;0;0;0;0.00
400;SCP;46369;0;0;0;0.00
400;SCP;46625;0;0;0;0.00
400;SCP;48085;0;0;0;0.00
400;SCP;42581;0;0;0;0.00
400;SCP;42955;0;0;0;0.00
400;SCP;42677;0;0;0;0.00
400;SCP;42570;0;0;0;0.00
400;SCP;42800;0;0;0;0.00
400;SCP;42814;0;0;0;0.00
400;SCP;42648;0;0;0;0.00
400;SCP;42643;0;0;0;0.00
400;SCP;42857;0;0;0;0.00
400;SCP;42751;0;0;0;0.00
400;SCP;42549;0;0;0;0.00
400;SCP;42679;0;0;0;0.00
400;SCP;42905;0;0;0;0.00
400;SCP;42942;0;0;0;0.00
400;SCP;42908;0;0;0;0.00
400;SCP;42234;0;0;0;0.00
400;SCP;41449;0;0;0;0.00
400;SCP;41144;0;0;0;0.00
400;SCP;41080;0;0;0;0.00
400;SCP;40969;0;0;0;0.00
400;KAB;12293;0;0;0;0.00
400;KAB;12151;0;0;0;0.00
400;KAB;12061;0;0;0;0.00
400;KAB;11263;0;0;0;0.00
400;KAB;11696;0;0;0;0.00
400;KAB;12153;0;0;0;0.00
400;KAB;11928;0;0;0;0.00
400;KAB;12157;0;0;0;0.00
400;KAB;12152;0;0;0;0.00
400;KAB;11723;0;0;0;0.00
400;KAB;11278;0;0;0;0.00
400;KAB;11577;0;0;0;0.00
400;KAB;12137;0;0;0;0.00
400;KAB;11590;0;0;0;0.00
400;KAB;11293;0;0;0;0.00
400;KAB;12124;0;0;0;0.00
400;KAB;11692;0;0;0;0.00
400;KAB;11283;0;0;0;0.00
400;KAB;12139;0;0;0;0.00
400;KAB;12157;0;0;0;0.00
400;KAB;14031;0;0;0;0.00
400;KAB;13941;0;0;0;0.00
400;KAB;13997;0;0;0;0.00
400;KAB;13936;0;0;0;0.00
400;KAB;13932;0;0;0;0.00
400;KAB;14005;0;0;0;0.00
400;KAB;13978;0;0;0;0.00
400;KAB;13949;0;0;0;0.00
400;KAB;14022;0;0;0;0.00
400;KAB;13990;0;0;0;0.00
400;KAB;13936;0;0;0;0.00
400;KAB;13944;0;0;0;0.00
400;KAB;13996;0;0;0;0.00
400;KAB;13948;0;0;0;0.00
400;KAB;13934;0;0;0;0.00
400;KAB;13938;0;0;0;0.00
400;KAB;14015;0;0;0;0.00
400;KAB;13942;0;0;0;0.00
400;KAB;13937;0;0;0;0.00
400;KAB;13990;0;0;0;0.00
400;BFDC;49;0;0;0;1.88
400;BFDC;47;0;0;0;1.88
400;BFDC;46;0;0;0;1.88
400;BFDC;44;0;0;0;1.88
400;BFDC;44;0;0;0;1.88
400;BFDC;43;0;0;0;1.88
400;BFDC;43;0;0;0;1.88
400;BFDC;43;0;0;0;1.88
400;BFDC;43;0;0;0;1.88
400;BFDC;43;0;0;0;1.88
400;BFDC;43;0;0;0;1.88
400;BFDC;43;0;0;0;1.88
400;BFDC;43;0;0;0;1.88
400;BFDC;43;0;0;0;1.88
400;BFDC;42;0;0;0;1.88
400;BFDC;42;0;0;0;1.88
400;BFDC;42;0;0;0;1.88
400;BFDC;43;0;0;0;1.88
400;BFDC;42;0;0;0;1.88
400;BFDC;43;0;0;0;1.88
400;BFDC;35;0;0;0;1.31
400;BFDC;33;0;0;0;1.31
400;BFDC;32;0;0;0;1.31
400;BFDC;31;0;0;0;1.31
400;BFDC;31;0;0;0;1.31
400;BFDC;30;0;0;0;1.31
400;BFDC;30;0;0;0;1.31
400;BFDC;30;0;0;0;1.31
400;BFDC;30;0;0;0;1.31
400;BFDC;30;0;0;0;1.31
400;BFDC;30;0;0;0;1.31
400;BFDC;30;0;0;0;1.31
400;BFDC;30;0;0;0;1.31
400;BFDC;30;0;0;0;1.31
400;BFDC;30;0;0;0;1.31
400;BFDC;30;0;0;0;1.31
400;BFDC;30;0;0;0;1.31
400;BFDC;30;0;0;0;1.31
400;BFDC;30;0;0;0;1.31
400;BFDC;30;0;0;0;1.31
400;CRA;1947;0;0;0;27.90
400;CRA;1916;0;0;0;27.90
400;CRA;1925;0;0;0;27.90
400;CRA;1916;0;0;0;27.90
400;CRA;1924;0;0;0;27.90
400;CRA;1918;0;0;0;27.90
400;CRA;1920;0;0;0;27.90
400;CRA;1915;0;0;0;27.90
400;CRA;1918;0;0;0;27.90
400;CRA;1912;0;0;0;27.90
400;CRA;1915;0;0;0;27.90
400;CRA;1915;0;0;0;27.90
400;CRA;1918;0;0;0;27.90
400;CRA;1918;0;0;0;27.90
400;CRA;1913;0;0;0;27.90
400;CRA;1917;0;0;0;27.90
400;CRA;1918;0;0;0;27.90
400;CRA;1920;0;0;0;27.90
400;CRA;1911;0;0;0;27.90
400;CRA;1915;0;0;0;27.90
400;CRA;1113;0;0;0;17.35
400;CRA;1098;0;0;0;17.35
400;CRA;1094;0;0;0;17.35
400;CRA;1094;0;0;0;17.35
400;CRA;1094;0;0;0;17.35
400;CRA;1098;0;0;0;17.35
400;CRA;1092;0;0;0;17.35
400;CRA;1095;0;0;0;17.35
400;CRA;1092;0;0;0;17.35
400;CRA;1095;0;0;0;17.35
400;CRA;1093;0;0;0;17.35
400;CRA;1097;0;0;0;17.35
400;CRA;1098;0;0;0;17.35
400;CRA;1089;0;0;0;17.35
400;CRA;1095;0;0;0;17.35
400;CRA;1094;0;0;0;17.35
400;CRA;1094;0;0;0;17.35
400;CRA;1095;0;0;0;17.35
400;CRA;1091;0;0;0;17.35
400;CRA;1096;0;0;0;17.35
25600;RULT;1252;0;0;0;0.89
25600;RULT;1161;0;0;0;0.89
25600;RULT;1151;0;0;0;0.89
25600;RULT;1142;0;0;0;0.89
25600;RULT;1148;0;0;0;0.89
25600;RULT;1140;0;0;0;0.89
25600;RULT;1139;0;0;0;0.89
25600;RULT;1142;0;0;0;0.89
25600;RULT;1151;0;0;0;0.89
25600;RULT;1145;0;0;0;0.89
25600;RULT;1146;0;0;0;0.89
25600;RULT;1138;0;0;0;0.89
25600;RULT;1139;0;0;0;0.89
25600;RULT;1141;0;0;0;0.89
25600;RULT;1139;0;0;0;0.89
25600;RULT;1139;0;0;0;0.89
25600;RULT;1133;0;0;0;0.89
25600;RULT;1134;0;0;0;0.89
25600;RULT;1133;0;0;0;0.89
25600;RULT;1140;0;0;0;0.89
25600;RULT;1336;0;0;0;0.94
25600;RULT;1247;0;0;0;0.94
25600;RULT;1243;0;0;0;0.94
25600;RULT;1242;0;0;0;0.94
25600;RULT;1289;0;0;0;0.94
25600;RULT;1255;0;0;0;0.94
25600;RULT;1246;0;0;0;0.94
25600;RULT;1239;0;0;0;0.94
25600;RULT;1245;0;0;0;0.94
25600;RULT;1237;0;0;0;0.94
25600;RULT;1234;0;0;0;0.94
25600;RULT;1231;0;0;0;0.94
25600;RULT;1224;0;0;0;0.94
25600;RULT;1229;0;0;0;0.94
25600;RULT;1223;0;0;0;0.94
25600;RULT;1228;0;0;0;0.94
25600;RULT;1232;0;0;0;0.94
25600;RULT;1225;0;0;0;0.94
25600;RULT;1223;0;0;0;0.94
25600;RULT;1220;0;0;0;0.94
25600;ILP;501694;0;0;0;0.00
25600;ILP;505698;0;0;0;0.00
25600;ILP;494826;0;0;0;0.00
25600;ILP;494247;0;0;0;0.00
25600;ILP;493707;0;0;0;0.00
25600;ILP;502412;0;0;0;0.00
25600;ILP;503537;0;0;0;0.00
25600;ILP;494651;0;0;0;0.00
25600;ILP;497907;0;0;0;0.00
25600;ILP;497963;0;0;0;0.00
25600;ILP;504131;0;0;0;0.00
25600;ILP;504210;0;0;0;0.00
25600;ILP;499049;0;0;0;0.00
25600;ILP;497056;0;0;0;0.00
25600;ILP;499059;0;0;0;0.00
25600;ILP;500612;0;0;0;0.00
25600;ILP;502096;0;0;0;0.00
25600;ILP;503584;0;0;0;0.00
25600;ILP;497542;0;0;0;0.00
25600;ILP;498489;0;0;0;0.00
25600;ILP;494883;0;0;0;0.00
25600;ILP;496075;0;0;0;0.00
25600;ILP;493582;0;0;0;0.00
25600;ILP;487617;0;0;0;0.00
25600;ILP;489843;0;0;0;0.00
25600;ILP;487160;0;0;0;0.00
25600;ILP;488111;0;0;0;0.00
25600;ILP;488311;0;0;0;0.00
25600;ILP;487891;0;0;0;0.00
25600;ILP;493983;0;0;0;0.00
25600;ILP;493602;0;0;0;0.00
25600;ILP;495435;0;0;0;0.00
25600;ILP;495159;0;0;0;0.00
25600;ILP;491187;0;0;0;0.00
25600;ILP;495071;0;0;0;0.00
25600;ILP;492184;0;0;0;0.00
25600;ILP;492275;0;0;0;0.00
25600;ILP;487346;0;0;0;0.00
25600;ILP;488075;0;0;0;0.00
25600;ILP;488655;0;0;0;0.00
25600;SCP;1094809;0;0;0;0.00
25600;SCP;1092585;0;0;0;0.00
25600;SCP;1089922;0;0;0;0.00
25600;SCP;1092834;0;0;0;0.00
25600;SCP;1092000;0;0;0;0.00
25600;SCP;1094067;0;0;0;0.00
25600;SCP;1095464;0;0;0;0.00
25600;SCP;1095229;0;0;0;0.00
25600;SCP;1098579;0;0;0;0.00
25600;SCP;1095765;0;0;0;0.00
25600;SCP;1089452;0;0;0;0.00
25600;SCP;1086640;0;0;0;0.00
25600;SCP;1091964;0;0;0;0.00
25600;SCP;1091127;0;0;0;0.00
25600;SCP;1090136;0;0;0;0.00
25600;SCP;1092962;0;0;0;0.00
25600;SCP;1094327;0;0;0;0.00
25600;SCP;1088821;0;0;0;0.00
25600;SCP;1091427;0;0;0;0.00
25600;SCP;1093247;0;0;0;0.00
25600;SCP;2399418;0;0;1;0.00
25600;SCP;2363761;0;0;1;0.00
25600;SCP;2381260;0;0;1;0.00
25600;SCP;2383538;0;0;1;0.00
25600;SCP;2350063;0;0;1;0.00
25600;SCP;2414257;0;0;1;0.00
25600;SCP;2387851;0;0;1;0.00
25600;SCP;2339855;0;0;1;0.00
25600;SCP;2353027;0;0;1;0.00
25600;SCP;2381602;0;0;1;0.00
25600;SCP;2350837;0;0;1;0.00
25600;SCP;2371179;0;0;1;0.00
25600;SCP;2346705;0;0;1;0.00
25600;SCP;2352267;0;0;1;0.00
25600;SCP;2384634;0;0;1;0.00
25600;SCP;2379336;0;0;1;0.00
25600;SCP;2369279;0;0;1;0.00
25600;SCP;2364517;0;0;1;0.00
25600;SCP;2352910;0;0;1;0.00
25600;SCP;2354793;0;0;1;0.00
25600;KAB;2339;0;0;0;0.00
25600;KAB;1677;0;0;0;0.00
25600;KAB;1675;0;0;0;0.00
25600;KAB;1673;0;0;0;0.00
25600;KAB;1675;0;0;0;0.00
25600;KAB;1672;0;0;0;0.00
25600;KAB;1675;0;0;0;0.00
25600;KAB;1675;0;0;0;0.00
25600;KAB;1684;0;0;0;0.00
25600;KAB;1674;0;0;0;0.00
25600;KAB;1677;0;0;0;0.00
25600;KAB;1687;0;0;0;0.00
25600;KAB;1672;0;0;0;0.00
25600;KAB;1680;0;0;0;0.00
25600;KAB;1684;0;0;0;0.00
25600;KAB;1667;0;0;0;0.00
25600;KAB;1684;0;0;0;0.00
25600;KAB;1667;0;0;0;0.00
25600;KAB;1681;0;0;0;0.00
25600;KAB;1686;0;0;0;0.00
25600;KAB;1845;0;0;0;0.00
25600;KAB;1180;0;0;0;0.00
25600;KAB;1177;0;0;0;0.00
25600;KAB;1184;0;0;0;0.00
25600;KAB;1176;0;0;0;0.00
25600;KAB;1180;0;0;0;0.00
25600;KAB;1180;0;0;0;0.00
25600;KAB;1183;0;0;0;0.00
25600;KAB;1193;0;0;0;0.00
25600;KAB;1182;0;0;0;0.00
25600;KAB;1178;0;0;0;0.00
25600;KAB;1182;0;0;0;0.00
25600;KAB;1180;0;0;0;0.00
25600;KAB;1173;0;0;0;0.00
25600;KAB;1180;0;0;0;0.00
25600;KAB;1183;0;0;0;0.00
25600;KAB;1176;0;0;0;0.00
25600;KAB;1184;0;0;0;0.00
25600;KAB;1173;0;0;0;0.00
25600;KAB;1178;0;0;0;0.00
25600;BFDC;2422;0;0;0;1.19
25600;BFDC;2316;0;0;0;1.19
25600;BFDC;2316;0;0;0;1.19
25600;BFDC;2306;0;0;0;1.19
25600;BFDC;2309;0;0;0;1.19
25600;BFDC;2307;0;0;0;1.19
25600;BFDC;2308;0;0;0;1.19
25600;BFDC;2308;0;0;0;1.19
25600;BFDC;2305;0;0;0;1.19
25600;BFDC;2325;0;0;0;1.19
25600;BFDC;2310;0;0;0;1.19
25600;BFDC;2316;0;0;0;1.19
25600;BFDC;2323;0;0;0;1.19
25600;BFDC;2338;0;0;0;1.19
25600;BFDC;2329;0;0;0;1.19
25600;BFDC;2332;0;0;0;1.19
25600;BFDC;2343;0;0;0;1.19
25600;BFDC;2327;0;0;0;1.19
25600;BFDC;2319;0;0;0;1.19
25600;BFDC;2319;0;0;0;1.19
25600;BFDC;2615;0;0;0;1.28
25600;BFDC;2495;0;0;0;1.28
25600;BFDC;2484;0;0;0;1.28
25600;BFDC;2481;0;0;0;1.28
25600;BFDC;2487;0;0;0;1.28
25600;BFDC;2481;0;0;0;1.28
25600;BFDC;2489;0;0;0;1.28
25600;BFDC;2486;0;0;0;1.28
25600;BFDC;2481;0;0;0;1.28
25600;BFDC;2480;0;0;0;1.28
25600;BFDC;2486;0;0;0;1.28
25600;BFDC;2495;0;0;0;1.28
25600;BFDC;2489;0;0;0;1.28
25600;BFDC;2490;0;0;0;1.28
25600;BFDC;2482;0;0;0;1.28
25600;BFDC;2484;0;0;0;1.28
25600;BFDC;2494;0;0;0;1.28
25600;BFDC;2487;0;0;0;1.28
25600;BFDC;2484;0;0;0;1.28
25600;BFDC;2493;0;0;0;1.28
25600;CRA;2015;0;0;0;0.46
25600;CRA;1148;0;0;0;0.46
25600;CRA;1141;0;0;0;0.46
25600;CRA;1140;0;0;0;0.46
25600;CRA;1133;0;0;0;0.46
25600;CRA;1140;0;0;0;0.46
25600;CRA;1133;0;0;0;0.46
25600;CRA;1134;0;0;0;0.46
25600;CRA;1134;0;0;0;0.46
25600;CRA;1134;0;0;0;0.46
25600;CRA;1140;0;0;0;0.46
25600;CRA;1136;0;0;0;0.46
25600;CRA;1135;0;0;0;0.46
25600;CRA;1138;0;0;0;0.46
25600;CRA;1134;0;0;0;0.46
25600;CRA;1134;0;0;0;0.46
25600;CRA;1140;0;0;0;0.46
25600;CRA;1135;0;0;0;0.46
25600;CRA;1133;0;0;0;0.46
25600;CRA;1140;0;0;0;0.46
25600;CRA;2787;0;0;0;0.71
25600;CRA;1767;0;0;0;0.71
25600;CRA;1630;0;0;0;0.71
25600;CRA;1629;0;0;0;0.71
25600;CRA;1626;0;0;0;0.71
25600;CRA;1629;0;0;0;0.71
25600;CRA;1623;0;0;0;0.71
25600;CRA;1628;0;0;0;0.71
25600;CRA;1623;0;0;0;0.71
25600;CRA;1630;0;0;0;0.71
25600;CRA;1627;0;0;0;0.71
25600;CRA;1627;0;0;0;0.71
25600;CRA;1625;0;0;0;0.71
25600;CRA;1630;0;0;0;0.71
25600;CRA;1624;0;0;0;0.71
25600;CRA;1626;0;0;0;0.71
25600;CRA;1622;0;0;0;0.71
25600;CRA;1628;0;0;0;0.71
25600;CRA;1630;0;0;0;0.71
25600;CRA;1627;0;0;0;0.71
3200;RULT;107;0;0;0;0.73
3200;RULT;106;0;0;0;0.73
3200;RULT;106;0;0;0;0.73
3200;RULT;106;0;0;0;0.73
3200;RULT;106;0;0;0;0.73
3200;RULT;106;0;0;0;0.73
3200;RULT;106;0;0;0;0.73
3200;RULT;106;0;0;0;0.73
3200;RULT;106;0;0;0;0.73
3200;RULT;106;0;0;0;0.73
3200;RULT;106;0;0;0;0.73
3200;RULT;106;0;0;0;0.73
3200;RULT;106;0;0;0;0.73
3200;RULT;106;0;0;0;0.73
3200;RULT;105;0;0;0;0.73
3200;RULT;106;0;0;0;0.73
3200;RULT;106;0;0;0;0.73
3200;RULT;106;0;0;0;0.73
3200;RULT;106;0;0;0;0.73
3200;RULT;106;0;0;0;0.73
3200;RULT;2232;0;0;0;4.95
3200;RULT;2216;0;0;0;4.95
3200;RULT;2218;0;0;0;4.95
3200;RULT;2227;0;0;0;4.95
3200;RULT;2226;0;0;0;4.95
3200;RULT;2224;0;0;0;4.95
3200;RULT;2220;0;0;0;4.95
3200;RULT;2216;0;0;0;4.95
3200;RULT;2223;0;0;0;4.95
3200;RULT;2226;0;0;0;4.95
3200;RULT;2221;0;0;0;4.95
3200;RULT;2224;0;0;0;4.95
3200;RULT;2221;0;0;0;4.95
3200;RULT;2216;0;0;0;4.95
3200;RULT;2220;0;0;0;4.95
3200;RULT;2224;0;0;0;4.95
3200;RULT;2221;0;0;0;4.95
3200;RULT;2226;0;0;0;4.95
3200;RULT;2221;0;0;0;4.95
3200;RULT;2221;0;0;0;4.95
3200;ILP;52119;0;0;0;0.00
3200;ILP;51555;0;0;0;0.00
3200;ILP;50999;0;0;0;0.00
3200;ILP;51102;0;0;0;0.00
3200;ILP;50174;0;0;0;0.00
3200;ILP;50989;0;0;0;0.00
3200;ILP;50754;0;0;0;0.00
3200;ILP;51580;0;0;0;0.00
3200;ILP;53152;0;0;0;0.00
3200;ILP;51511;0;0;0;0.00
3200;ILP;51667;0;0;0;0.00
3200;ILP;51599;0;0;0;0.00
3200;ILP;51251;0;0;0;0.00
3200;ILP;50728;0;0;0;0.00
3200;ILP;51586;0;0;0;0.00
3200;ILP;51241;0;0;0;0.00
3200;ILP;51425;0;0;0;0.00
3200;ILP;51564;0;0;0;0.00
3200;ILP;52809;0;0;0;0.00
3200;ILP;54171;0;0;0;0.00
3200;ILP;60926;0;0;0;0.00
3200;ILP;61019;0;0;0;0.00
3200;ILP;62268;0;0;0;0.00
3200;ILP;62438;0;0;0;0.00
3200;ILP;61250;0;0;0;0.00
3200;ILP;61671;0;0;0;0.00
3200;ILP;62170;0;0;0;0.00
3200;ILP;61117;0;0;0;0.00
3200;ILP;62459;0;0;0;0.00
3200;ILP;60680;0;0;0;0.00
3200;ILP;61799;0;0;0;0.00
3200;ILP;62277;0;0;0;0.00
3200;ILP;61630;0;0;0;0.00
3200;ILP;62240;0;0;0;0.00
3200;ILP;61328;0;0;0;0.00
3200;ILP;62285;0;0;0;0.00
3200;ILP;60738;0;0;0;0.00
3200;ILP;62303;0;0;0;0.00
3200;ILP;60660;0;0;0;0.00
3200;ILP;61550;0;0;0;0.00
3200;CP;271708;0;0;0;0.00
3200;CP;274288;0;0;0;0.00
3200;CP;271982;0;0;0;0.00
3200;CP;274823;0;0;0;0.00
3200;CP;274693;0;0;0;0.00
3200;CP;272214;0;0;0;0.00
3200;CP;267474;0;0;0;0.00
3200;CP;238873;0;0;0;0.00
3200;CP;241606;0;0;0;0.00
3200;CP;238325;0;0;0;0.00
3200;CP;240886;0;0;0;0.00
3200;CP;236522;0;0;0;0.00
3200;CP;236387;0;0;0;0.00
3200;CP;239671;0;0;0;0.00
3200;CP;237884;0;0;0;0.00
3200;CP;236243;0;0;0;0.00
3200;CP;234697;0;0;0;0.00
3200;CP;235491;0;0;0;0.00
3200;CP;230399;0;0;0;0.00
3200;CP;276255;0;0;0;0.00
3200;CP;476233;0;0;0;0.00
3200;CP;478723;0;0;0;0.00
3200;CP;478929;0;0;0;0.00
3200;CP;477069;0;0;0;0.00
3200;CP;480482;0;0;0;0.00
3200;CP;533120;0;0;0;0.00
3200;CP;507554;0;0;0;0.00
3200;CP;493212;0;0;0;0.00
3200;CP;493420;0;0;0;0.00
3200;CP;487955;0;0;0;0.00
3200;CP;488224;0;0;0;0.00
3200;CP;484215;0;0;0;0.00
3200;CP;482303;0;0;0;0.00
3200;CP;572014;0;0;0;0.00
3200;CP;570639;0;0;0;0.00
3200;CP;569113;0;0;0;0.00
3200;CP;556022;0;0;0;0.00
3200;CP;492759;0;0;0;0.00
3200;CP;492653;0;0;0;0.00
3200;CP;487746;0;0;0;0.00
3200;SCP;259451;0;0;0;0.00
3200;SCP;258617;0;0;0;0.00
3200;SCP;260055;0;0;0;0.00
3200;SCP;258201;0;0;0;0.00
3200;SCP;260657;0;0;0;0.00
3200;SCP;258755;0;0;0;0.00
3200;SCP;265414;0;0;0;0.00
3200;SCP;252042;0;0;0;0.00
3200;SCP;253094;0;0;0;0.00
3200;SCP;250724;0;0;0;0.00
3200;SCP;258406;0;0;0;0.00
3200;SCP;251136;0;0;0;0.00
3200;SCP;252336;0;0;0;0.00
3200;SCP;252275;0;0;0;0.00
3200;SCP;252058;0;0;0;0.00
3200;SCP;250767;0;0;0;0.00
3200;SCP;253127;0;0;0;0.00
3200;SCP;250256;0;0;0;0.00
3200;SCP;252706;0;0;0;0.00
3200;SCP;251905;0;0;0;0.00
3200;SCP;250284;0;0;0;0.00
3200;SCP;252702;0;0;0;0.00
3200;SCP;246290;0;0;0;0.00
3200;SCP;248160;0;0;0;0.00
3200;SCP;251346;0;0;0;0.00
3200;SCP;256564;0;0;0;0.00
3200;SCP;261289;0;0;0;0.00
3200;SCP;260241;0;0;0;0.00
3200;SCP;260659;0;0;0;0.00
3200;SCP;260644;0;0;0;0.00
3200;SCP;260772;0;0;0;0.00
3200;SCP;260915;0;0;0;0.00
3200;SCP;260516;0;0;0;0.00
3200;SCP;265626;0;0;0;0.00
3200;SCP;247865;0;0;0;0.00
3200;SCP;247389;0;0;0;0.00
3200;SCP;249524;0;0;0;0.00
3200;SCP;252256;0;0;0;0.00
3200;SCP;252244;0;0;0;0.00
3200;SCP;251487;0;0;0;0.00
3200;KAB;228;0;0;0;0.00
3200;KAB;205;0;0;0;0.00
3200;KAB;202;0;0;0;0.00
3200;KAB;211;0;0;0;0.00
3200;KAB;200;0;0;0;0.00
3200;KAB;202;0;0;0;0.00
3200;KAB;203;0;0;0;0.00
3200;KAB;201;0;0;0;0.00
3200;KAB;201;0;0;0;0.00
3200;KAB;202;0;0;0;0.00
3200;KAB;201;0;0;0;0.00
3200;KAB;199;0;0;0;0.00
3200;KAB;200;0;0;0;0.00
3200;KAB;213;0;0;0;0.00
3200;KAB;198;0;0;0;0.00
3200;KAB;201;0;0;0;0.00
3200;KAB;200;0;0;0;0.00
3200;KAB;200;0;0;0;0.00
3200;KAB;201;0;0;0;0.00
3200;KAB;201;0;0;0;0.00
3200;KAB;1206017;0;0;0;0.00
3200;KAB;1206644;0;0;0;0.00
3200;KAB;1208328;0;0;0;0.00
3200;KAB;1206851;0;0;0;0.00
3200;KAB;1205311;0;0;0;0.00
3200;KAB;1205140;0;0;0;0.00
3200;KAB;1208234;0;0;0;0.00
3200;KAB;1208498;0;0;0;0.00
3200;KAB;1205225;0;0;0;0.00
3200;KAB;1205001;0;0;0;0.00
3200;KAB;1206213;0;0;0;0.00
3200;KAB;1208255;0;0;0;0.00
3200;KAB;1209106;0;0;0;0.00
3200;KAB;1205297;0;0;0;0.00
3200;KAB;1204998;0;0;0;0.00
3200;KAB;1207741;0;0;0;0.00
3200;KAB;1208667;0;0;0;0.00
3200;KAB;1205376;0;0;0;0.00
3200;KAB;1207178;0;0;0;0.00
3200;KAB;1205621;0;0;0;0.00
3200;BFDC;207;0;0;0;0.95
3200;BFDC;209;0;0;0;0.95
3200;BFDC;203;0;0;0;0.95
3200;BFDC;203;0;0;0;0.95
3200;BFDC;204;0;0;0;0.95
3200;BFDC;203;0;0;0;0.95
3200;BFDC;203;0;0;0;0.95
3200;BFDC;203;0;0;0;0.95
3200;BFDC;204;0;0;0;0.95
3200;BFDC;203;0;0;0;0.95
3200;BFDC;203;0;0;0;0.95
3200;BFDC;207;0;0;0;0.95
3200;BFDC;203;0;0;0;0.95
3200;BFDC;202;0;0;0;0.95
3200;BFDC;203;0;0;0;0.95
3200;BFDC;202;0;0;0;0.95
3200;BFDC;203;0;0;0;0.95
3200;BFDC;203;0;0;0;0.95
3200;BFDC;202;0;0;0;0.95
3200;BFDC;202;0;0;0;0.95
3200;BFDC;728;0;0;0;3.12
3200;BFDC;726;0;0;0;3.12
3200;BFDC;726;0;0;0;3.12
3200;BFDC;723;0;0;0;3.12
3200;BFDC;725;0;0;0;3.12
3200;BFDC;726;0;0;0;3.12
3200;BFDC;733;0;0;0;3.12
3200;BFDC;726;0;0;0;3.12
3200;BFDC;727;0;0;0;3.12
3200;BFDC;727;0;0;0;3.12
3200;BFDC;735;0;0;0;3.12
3200;BFDC;727;0;0;0;3.12
3200;BFDC;727;0;0;0;3.12
3200;BFDC;725;0;0;0;3.12
3200;BFDC;733;0;0;0;3.12
3200;BFDC;727;0;0;0;3.12
3200;BFDC;727;0;0;0;3.12
3200;BFDC;729;0;0;0;3.12
3200;BFDC;729;0;0;0;3.12
3200;BFDC;727;0;0;0;3.12
3200;CRA;164;0;0;0;0.73
3200;CRA;156;0;0;0;0.73
3200;CRA;155;0;0;0;0.73
3200;CRA;157;0;0;0;0.73
3200;CRA;155;0;0;0;0.73
3200;CRA;154;0;0;0;0.73
3200;CRA;155;0;0;0;0.73
3200;CRA;154;0;0;0;0.73
3200;CRA;154;0;0;0;0.73
3200;CRA;154;0;0;0;0.73
3200;CRA;154;0;0;0;0.73
3200;CRA;154;0;0;0;0.73
3200;CRA;158;0;0;0;0.73
3200;CRA;154;0;0;0;0.73
3200;CRA;153;0;0;0;0.73
3200;CRA;153;0;0;0;0.73
3200;CRA;153;0;0;0;0.73
3200;CRA;154;0;0;0;0.73
3200;CRA;153;0;0;0;0.73
3200;CRA;153;0;0;0;0.73
3200;CRA;133529;0;0;0;176.73
3200;CRA;132820;0;0;0;176.73
3200;CRA;132786;0;0;0;176.73
3200;CRA;132820;0;0;0;176.73
3200;CRA;132898;0;0;0;176.73
3200;CRA;133430;0;0;0;176.73
3200;CRA;132864;0;0;0;176.73
3200;CRA;132294;0;0;0;176.73
3200;CRA;132067;0;0;0;176.73
3200;CRA;132087;0;0;0;176.73
3200;CRA;132100;0;0;0;176.73
3200;CRA;132151;0;0;0;176.73
3200;CRA;132067;0;0;0;176.73
3200;CRA;132097;0;0;0;176.73
3200;CRA;132128;0;0;0;176.73
3200;CRA;132128;0;0;0;176.73
3200;CRA;132113;0;0;0;176.73
3200;CRA;132081;0;0;0;176.73
3200;CRA;132089;0;0;0;176.73
3200;CRA;132063;0;0;0;176.73
