Size;Method;Time;Status;Solution;Timeout;Scans
50;RULT;1483;0;0;0;4.66
50;RULT;1436;0;0;0;4.66
50;RULT;1424;0;0;0;4.66
50;RULT;1435;0;0;0;4.66
50;RULT;1424;0;0;0;4.66
50;RULT;1431;0;0;0;4.66
50;RULT;1432;0;0;0;4.66
50;RULT;1429;0;0;0;4.66
50;RULT;1432;0;0;0;4.66
50;RULT;1427;0;0;0;4.66
50;RULT;1437;0;0;0;4.66
50;RULT;1427;0;0;0;4.66
50;RULT;1437;0;0;0;4.66
50;RULT;1425;0;0;0;4.66
50;RULT;1433;0;0;0;4.66
50;RULT;1425;0;0;0;4.66
50;RULT;1433;0;0;0;4.66
50;RULT;1429;0;0;0;4.66
50;RULT;1429;0;0;0;4.66
50;RULT;1428;0;0;0;4.66
50;RULT;1402;0;0;0;4.48
50;RULT;1390;0;0;0;4.48
50;RULT;1400;0;0;0;4.48
50;RULT;1388;0;0;0;4.48
50;RULT;1389;0;0;0;4.48
50;RULT;1389;0;0;0;4.48
50;RULT;1391;0;0;0;4.48
50;RULT;1388;0;0;0;4.48
50;RULT;1392;0;0;0;4.48
50;RULT;1388;0;0;0;4.48
50;RULT;1392;0;0;0;4.48
50;RULT;1390;0;0;0;4.48
50;RULT;1389;0;0;0;4.48
50;RULT;1409;0;0;0;4.48
50;RULT;1390;0;0;0;4.48
50;RULT;1396;0;0;0;4.48
50;RULT;1391;0;0;0;4.48
50;RULT;1396;0;0;0;4.48
50;RULT;1392;0;0;0;4.48
50;RULT;1400;0;0;0;4.48
50;ILP;152589;0;0;0;0.00
50;ILP;150282;0;0;0;0.00
50;ILP;150727;0;0;0;0.00
50;ILP;148400;0;0;0;0.00
50;ILP;151073;0;0;0;0.00
50;ILP;150074;0;0;0;0.00
50;ILP;150674;0;0;0;0.00
50;ILP;149869;0;0;0;0.00
50;ILP;150326;0;0;0;0.00
50;ILP;150538;0;0;0;0.00
50;ILP;150236;0;0;0;0.00
50;ILP;150182;0;0;0;0.00
50;ILP;147423;0;0;0;0.00
50;ILP;152014;0;0;0;0.00
50;ILP;150750;0;0;0;0.00
50;ILP;150805;0;0;0;0.00
50;ILP;150425;0;0;0;0.00
50;ILP;150153;0;0;0;0.00
50;ILP;150008;0;0;0;0.00
50;ILP;149981;0;0;0;0.00
50;ILP;147136;0;0;0;0.00
50;ILP;149600;0;0;0;0.00
50;ILP;143445;0;0;0;0.00
50;ILP;145145;0;0;0;0.00
50;ILP;149269;0;0;0;0.00
50;ILP;148065;0;0;0;0.00
50;ILP;147461;0;0;0;0.00
50;ILP;148450;0;0;0;0.00
50;ILP;143984;0;0;0;0.00
50;ILP;145340;0;0;0;0.00
50;ILP;148464;0;0;0;0.00
50;ILP;144209;0;0;0;0.00
50;ILP;144520;0;0;0;0.00
50;ILP;151083;0;0;0;0.00
50;ILP;145153;0;0;0;0.00
50;ILP;144668;0;0;0;0.00
50;ILP;149277;0;0;0;0.00
50;ILP;144567;0;0;0;0.00
50;ILP;147839;0;0;0;0.00
50;ILP;144192;0;0;0;0.00
50;CP;1247403;0;0;0;0.00
50;CP;1194845;0;0;0;0.00
50;CP;1194827;0;0;0;0.00
50;CP;1170190;0;0;0;0.00
50;CP;1205784;0;0;0;0.00
50;CP;1165506;0;0;0;0.00
50;CP;1202061;0;0;0;0.00
50;CP;1167035;0;0;0;0.00
50;CP;1199516;0;0;0;0.00
50;CP;1181015;0;0;0;0.00
50;CP;1203354;0;0;0;0.00
50;CP;1187121;0;0;0;0.00
50;CP;1172307;0;0;0;0.00
50;CP;1200483;0;0;0;0.00
50;CP;1173853;0;0;0;0.00
50;CP;1198840;0;0;0;0.00
50;CP;1156815;0;0;0;0.00
50;CP;1199712;0;0;0;0.00
50;CP;1171962;0;0;0;0.00
50;CP;1207359;0;0;0;0.00
50;CP;1182803;0;0;0;0.00
50;CP;1216660;0;0;0;0.00
50;CP;1174971;0;0;0;0.00
50;CP;1217289;0;0;0;0.00
50;CP;1195347;0;0;0;0.00
50;CP;1214832;0;0;0;0.00
50;CP;1203498;0;0;0;0.00
50;CP;1181412;0;0;0;0.00
50;CP;1217196;0;0;0;0.00
50;CP;1185281;0;0;0;0.00
50;CP;1215668;0;0;0;0.00
50;CP;1180419;0;0;0;0.00
50;CP;1216944;0;0;0;0.00
50;CP;1196375;0;0;0;0.00
50;CP;1215335;0;0;0;0.00
50;CP;1198920;0;0;0;0.00
50;CP;1181391;0;0;0;0.00
50;CP;1215357;0;0;0;0.00
50;CP;1185810;0;0;0;0.00
50;CP;1217259;0;0;0;0.00
50;SCP;1170186;0;0;0;0.00
50;SCP;1159437;0;0;0;0.00
50;SCP;1165575;0;0;0;0.00
50;SCP;1158301;0;0;0;0.00
50;SCP;1168238;0;0;0;0.00
50;SCP;1164099;0;0;0;0.00
50;SCP;1164760;0;0;0;0.00
50;SCP;1173950;0;0;0;0.00
50;SCP;1162639;0;0;0;0.00
50;SCP;1166876;0;0;0;0.00
50;SCP;1159389;0;0;0;0.00
50;SCP;1169665;0;0;0;0.00
50;SCP;1168630;0;0;0;0.00
50;SCP;1166708;0;0;0;0.00
50;SCP;1172875;0;0;0;0.00
50;SCP;1163257;0;0;0;0.00
50;SCP;1171760;0;0;0;0.00
50;SCP;1163387;0;0;0;0.00
50;SCP;1171533;0;0;0;0.00
50;SCP;1167528;0;0;0;0.00
50;SCP;1147590;0;0;0;0.00
50;SCP;1136569;0;0;0;0.00
50;SCP;1133636;0;0;0;0.00
50;SCP;1133395;0;0;0;0.00
50;SCP;1136041;0;0;0;0.00
50;SCP;1136493;0;0;0;0.00
50;SCP;1139166;0;0;0;0.00
50;SCP;1133102;0;0;0;0.00
50;SCP;1133424;0;0;0;0.00
50;SCP;1139267;0;0;0;0.00
50;SCP;1140114;0;0;0;0.00
50;SCP;1136047;0;0;0;0.00
50;SCP;1133198;0;0;0;0.00
50;SCP;1136044;0;0;0;0.00
50;SCP;1135917;0;0;0;0.00
50;SCP;1132976;0;0;0;0.00
50;SCP;1140603;0;0;0;0.00
50;SCP;1135487;0;0;0;0.00
50;SCP;1133218;0;0;0;0.00
50;SCP;1138349;0;0;0;0.00
50;KAB;515930;0;0;0;0.00
50;KAB;512820;0;0;0;0.00
50;KAB;512603;0;0;0;0.00
50;KAB;512749;0;0;0;0.00
50;KAB;515985;0;0;0;0.00
50;KAB;511494;0;0;0;0.00
50;KAB;511807;0;0;0;0.00
50;KAB;515132;0;0;0;0.00
50;KAB;511439;0;0;0;0.00
50;KAB;512786;0;0;0;0.00
50;KAB;511808;0;0;0;0.00
50;KAB;514907;0;0;0;0.00
50;KAB;511873;0;0;0;0.00
50;KAB;511925;0;0;0;0.00
50;KAB;511909;0;0;0;0.00
50;KAB;515098;0;0;0;0.00
50;KAB;511801;0;0;0;0.00
50;KAB;510856;0;0;0;0.00
50;KAB;510853;0;0;0;0.00
50;KAB;513792;0;0;0;0.00
50;KAB;515406;0;0;0;0.00
50;KAB;515305;0;0;0;0.00
50;KAB;515488;0;0;0;0.00
50;KAB;515246;0;0;0;0.00
50;KAB;515126;0;0;0;0.00
50;KAB;515123;0;0;0;0.00
50;KAB;515151;0;0;0;0.00
50;KAB;515041;0;0;0;0.00
50;KAB;514941;0;0;0;0.00
50;KAB;515296;0;0;0;0.00
50;KAB;515771;0;0;0;0.00
50;KAB;515267;0;0;0;0.00
50;KAB;515067;0;0;0;0.00
50;KAB;515625;0;0;0;0.00
50;KAB;515513;0;0;0;0.00
50;KAB;515317;0;0;0;0.00
50;KAB;515405;0;0;0;0.00
50;KAB;515527;0;0;0;0.00
50;KAB;515650;0;0;0;0.00
50;KAB;515786;0;0;0;0.00
50;BFDC;472;0;0;0;3.05
50;BFDC;469;0;0;0;3.05
50;BFDC;470;0;0;0;3.05
50;BFDC;476;0;0;0;3.05
50;BFDC;466;0;0;0;3.05
50;BFDC;469;0;0;0;3.05
50;BFDC;466;0;0;0;3.05
50;BFDC;468;0;0;0;3.05
50;BFDC;465;0;0;0;3.05
50;BFDC;466;0;0;0;3.05
50;BFDC;469;0;0;0;3.05
50;BFDC;466;0;0;0;3.05
50;BFDC;467;0;0;0;3.05
50;BFDC;469;0;0;0;3.05
50;BFDC;467;0;0;0;3.05
50;BFDC;468;0;0;0;3.05
50;BFDC;475;0;0;0;3.05
50;BFDC;469;0;0;0;3.05
50;BFDC;468;0;0;0;3.05
50;BFDC;468;0;0;0;3.05
50;BFDC;435;0;0;0;2.79
50;BFDC;438;0;0;0;2.79
50;BFDC;432;0;0;0;2.79
50;BFDC;430;0;0;0;2.79
50;BFDC;431;0;0;0;2.79
50;BFDC;430;0;0;0;2.79
50;BFDC;430;0;0;0;2.79
50;BFDC;431;0;0;0;2.79
50;BFDC;434;0;0;0;2.79
50;BFDC;429;0;0;0;2.79
50;BFDC;429;0;0;0;2.79
50;BFDC;428;0;0;0;2.79
50;BFDC;430;0;0;0;2.79
50;BFDC;430;0;0;0;2.79
50;BFDC;429;0;0;0;2.79
50;BFDC;434;0;0;0;2.79
50;BFDC;428;0;0;0;2.79
50;BFDC;429;0;0;0;2.79
50;BFDC;429;0;0;0;2.79
50;BFDC;429;0;0;0;2.79
50;CRA;75965;0;0;0;179.72
50;CRA;75359;0;0;0;179.72
50;CRA;75313;0;0;0;179.72
50;CRA;75338;0;0;0;179.72
50;CRA;75311;0;0;0;179.72
50;CRA;75327;0;0;0;179.72
50;CRA;78570;0;0;0;179.72
50;CRA;75387;0;0;0;179.72
50;CRA;75360;0;0;0;179.72
50;CRA;75346;0;0;0;179.72
50;CRA;75367;0;0;0;179.72
50;CRA;75636;0;0;0;179.72
50;CRA;75412;0;0;0;179.72
50;CRA;75254;0;0;0;179.72
50;CRA;75253;0;0;0;179.72
50;CRA;75362;0;0;0;179.72
50;CRA;75393;0;0;0;179.72
50;CRA;75376;0;0;0;179.72
50;CRA;75492;0;0;0;179.72
50;CRA;75371;0;0;0;179.72
50;CRA;56523;0;0;0;135.22
50;CRA;56202;0;0;0;135.22
50;CRA;56240;0;0;0;135.22
50;CRA;56401;0;0;0;135.22
50;CRA;56361;0;0;0;135.22
50;CRA;56252;0;0;0;135.22
50;CRA;56274;0;0;0;135.22
50;CRA;56540;0;0;0;135.22
50;CRA;56487;0;0;0;135.22
50;CRA;56515;0;0;0;135.22
50;CRA;56529;0;0;0;135.22
50;CRA;56491;0;0;0;135.22
50;CRA;56310;0;0;0;135.22
50;CRA;56195;0;0;0;135.22
50;CRA;56245;0;0;0;135.22
50;CRA;56294;0;0;0;135.22
50;CRA;56436;0;0;0;135.22
50;CRA;56276;0;0;0;135.22
50;CRA;56251;0;0;0;135.22
50;CRA;56443;0;0;0;135.22
100;RULT;1732;0;0;0;4.96
100;RULT;1604;0;0;0;4.96
100;RULT;1603;0;0;0;4.96
100;RULT;1599;0;0;0;4.96
100;RULT;1610;0;0;0;4.96
100;RULT;1604;0;0;0;4.96
100;RULT;1601;0;0;0;4.96
100;RULT;1610;0;0;0;4.96
100;RULT;1602;0;0;0;4.96
100;RULT;1609;0;0;0;4.96
100;RULT;1603;0;0;0;4.96
100;RULT;1606;0;0;0;4.96
100;RULT;1607;0;0;0;4.96
100;RULT;1602;0;0;0;4.96
100;RULT;1607;0;0;0;4.96
100;RULT;1600;0;0;0;4.96
100;RULT;1601;0;0;0;4.96
100;RULT;1609;0;0;0;4.96
100;RULT;1600;0;0;0;4.96
100;RULT;1628;0;0;0;4.96
100;RULT;1598;0;0;0;4.66
100;RULT;1560;0;0;0;4.66
100;RULT;1564;0;0;0;4.66
100;RULT;1558;0;0;0;4.66
100;RULT;1565;0;0;0;4.66
100;RULT;1563;0;0;0;4.66
100;RULT;1566;0;0;0;4.66
100;RULT;1559;0;0;0;4.66
100;RULT;1556;0;0;0;4.66
100;RULT;1563;0;0;0;4.66
100;RULT;1558;0;0;0;4.66
100;RULT;1560;0;0;0;4.66
100;RULT;1556;0;0;0;4.66
100;RULT;1557;0;0;0;4.66
100;RULT;1561;0;0;0;4.66
100;RULT;1559;0;0;0;4.66
100;RULT;1571;0;0;0;4.66
100;RULT;1560;0;0;0;4.66
100;RULT;1567;0;0;0;4.66
100;RULT;1560;0;0;0;4.66
100;ILP;296848;0;0;0;0.00
100;ILP;280215;0;0;0;0.00
100;ILP;280021;0;0;0;0.00
100;ILP;272918;0;0;0;0.00
100;ILP;280619;0;0;0;0.00
100;ILP;280394;0;0;0;0.00
100;ILP;280322;0;0;0;0.00
100;ILP;275944;0;0;0;0.00
100;ILP;282517;0;0;0;0.00
100;ILP;281530;0;0;0;0.00
100;ILP;281252;0;0;0;0.00
100;ILP;281897;0;0;0;0.00
100;ILP;280457;0;0;0;0.00
100;ILP;281488;0;0;0;0.00
100;ILP;281539;0;0;0;0.00
100;ILP;283169;0;0;0;0.00
100;ILP;278234;0;0;0;0.00
100;ILP;281573;0;0;0;0.00
100;ILP;279850;0;0;0;0.00
100;ILP;280098;0;0;0;0.00
100;ILP;293457;0;0;0;0.00
100;ILP;274450;0;0;0;0.00
100;ILP;279054;0;0;0;0.00
100;ILP;276478;0;0;0;0.00
100;ILP;281171;0;0;0;0.00
100;ILP;273486;0;0;0;0.00
100;ILP;280776;0;0;0;0.00
100;ILP;272853;0;0;0;0.00
100;ILP;278600;0;0;0;0.00
100;ILP;274449;0;0;0;0.00
100;ILP;278914;0;0;0;0.00
100;ILP;273382;0;0;0;0.00
100;ILP;278442;0;0;0;0.00
100;ILP;273089;0;0;0;0.00
100;ILP;278825;0;0;0;0.00
100;ILP;275041;0;0;0;0.00
100;ILP;279139;0;0;0;0.00
100;ILP;278279;0;0;0;0.00
100;ILP;274713;0;0;0;0.00
100;ILP;276479;0;0;0;0.00
100;SCP;1870666;0;0;0;0.00
100;SCP;1863689;0;0;0;0.00
100;SCP;1860363;0;0;0;0.00
100;SCP;1858085;0;0;0;0.00
100;SCP;1860115;0;0;0;0.00
100;SCP;1858270;0;0;0;0.00
100;SCP;1855654;0;0;0;0.00
100;SCP;1855849;0;0;0;0.00
100;SCP;1859017;0;0;0;0.00
100;SCP;1855071;0;0;0;0.00
100;SCP;1861742;0;0;0;0.00
100;SCP;1857978;0;0;0;0.00
100;SCP;1859765;0;0;0;0.00
100;SCP;1861676;0;0;0;0.00
100;SCP;1856149;0;0;0;0.00
100;SCP;1862896;0;0;0;0.00
100;SCP;1864907;0;0;0;0.00
100;SCP;1855926;0;0;0;0.00
100;SCP;1852718;0;0;0;0.00
100;SCP;1855875;0;0;0;0.00
100;SCP;1290333;0;0;0;0.00
100;SCP;1288142;0;0;0;0.00
100;SCP;1289421;0;0;0;0.00
100;SCP;1282473;0;0;0;0.00
100;SCP;1247815;0;0;0;0.00
100;SCP;1288709;0;0;0;0.00
100;SCP;1288291;0;0;0;0.00
100;SCP;1285388;0;0;0;0.00
100;SCP;1283770;0;0;0;0.00
100;SCP;1280929;0;0;0;0.00
100;SCP;1290414;0;0;0;0.00
100;SCP;1284990;0;0;0;0.00
100;SCP;1289970;0;0;0;0.00
100;SCP;1287769;0;0;0;0.00
100;SCP;1289466;0;0;0;0.00
100;SCP;1283626;0;0;0;0.00
100;SCP;1286927;0;0;0;0.00
100;SCP;1285437;0;0;0;0.00
100;SCP;1240253;0;0;0;0.00
100;SCP;1285847;0;0;0;0.00
100;KAB;662888;0;0;0;0.00
100;KAB;667834;0;0;0;0.00
100;KAB;662448;0;0;0;0.00
100;KAB;662696;0;0;0;0.00
100;KAB;662556;0;0;0;0.00
100;KAB;668414;0;0;0;0.00
100;KAB;663096;0;0;0;0.00
100;KAB;663369;0;0;0;0.00
100;KAB;668087;0;0;0;0.00
100;KAB;662878;0;0;0;0.00
100;KAB;662567;0;0;0;0.00
100;KAB;667777;0;0;0;0.00
100;KAB;662580;0;0;0;0.00
100;KAB;662863;0;0;0;0.00
100;KAB;667524;0;0;0;0.00
100;KAB;662880;0;0;0;0.00
100;KAB;662650;0;0;0;0.00
100;KAB;662184;0;0;0;0.00
100;KAB;667107;0;0;0;0.00
100;KAB;662134;0;0;0;0.00
100;KAB;605643;0;0;0;0.00
100;KAB;599064;0;0;0;0.00
100;KAB;599673;0;0;0;0.00
100;KAB;599672;0;0;0;0.00
100;KAB;608378;0;0;0;0.00
100;KAB;599820;0;0;0;0.00
100;KAB;599559;0;0;0;0.00
100;KAB;602735;0;0;0;0.00
100;KAB;599708;0;0;0;0.00
100;KAB;600332;0;0;0;0.00
100;KAB;600468;0;0;0;0.00
100;KAB;600284;0;0;0;0.00
100;KAB;600310;0;0;0;0.00
100;KAB;600532;0;0;0;0.00
100;KAB;605290;0;0;0;0.00
100;KAB;600459;0;0;0;0.00
100;KAB;600374;0;0;0;0.00
100;KAB;599704;0;0;0;0.00
100;KAB;599853;0;0;0;0.00
100;KAB;599644;0;0;0;0.00
100;BFDC;546;0;0;0;2.96
100;BFDC;553;0;0;0;2.96
100;BFDC;544;0;0;0;2.96
100;BFDC;545;0;0;0;2.96
100;BFDC;543;0;0;0;2.96
100;BFDC;544;0;0;0;2.96
100;BFDC;543;0;0;0;2.96
100;BFDC;549;0;0;0;2.96
100;BFDC;542;0;0;0;2.96
100;BFDC;543;0;0;0;2.96
100;BFDC;542;0;0;0;2.96
100;BFDC;544;0;0;0;2.96
100;BFDC;542;0;0;0;2.96
100;BFDC;547;0;0;0;2.96
100;BFDC;542;0;0;0;2.96
100;BFDC;544;0;0;0;2.96
100;BFDC;542;0;0;0;2.96
100;BFDC;544;0;0;0;2.96
100;BFDC;542;0;0;0;2.96
100;BFDC;547;0;0;0;2.96
100;BFDC;525;0;0;0;2.75
100;BFDC;517;0;0;0;2.75
100;BFDC;513;0;0;0;2.75
100;BFDC;514;0;0;0;2.75
100;BFDC;515;0;0;0;2.75
100;BFDC;513;0;0;0;2.75
100;BFDC;520;0;0;0;2.75
100;BFDC;516;0;0;0;2.75
100;BFDC;515;0;0;0;2.75
100;BFDC;515;0;0;0;2.75
100;BFDC;515;0;0;0;2.75
100;BFDC;515;0;0;0;2.75
100;BFDC;520;0;0;0;2.75
100;BFDC;515;0;0;0;2.75
100;BFDC;517;0;0;0;2.75
100;BFDC;516;0;0;0;2.75
100;BFDC;514;0;0;0;2.75
100;BFDC;515;0;0;0;2.75
100;BFDC;514;0;0;0;2.75
100;BFDC;517;0;0;0;2.75
100;CRA;30413;0;0;0;72.48
100;CRA;30257;0;0;0;72.48
100;CRA;30266;0;0;0;72.48
100;CRA;30221;0;0;0;72.48
100;CRA;30251;0;0;0;72.48
100;CRA;30227;0;0;0;72.48
100;CRA;30242;0;0;0;72.48
100;CRA;30246;0;0;0;72.48
100;CRA;30261;0;0;0;72.48
100;CRA;30277;0;0;0;72.48
100;CRA;30252;0;0;0;72.48
100;CRA;30243;0;0;0;72.48
100;CRA;30253;0;0;0;72.48
100;CRA;30255;0;0;0;72.48
100;CRA;30253;0;0;0;72.48
100;CRA;30235;0;0;0;72.48
100;CRA;30260;0;0;0;72.48
100;CRA;30220;0;0;0;72.48
100;CRA;30271;0;0;0;72.48
100;CRA;30254;0;0;0;72.48
100;CRA;45341;0;0;0;104.95
100;CRA;45050;0;0;0;104.95
100;CRA;45048;0;0;0;104.95
100;CRA;45087;0;0;0;104.95
100;CRA;45044;0;0;0;104.95
100;CRA;45053;0;0;0;104.95
100;CRA;45037;0;0;0;104.95
100;CRA;45038;0;0;0;104.95
100;CRA;45055;0;0;0;104.95
100;CRA;45051;0;0;0;104.95
100;CRA;45035;0;0;0;104.95
100;CRA;45064;0;0;0;104.95
100;CRA;45051;0;0;0;104.95
100;CRA;45048;0;0;0;104.95
100;CRA;45041;0;0;0;104.95
100;CRA;45057;0;0;0;104.95
100;CRA;45060;0;0;0;104.95
100;CRA;45052;0;0;0;104.95
100;CRA;45059;0;0;0;104.95
100;CRA;45045;0;0;0;104.95
60;RULT;1466;0;0;0;4.65
60;RULT;1457;0;0;0;4.65
60;RULT;1462;0;0;0;4.65
60;RULT;1479;0;0;0;4.65
60;RULT;1468;0;0;0;4.65
60;RULT;1456;0;0;0;4.65
60;RULT;1455;0;0;0;4.65
60;RULT;1456;0;0;0;4.65
60;RULT;1458;0;0;0;4.65
60;RULT;1462;0;0;0;4.65
60;RULT;1456;0;0;0;4.65
60;RULT;1465;0;0;0;4.65
60;RULT;1457;0;0;0;4.65
60;RULT;1466;0;0;0;4.65
60;RULT;1457;0;0;0;4.65
60;RULT;1457;0;0;0;4.65
60;RULT;1458;0;0;0;4.65
60;RULT;1457;0;0;0;4.65
60;RULT;1464;0;0;0;4.65
60;RULT;1457;0;0;0;4.65
60;RULT;127;0;0;0;1.12
60;RULT;121;0;0;0;1.12
60;RULT;121;0;0;0;1.12
60;RULT;121;0;0;0;1.12
60;RULT;121;0;0;0;1.12
60;RULT;121;0;0;0;1.12
60;RULT;120;0;0;0;1.12
60;RULT;120;0;0;0;1.12
60;RULT;121;0;0;0;1.12
60;RULT;121;0;0;0;1.12
60;RULT;121;0;0;0;1.12
60;RULT;121;0;0;0;1.12
60;RULT;120;0;0;0;1.12
60;RULT;121;0;0;0;1.12
60;RULT;120;0;0;0;1.12
60;RULT;122;0;0;0;1.12
60;RULT;121;0;0;0;1.12
60;RULT;121;0;0;0;1.12
60;RULT;121;0;0;0;1.12
60;RULT;122;0;0;0;1.12
60;ILP;160228;0;0;0;0.00
60;ILP;158913;0;0;0;0.00
60;ILP;157535;0;0;0;0.00
60;ILP;156859;0;0;0;0.00
60;ILP;154636;0;0;0;0.00
60;ILP;158395;0;0;0;0.00
60;ILP;155577;0;0;0;0.00
60;ILP;154298;0;0;0;0.00
60;ILP;154686;0;0;0;0.00
60;ILP;159018;0;0;0;0.00
60;ILP;155277;0;0;0;0.00
60;ILP;157385;0;0;0;0.00
60;ILP;155602;0;0;0;0.00
60;ILP;161270;0;0;0;0.00
60;ILP;156639;0;0;0;0.00
60;ILP;153922;0;0;0;0.00
60;ILP;156309;0;0;0;0.00
60;ILP;159686;0;0;0;0.00
60;ILP;158615;0;0;0;0.00
60;ILP;154402;0;0;0;0.00
60;ILP;157772;0;0;0;0.00
60;ILP;152060;0;0;0;0.00
60;ILP;152411;0;0;0;0.00
60;ILP;154526;0;0;0;0.00
60;ILP;152346;0;0;0;0.00
60;ILP;150839;0;0;0;0.00
60;ILP;152968;0;0;0;0.00
60;ILP;149271;0;0;0;0.00
60;ILP;151659;0;0;0;0.00
60;ILP;148693;0;0;0;0.00
60;ILP;152525;0;0;0;0.00
60;ILP;149177;0;0;0;0.00
60;ILP;153785;0;0;0;0.00
60;ILP;148540;0;0;0;0.00
60;ILP;152584;0;0;0;0.00
60;ILP;148631;0;0;0;0.00
60;ILP;154320;0;0;0;0.00
60;ILP;152578;0;0;0;0.00
60;ILP;150642;0;0;0;0.00
60;ILP;151889;0;0;0;0.00
60;CP;1412008;0;0;0;0.00
60;CP;1359260;0;0;0;0.00
60;CP;1359936;0;0;0;0.00
60;CP;1323403;0;0;0;0.00
60;CP;1317253;0;0;0;0.00
60;CP;1300409;0;0;0;0.00
60;CP;1304699;0;0;0;0.00
60;CP;1310714;0;0;0;0.00
60;CP;1305109;0;0;0;0.00
60;CP;1302583;0;0;0;0.00
60;CP;1319384;0;0;0;0.00
60;CP;1294871;0;0;0;0.00
60;CP;1310484;0;0;0;0.00
60;CP;1295809;0;0;0;0.00
60;CP;1301045;0;0;0;0.00
60;CP;1303187;0;0;0;0.00
60;CP;1299230;0;0;0;0.00
60;CP;1301891;0;0;0;0.00
60;CP;1304868;0;0;0;0.00
60;CP;1306499;0;0;0;0.00
60;CP;747902;0;0;0;0.00
60;CP;703577;0;0;0;0.00
60;CP;669291;0;0;0;0.00
60;CP;680162;0;0;0;0.00
60;CP;698266;0;0;0;0.00
60;CP;670307;0;0;0;0.00
60;CP;687893;0;0;0;0.00
60;CP;697463;0;0;0;0.00
60;CP;671341;0;0;0;0.00
60;CP;689105;0;0;0;0.00
60;CP;690663;0;0;0;0.00
60;CP;669718;0;0;0;0.00
60;CP;680529;0;0;0;0.00
60;CP;682185;0;0;0;0.00
60;CP;660623;0;0;0;0.00
60;CP;664981;0;0;0;0.00
60;CP;666909;0;0;0;0.00
60;CP;663531;0;0;0;0.00
60;CP;660121;0;0;0;0.00
60;CP;659863;0;0;0;0.00
60;SCP;694171;0;0;0;0.00
60;SCP;694578;0;0;0;0.00
60;SCP;694812;0;0;0;0.00
60;SCP;695683;0;0;0;0.00
60;SCP;694422;0;0;0;0.00
60;SCP;694395;0;0;0;0.00
60;SCP;698042;0;0;0;0.00
60;SCP;694697;0;0;0;0.00
60;SCP;692927;0;0;0;0.00
60;SCP;693195;0;0;0;0.00
60;SCP;693355;0;0;0;0.00
60;SCP;696970;0;0;0;0.00
60;SCP;699457;0;0;0;0.00
60;SCP;695238;0;0;0;0.00
60;SCP;703036;0;0;0;0.00
60;SCP;704574;0;0;0;0.00
60;SCP;701764;0;0;0;0.00
60;SCP;702974;0;0;0;0.00
60;SCP;704724;0;0;0;0.00
60;SCP;703502;0;0;0;0.00
60;SCP;525770;0;0;0;0.00
60;SCP;522259;0;0;0;0.00
60;SCP;500995;0;0;0;0.00
60;SCP;504758;0;0;0;0.00
60;SCP;521510;0;0;0;0.00
60;SCP;500733;0;0;0;0.00
60;SCP;523169;0;0;0;0.00
60;SCP;506220;0;0;0;0.00
60;SCP;522063;0;0;0;0.00
60;SCP;501759;0;0;0;0.00
60;SCP;521726;0;0;0;0.00
60;SCP;505841;0;0;0;0.00
60;SCP;503484;0;0;0;0.00
60;SCP;501958;0;0;0;0.00
60;SCP;500459;0;0;0;0.00
60;SCP;507198;0;0;0;0.00
60;SCP;499719;0;0;0;0.00
60;SCP;500053;0;0;0;0.00
60;SCP;499261;0;0;0;0.00
60;SCP;506772;0;0;0;0.00
60;KAB;558788;0;0;0;0.00
60;KAB;558791;0;0;0;0.00
60;KAB;558582;0;0;0;0.00
60;KAB;558654;0;0;0;0.00
60;KAB;558443;0;0;0;0.00
60;KAB;559870;0;0;0;0.00
60;KAB;560112;0;0;0;0.00
60;KAB;559918;0;0;0;0.00
60;KAB;560038;0;0;0;0.00
60;KAB;558424;0;0;0;0.00
60;KAB;558650;0;0;0;0.00
60;KAB;558558;0;0;0;0.00
60;KAB;558637;0;0;0;0.00
60;KAB;558716;0;0;0;0.00
60;KAB;558555;0;0;0;0.00
60;KAB;558675;0;0;0;0.00
60;KAB;558511;0;0;0;0.00
60;KAB;558405;0;0;0;0.00
60;KAB;558547;0;0;0;0.00
60;KAB;558376;0;0;0;0.00
60;KAB;150;0;0;0;0.00
60;KAB;88;0;0;0;0.00
60;KAB;85;0;0;0;0.00
60;KAB;82;0;0;0;0.00
60;KAB;83;0;0;0;0.00
60;KAB;83;0;0;0;0.00
60;KAB;82;0;0;0;0.00
60;KAB;82;0;0;0;0.00
60;KAB;82;0;0;0;0.00
60;KAB;82;0;0;0;0.00
60;KAB;88;0;0;0;0.00
60;KAB;81;0;0;0;0.00
60;KAB;81;0;0;0;0.00
60;KAB;81;0;0;0;0.00
60;KAB;82;0;0;0;0.00
60;KAB;82;0;0;0;0.00
60;KAB;81;0;0;0;0.00
60;KAB;81;0;0;0;0.00
60;KAB;81;0;0;0;0.00
60;KAB;82;0;0;0;0.00
60;BFDC;432;0;0;0;2.64
60;BFDC;426;0;0;0;2.64
60;BFDC;425;0;0;0;2.64
60;BFDC;425;0;0;0;2.64
60;BFDC;425;0;0;0;2.64
60;BFDC;425;0;0;0;2.64
60;BFDC;431;0;0;0;2.64
60;BFDC;424;0;0;0;2.64
60;BFDC;423;0;0;0;2.64
60;BFDC;424;0;0;0;2.64
60;BFDC;425;0;0;0;2.64
60;BFDC;424;0;0;0;2.64
60;BFDC;424;0;0;0;2.64
60;BFDC;430;0;0;0;2.64
60;BFDC;424;0;0;0;2.64
60;BFDC;424;0;0;0;2.64
60;BFDC;425;0;0;0;2.64
60;BFDC;426;0;0;0;2.64
60;BFDC;426;0;0;0;2.64
60;BFDC;425;0;0;0;2.64
60;BFDC;290;0;0;0;1.79
60;BFDC;284;0;0;0;1.79
60;BFDC;283;0;0;0;1.79
60;BFDC;284;0;0;0;1.79
60;BFDC;282;0;0;0;1.79
60;BFDC;283;0;0;0;1.79
60;BFDC;282;0;0;0;1.79
60;BFDC;282;0;0;0;1.79
60;BFDC;282;0;0;0;1.79
60;BFDC;282;0;0;0;1.79
60;BFDC;282;0;0;0;1.79
60;BFDC;283;0;0;0;1.79
60;BFDC;287;0;0;0;1.79
60;BFDC;284;0;0;0;1.79
60;BFDC;283;0;0;0;1.79
60;BFDC;283;0;0;0;1.79
60;BFDC;282;0;0;0;1.79
60;BFDC;284;0;0;0;1.79
60;BFDC;283;0;0;0;1.79
60;BFDC;283;0;0;0;1.79
60;CRA;3326;0;0;0;8.93
60;CRA;3139;0;0;0;8.93
60;CRA;3123;0;0;0;8.93
60;CRA;3121;0;0;0;8.93
60;CRA;3127;0;0;0;8.93
60;CRA;3131;0;0;0;8.93
60;CRA;3121;0;0;0;8.93
60;CRA;3131;0;0;0;8.93
60;CRA;3126;0;0;0;8.93
60;CRA;3128;0;0;0;8.93
60;CRA;3127;0;0;0;8.93
60;CRA;3126;0;0;0;8.93
60;CRA;3131;0;0;0;8.93
60;CRA;3131;0;0;0;8.93
60;CRA;3127;0;0;0;8.93
60;CRA;3136;0;0;0;8.93
60;CRA;3132;0;0;0;8.93
60;CRA;3125;0;0;0;8.93
60;CRA;3129;0;0;0;8.93
60;CRA;3133;0;0;0;8.93
60;CRA;120;0;0;0;0.64
60;CRA;107;0;0;0;0.64
60;CRA;105;0;0;0;0.64
60;CRA;103;0;0;0;0.64
60;CRA;102;0;0;0;0.64
60;CRA;101;0;0;0;0.64
60;CRA;101;0;0;0;0.64
60;CRA;101;0;0;0;0.64
60;CRA;100;0;0;0;0.64
60;CRA;99;0;0;0;0.64
60;CRA;100;0;0;0;0.64
60;CRA;99;0;0;0;0.64
60;CRA;100;0;0;0;0.64
60;CRA;99;0;0;0;0.64
60;CRA;99;0;0;0;0.64
60;CRA;98;0;0;0;0.64
60;CRA;99;0;0;0;0.64
60;CRA;99;0;0;0;0.64
60;CRA;98;0;0;0;0.64
60;CRA;98;0;0;0;0.64
10;ULT;169667;0;0;0;50.03
10;ULT;167708;0;0;0;50.03
10;ULT;162285;0;0;0;50.03
10;ULT;168639;0;0;0;50.03
10;ULT;161662;0;0;0;50.03
10;ULT;167644;0;0;0;50.03
10;ULT;167491;0;0;0;50.03
10;ULT;167644;0;0;0;50.03
10;ULT;167637;0;0;0;50.03
10;ULT;163544;0;0;0;50.03
10;ULT;167630;0;0;0;50.03
10;ULT;161471;0;0;0;50.03
10;ULT;167650;0;0;0;50.03
10;ULT;166350;0;0;0;50.03
10;ULT;167588;0;0;0;50.03
10;ULT;167660;0;0;0;50.03
10;ULT;165720;0;0;0;50.03
10;ULT;167658;0;0;0;50.03
10;ULT;162404;0;0;0;50.03
10;ULT;167586;0;0;0;50.03
10;ULT;2000001;0;0;1;585.13
10;ULT;2000001;0;0;1;576.92
10;ULT;2000001;0;0;1;577.10
10;ULT;2000000;0;0;1;577.11
10;ULT;2000001;0;0;1;577.02
10;ULT;2000000;0;0;1;577.15
10;ULT;2000001;0;0;1;576.99
10;ULT;2000000;0;0;1;577.07
10;ULT;2000002;0;0;1;576.64
10;ULT;2000001;0;0;1;577.04
10;ULT;2000001;0;0;1;576.92
10;ULT;2000000;0;0;1;576.98
10;ULT;2000001;0;0;1;577.02
10;ULT;2000001;0;0;1;577.14
10;ULT;2000001;0;0;1;577.04
10;ULT;2000001;0;0;1;576.98
10;ULT;2000005;0;0;1;576.95
10;ULT;2000001;0;0;1;576.97
10;ULT;2000001;0;0;1;576.97
10;ULT;2000000;0;0;1;576.99
10;RULT;13;0;0;0;0.03
10;RULT;12;0;0;0;0.03
10;RULT;12;0;0;0;0.03
10;RULT;12;0;0;0;0.03
10;RULT;12;0;0;0;0.03
10;RULT;12;0;0;0;0.03
10;RULT;12;0;0;0;0.03
10;RULT;12;0;0;0;0.03
10;RULT;12;0;0;0;0.03
10;RULT;12;0;0;0;0.03
10;RULT;12;0;0;0;0.03
10;RULT;12;0;0;0;0.03
10;RULT;12;0;0;0;0.03
10;RULT;12;0;0;0;0.03
10;RULT;12;0;0;0;0.03
10;RULT;12;0;0;0;0.03
10;RULT;12;0;0;0;0.03
10;RULT;12;0;0;0;0.03
10;RULT;12;0;0;0;0.03
10;RULT;12;0;0;0;0.03
10;RULT;98;0;0;0;1.08
10;RULT;97;0;0;0;1.08
10;RULT;97;0;0;0;1.08
10;RULT;97;0;0;0;1.08
10;RULT;97;0;0;0;1.08
10;RULT;97;0;0;0;1.08
10;RULT;97;0;0;0;1.08
10;RULT;97;0;0;0;1.08
10;RULT;97;0;0;0;1.08
10;RULT;97;0;0;0;1.08
10;RULT;97;0;0;0;1.08
10;RULT;98;0;0;0;1.08
10;RULT;97;0;0;0;1.08
10;RULT;97;0;0;0;1.08
10;RULT;97;0;0;0;1.08
10;RULT;97;0;0;0;1.08
10;RULT;97;0;0;0;1.08
10;RULT;97;0;0;0;1.08
10;RULT;97;0;0;0;1.08
10;RULT;97;0;0;0;1.08
10;ILP;31117;0;0;0;0.00
10;ILP;32234;0;0;0;0.00
10;ILP;31132;0;0;0;0.00
10;ILP;30576;0;0;0;0.00
10;ILP;30573;0;0;0;0.00
10;ILP;31301;0;0;0;0.00
10;ILP;31275;0;0;0;0.00
10;ILP;31931;0;0;0;0.00
10;ILP;31569;0;0;0;0.00
10;ILP;31792;0;0;0;0.00
10;ILP;31087;0;0;0;0.00
10;ILP;32059;0;0;0;0.00
10;ILP;31507;0;0;0;0.00
10;ILP;31186;0;0;0;0.00
10;ILP;31823;0;0;0;0.00
10;ILP;31651;0;0;0;0.00
10;ILP;31257;0;0;0;0.00
10;ILP;31339;0;0;0;0.00
10;ILP;31301;0;0;0;0.00
10;ILP;33418;0;0;0;0.00
10;ILP;31834;0;0;0;0.00
10;ILP;31566;0;0;0;0.00
10;ILP;31199;0;0;0;0.00
10;ILP;31724;0;0;0;0.00
10;ILP;31756;0;0;0;0.00
10;ILP;31403;0;0;0;0.00
10;ILP;31479;0;0;0;0.00
10;ILP;31341;0;0;0;0.00
10;ILP;31566;0;0;0;0.00
10;ILP;31235;0;0;0;0.00
10;ILP;31335;0;0;0;0.00
10;ILP;31354;0;0;0;0.00
10;ILP;32544;0;0;0;0.00
10;ILP;31015;0;0;0;0.00
10;ILP;32493;0;0;0;0.00
10;ILP;31976;0;0;0;0.00
10;ILP;32033;0;0;0;0.00
10;ILP;31578;0;0;0;0.00
10;ILP;31735;0;0;0;0.00
10;ILP;31330;0;0;0;0.00
10;CP;123853;0;0;0;0.00
10;CP;125783;0;0;0;0.00
10;CP;144219;0;0;0;0.00
10;CP;144436;0;0;0;0.00
10;CP;143900;0;0;0;0.00
10;CP;143689;0;0;0;0.00
10;CP;146307;0;0;0;0.00
10;CP;125455;0;0;0;0.00
10;CP;127677;0;0;0;0.00
10;CP;144672;0;0;0;0.00
10;CP;145651;0;0;0;0.00
10;CP;144196;0;0;0;0.00
10;CP;145177;0;0;0;0.00
10;CP;143149;0;0;0;0.00
10;CP;125322;0;0;0;0.00
10;CP;130718;0;0;0;0.00
10;CP;144490;0;0;0;0.00
10;CP;144245;0;0;0;0.00
10;CP;144738;0;0;0;0.00
10;CP;144354;0;0;0;0.00
10;CP;142373;0;0;0;0.00
10;CP;141360;0;0;0;0.00
10;CP;141089;0;0;0;0.00
10;CP;142002;0;0;0;0.00
10;CP;140811;0;0;0;0.00
10;CP;139645;0;0;0;0.00
10;CP;139318;0;0;0;0.00
10;CP;140335;0;0;0;0.00
10;CP;140334;0;0;0;0.00
10;CP;142325;0;0;0;0.00
10;CP;143445;0;0;0;0.00
10;CP;144332;0;0;0;0.00
10;CP;144246;0;0;0;0.00
10;CP;144747;0;0;0;0.00
10;CP;144868;0;0;0;0.00
10;CP;144334;0;0;0;0.00
10;CP;145255;0;0;0;0.00
10;CP;146068;0;0;0;0.00
10;CP;140436;0;0;0;0.00
10;CP;140561;0;0;0;0.00
10;SCP;86493;0;0;0;0.00
10;SCP;85498;0;0;0;0.00
10;SCP;85697;0;0;0;0.00
10;SCP;85144;0;0;0;0.00
10;SCP;85575;0;0;0;0.00
10;SCP;86105;0;0;0;0.00
10;SCP;86371;0;0;0;0.00
10;SCP;86221;0;0;0;0.00
10;SCP;86964;0;0;0;0.00
10;SCP;86146;0;0;0;0.00
10;SCP;86365;0;0;0;0.00
10;SCP;86282;0;0;0;0.00
10;SCP;86476;0;0;0;0.00
10;SCP;86280;0;0;0;0.00
10;SCP;85226;0;0;0;0.00
10;SCP;85124;0;0;0;0.00
10;SCP;85560;0;0;0;0.00
10;SCP;86147;0;0;0;0.00
10;SCP;86091;0;0;0;0.00
10;SCP;87074;0;0;0;0.00
10;SCP;62822;0;0;0;0.00
10;SCP;63442;0;0;0;0.00
10;SCP;62700;0;0;0;0.00
10;SCP;63845;0;0;0;0.00
10;SCP;62712;0;0;0;0.00
10;SCP;63358;0;0;0;0.00
10;SCP;63210;0;0;0;0.00
10;SCP;63138;0;0;0;0.00
10;SCP;63237;0;0;0;0.00
10;SCP;63051;0;0;0;0.00
10;SCP;62964;0;0;0;0.00
10;SCP;63404;0;0;0;0.00
10;SCP;63682;0;0;0;0.00
10;SCP;62621;0;0;0;0.00
10;SCP;63538;0;0;0;0.00
10;SCP;62967;0;0;0;0.00
10;SCP;63328;0;0;0;0.00
10;SCP;63270;0;0;0;0.00
10;SCP;63501;0;0;0;0.00
10;SCP;62799;0;0;0;0.00
10;KAB;400;0;0;0;0.00
10;KAB;68;0;0;0;0.00
10;KAB;67;0;0;0;0.00
10;KAB;64;0;0;0;0.00
10;KAB;63;0;0;0;0.00
10;KAB;63;0;0;0;0.00
10;KAB;62;0;0;0;0.00
10;KAB;62;0;0;0;0.00
10;KAB;63;0;0;0;0.00
10;KAB;62;0;0;0;0.00
10;KAB;62;0;0;0;0.00
10;KAB;64;0;0;0;0.00
10;KAB;62;0;0;0;0.00
10;KAB;63;0;0;0;0.00
10;KAB;62;0;0;0;0.00
10;KAB;63;0;0;0;0.00
10;KAB;63;0;0;0;0.00
10;KAB;62;0;0;0;0.00
10;KAB;61;0;0;0;0.00
10;KAB;62;0;0;0;0.00
10;KAB;400;0;0;0;0.00
10;KAB;64;0;0;0;0.00
10;KAB;61;0;0;0;0.00
10;KAB;61;0;0;0;0.00
10;KAB;61;0;0;0;0.00
10;KAB;62;0;0;0;0.00
10;KAB;61;0;0;0;0.00
10;KAB;60;0;0;0;0.00
10;KAB;60;0;0;0;0.00
10;KAB;60;0;0;0;0.00
10;KAB;59;0;0;0;0.00
10;KAB;60;0;0;0;0.00
10;KAB;61;0;0;0;0.00
10;KAB;68;0;0;0;0.00
10;KAB;66;0;0;0;0.00
10;KAB;67;0;0;0;0.00
10;KAB;62;0;0;0;0.00
10;KAB;62;0;0;0;0.00
10;KAB;61;0;0;0;0.00
10;KAB;61;0;0;0;0.00
10;BFDC;14;0;0;0;0.03
10;BFDC;13;0;0;0;0.03
10;BFDC;13;0;0;0;0.03
10;BFDC;13;0;0;0;0.03
10;BFDC;13;0;0;0;0.03
10;BFDC;13;0;0;0;0.03
10;BFDC;13;0;0;0;0.03
10;BFDC;13;0;0;0;0.03
10;BFDC;13;0;0;0;0.03
10;BFDC;13;0;0;0;0.03
10;BFDC;13;0;0;0;0.03
10;BFDC;13;0;0;0;0.03
10;BFDC;13;0;0;0;0.03
10;BFDC;13;0;0;0;0.03
10;BFDC;13;0;0;0;0.03
10;BFDC;13;0;0;0;0.03
10;BFDC;13;0;0;0;0.03
10;BFDC;13;0;0;0;0.03
10;BFDC;13;0;0;0;0.03
10;BFDC;13;0;0;0;0.03
10;BFDC;197;0;0;0;1.49
10;BFDC;196;0;0;0;1.49
10;BFDC;195;0;0;0;1.49
10;BFDC;195;0;0;0;1.49
10;BFDC;195;0;0;0;1.49
10;BFDC;194;0;0;0;1.49
10;BFDC;206;0;0;0;1.49
10;BFDC;196;0;0;0;1.49
10;BFDC;196;0;0;0;1.49
10;BFDC;195;0;0;0;1.49
10;BFDC;194;0;0;0;1.49
10;BFDC;195;0;0;0;1.49
10;BFDC;195;0;0;0;1.49
10;BFDC;194;0;0;0;1.49
10;BFDC;195;0;0;0;1.49
10;BFDC;195;0;0;0;1.49
10;BFDC;195;0;0;0;1.49
10;BFDC;194;0;0;0;1.49
10;BFDC;199;0;0;0;1.49
10;BFDC;197;0;0;0;1.49
10;CRA;30;0;0;0;0.03
10;CRA;22;0;0;0;0.03
10;CRA;22;0;0;0;0.03
10;CRA;21;0;0;0;0.03
10;CRA;21;0;0;0;0.03
10;CRA;21;0;0;0;0.03
10;CRA;21;0;0;0;0.03
10;CRA;21;0;0;0;0.03
10;CRA;21;0;0;0;0.03
10;CRA;21;0;0;0;0.03
10;CRA;21;0;0;0;0.03
10;CRA;21;0;0;0;0.03
10;CRA;21;0;0;0;0.03
10;CRA;21;0;0;0;0.03
10;CRA;21;0;0;0;0.03
10;CRA;21;0;0;0;0.03
10;CRA;21;0;0;0;0.03
10;CRA;21;0;0;0;0.03
10;CRA;21;0;0;0;0.03
10;CRA;21;0;0;0;0.03
10;CRA;117;0;0;0;0.62
10;CRA;85;0;0;0;0.62
10;CRA;83;0;0;0;0.62
10;CRA;81;0;0;0;0.62
10;CRA;80;0;0;0;0.62
10;CRA;80;0;0;0;0.62
10;CRA;79;0;0;0;0.62
10;CRA;78;0;0;0;0.62
10;CRA;78;0;0;0;0.62
10;CRA;78;0;0;0;0.62
10;CRA;78;0;0;0;0.62
10;CRA;77;0;0;0;0.62
10;CRA;77;0;0;0;0.62
10;CRA;77;0;0;0;0.62
10;CRA;77;0;0;0;0.62
10;CRA;77;0;0;0;0.62
10;CRA;77;0;0;0;0.62
10;CRA;77;0;0;0;0.62
10;CRA;76;0;0;0;0.62
10;CRA;76;0;0;0;0.62
80;ULT;1374388;0;0;0;396.39
80;ULT;1367438;0;0;0;396.39
80;ULT;1364506;0;0;0;396.39
80;ULT;1366057;0;0;0;396.39
80;ULT;1376298;0;0;0;396.39
80;ULT;1347831;0;0;0;396.39
80;ULT;1349416;0;0;0;396.39
80;ULT;1346471;0;0;0;396.39
80;ULT;1348528;0;0;0;396.39
80;ULT;1340944;0;0;0;396.39
80;ULT;1354206;0;0;0;396.39
80;ULT;1349670;0;0;0;396.39
80;ULT;1348536;0;0;0;396.39
80;ULT;1358977;0;0;0;396.39
80;ULT;1356266;0;0;0;396.39
80;ULT;1348511;0;0;0;396.39
80;ULT;1349165;0;0;0;396.39
80;ULT;1360484;0;0;0;396.39
80;ULT;1355201;0;0;0;396.39
80;ULT;1349309;0;0;0;396.39
80;ULT;2000000;0;0;1;571.54
80;ULT;2000000;0;0;1;571.28
80;ULT;2000000;0;0;1;570.81
80;ULT;2000000;0;0;1;570.75
80;ULT;2000001;0;0;1;570.84
80;ULT;2000000;0;0;1;570.80
80;ULT;2000001;0;0;1;570.57
80;ULT;2000000;0;0;1;570.11
80;ULT;2000000;0;0;1;570.48
80;ULT;2000001;0;0;1;559.79
80;ULT;2000001;0;0;1;575.14
80;ULT;2000001;0;0;1;573.70
80;ULT;2000000;0;0;1;576.32
80;ULT;2000002;0;0;1;575.58
80;ULT;2000000;0;0;1;575.13
80;ULT;2000001;0;0;1;575.07
80;ULT;2000000;0;0;1;595.80
80;ULT;2000001;0;0;1;596.23
80;ULT;2000000;0;0;1;596.88
80;ULT;2000000;0;0;1;597.35
80;RULT;56;0;0;0;0.39
80;RULT;54;0;0;0;0.39
80;RULT;55;0;0;0;0.39
80;RULT;55;0;0;0;0.39
80;RULT;55;0;0;0;0.39
80;RULT;56;0;0;0;0.39
80;RULT;54;0;0;0;0.39
80;RULT;55;0;0;0;0.39
80;RULT;55;0;0;0;0.39
80;RULT;55;0;0;0;0.39
80;RULT;55;0;0;0;0.39
80;RULT;54;0;0;0;0.39
80;RULT;56;0;0;0;0.39
80;RULT;55;0;0;0;0.39
80;RULT;55;0;0;0;0.39
80;RULT;55;0;0;0;0.39
80;RULT;55;0;0;0;0.39
80;RULT;55;0;0;0;0.39
80;RULT;55;0;0;0;0.39
80;RULT;56;0;0;0;0.39
80;RULT;160;0;0;0;1.43
80;RULT;160;0;0;0;1.43
80;RULT;160;0;0;0;1.43
80;RULT;159;0;0;0;1.43
80;RULT;159;0;0;0;1.43
80;RULT;160;0;0;0;1.43
80;RULT;159;0;0;0;1.43
80;RULT;159;0;0;0;1.43
80;RULT;159;0;0;0;1.43
80;RULT;160;0;0;0;1.43
80;RULT;160;0;0;0;1.43
80;RULT;159;0;0;0;1.43
80;RULT;159;0;0;0;1.43
80;RULT;159;0;0;0;1.43
80;RULT;159;0;0;0;1.43
80;RULT;159;0;0;0;1.43
80;RULT;160;0;0;0;1.43
80;RULT;159;0;0;0;1.43
80;RULT;160;0;0;0;1.43
80;RULT;159;0;0;0;1.43
80;ILP;206322;0;0;0;0.00
80;ILP;198086;0;0;0;0.00
80;ILP;196670;0;0;0;0.00
80;ILP;199800;0;0;0;0.00
80;ILP;200391;0;0;0;0.00
80;ILP;196144;0;0;0;0.00
80;ILP;193968;0;0;0;0.00
80;ILP;194632;0;0;0;0.00
80;ILP;196075;0;0;0;0.00
80;ILP;192017;0;0;0;0.00
80;ILP;192279;0;0;0;0.00
80;ILP;196384;0;0;0;0.00
80;ILP;194631;0;0;0;0.00
80;ILP;195290;0;0;0;0.00
80;ILP;193600;0;0;0;0.00
80;ILP;193986;0;0;0;0.00
80;ILP;196187;0;0;0;0.00
80;ILP;192292;0;0;0;0.00
80;ILP;192920;0;0;0;0.00
80;ILP;194182;0;0;0;0.00
80;ILP;204739;0;0;0;0.00
80;ILP;197967;0;0;0;0.00
80;ILP;199987;0;0;0;0.00
80;ILP;197971;0;0;0;0.00
80;ILP;199142;0;0;0;0.00
80;ILP;200333;0;0;0;0.00
80;ILP;196760;0;0;0;0.00
80;ILP;197044;0;0;0;0.00
80;ILP;200218;0;0;0;0.00
80;ILP;198537;0;0;0;0.00
80;ILP;196856;0;0;0;0.00
80;ILP;198990;0;0;0;0.00
80;ILP;197140;0;0;0;0.00
80;ILP;197134;0;0;0;0.00
80;ILP;196440;0;0;0;0.00
80;ILP;194851;0;0;0;0.00
80;ILP;199024;0;0;0;0.00
80;ILP;195559;0;0;0;0.00
80;ILP;196840;0;0;0;0.00
80;ILP;200969;0;0;0;0.00
80;CP;1022295;0;0;0;0.00
80;CP;949595;0;0;0;0.00
80;CP;950928;0;0;0;0.00
80;CP;952916;0;0;0;0.00
80;CP;952911;0;0;0;0.00
80;CP;953976;0;0;0;0.00
80;CP;949402;0;0;0;0.00
80;CP;952184;0;0;0;0.00
80;CP;948443;0;0;0;0.00
80;CP;952713;0;0;0;0.00
80;CP;951111;0;0;0;0.00
80;CP;956610;0;0;0;0.00
80;CP;956886;0;0;0;0.00
80;CP;954928;0;0;0;0.00
80;CP;942061;0;0;0;0.00
80;CP;938365;0;0;0;0.00
80;CP;1004631;0;0;0;0.00
80;CP;972572;0;0;0;0.00
80;CP;1003181;0;0;0;0.00
80;CP;972306;0;0;0;0.00
80;CP;1920678;0;0;0;0.00
80;CP;1818879;0;0;0;0.00
80;CP;1814009;0;0;0;0.00
80;CP;1816234;0;0;0;0.00
80;CP;1898935;0;0;0;0.00
80;CP;1930005;0;0;0;0.00
80;CP;1913461;0;0;0;0.00
80;CP;1919105;0;0;0;0.00
80;CP;1903923;0;0;0;0.00
80;CP;1900945;0;0;0;0.00
80;CP;1893293;0;0;0;0.00
80;CP;1914944;0;0;0;0.00
80;CP;1901102;0;0;0;0.00
80;CP;1926275;0;0;0;0.00
80;CP;1918929;0;0;0;0.00
80;CP;1915581;0;0;0;0.00
80;CP;1909107;0;0;0;0.00
80;CP;1900132;0;0;0;0.00
80;CP;1889818;0;0;0;0.00
80;CP;1908032;0;0;0;0.00
80;SCP;809264;0;0;0;0.00
80;SCP;748590;0;0;0;0.00
80;SCP;756510;0;0;0;0.00
80;SCP;751058;0;0;0;0.00
80;SCP;746195;0;0;0;0.00
80;SCP;749869;0;0;0;0.00
80;SCP;752289;0;0;0;0.00
80;SCP;758123;0;0;0;0.00
80;SCP;749328;0;0;0;0.00
80;SCP;758742;0;0;0;0.00
80;SCP;756731;0;0;0;0.00
80;SCP;753903;0;0;0;0.00
80;SCP;757636;0;0;0;0.00
80;SCP;757363;0;0;0;0.00
80;SCP;750682;0;0;0;0.00
80;SCP;751641;0;0;0;0.00
80;SCP;765121;0;0;0;0.00
80;SCP;751727;0;0;0;0.00
80;SCP;752624;0;0;0;0.00
80;SCP;749358;0;0;0;0.00
80;SCP;1903173;0;0;0;0.00
80;SCP;1894794;0;0;0;0.00
80;SCP;1895464;0;0;0;0.00
80;SCP;1894133;0;0;0;0.00
80;SCP;1894426;0;0;0;0.00
80;SCP;1895708;0;0;0;0.00
80;SCP;1897017;0;0;0;0.00
80;SCP;1898653;0;0;0;0.00
80;SCP;1903335;0;0;0;0.00
80;SCP;1899826;0;0;0;0.00
80;SCP;1895732;0;0;0;0.00
80;SCP;1899840;0;0;0;0.00
80;SCP;1895965;0;0;0;0.00
80;SCP;1901080;0;0;0;0.00
80;SCP;1905467;0;0;0;0.00
80;SCP;1898083;0;0;0;0.00
80;SCP;1900129;0;0;0;0.00
80;SCP;1907115;0;0;0;0.00
80;SCP;1898574;0;0;0;0.00
80;SCP;1900508;0;0;0;0.00
80;KAB;252;0;0;0;0.00
80;KAB;177;0;0;0;0.00
80;KAB;170;0;0;0;0.00
80;KAB;168;0;0;0;0.00
80;KAB;167;0;0;0;0.00
80;KAB;167;0;0;0;0.00
80;KAB;166;0;0;0;0.00
80;KAB;167;0;0;0;0.00
80;KAB;166;0;0;0;0.00
80;KAB;176;0;0;0;0.00
80;KAB;165;0;0;0;0.00
80;KAB;166;0;0;0;0.00
80;KAB;166;0;0;0;0.00
80;KAB;166;0;0;0;0.00
80;KAB;166;0;0;0;0.00
80;KAB;166;0;0;0;0.00
80;KAB;167;0;0;0;0.00
80;KAB;167;0;0;0;0.00
80;KAB;166;0;0;0;0.00
80;KAB;166;0;0;0;0.00
80;KAB;248;0;0;0;0.00
80;KAB;163;0;0;0;0.00
80;KAB;158;0;0;0;0.00
80;KAB;157;0;0;0;0.00
80;KAB;158;0;0;0;0.00
80;KAB;157;0;0;0;0.00
80;KAB;157;0;0;0;0.00
80;KAB;157;0;0;0;0.00
80;KAB;156;0;0;0;0.00
80;KAB;157;0;0;0;0.00
80;KAB;157;0;0;0;0.00
80;KAB;157;0;0;0;0.00
80;KAB;156;0;0;0;0.00
80;KAB;158;0;0;0;0.00
80;KAB;157;0;0;0;0.00
80;KAB;157;0;0;0;0.00
80;KAB;158;0;0;0;0.00
80;KAB;157;0;0;0;0.00
80;KAB;157;0;0;0;0.00
80;KAB;157;0;0;0;0.00
80;BFDC;123;0;0;0;0.60
80;BFDC;119;0;0;0;0.60
80;BFDC;118;0;0;0;0.60
80;BFDC;117;0;0;0;0.60
80;BFDC;117;0;0;0;0.60
80;BFDC;117;0;0;0;0.60
80;BFDC;117;0;0;0;0.60
80;BFDC;124;0;0;0;0.60
80;BFDC;116;0;0;0;0.60
80;BFDC;116;0;0;0;0.60
80;BFDC;117;0;0;0;0.60
80;BFDC;116;0;0;0;0.60
80;BFDC;117;0;0;0;0.60
80;BFDC;117;0;0;0;0.60
80;BFDC;116;0;0;0;0.60
80;BFDC;118;0;0;0;0.60
80;BFDC;120;0;0;0;0.60
80;BFDC;118;0;0;0;0.60
80;BFDC;118;0;0;0;0.60
80;BFDC;118;0;0;0;0.60
80;BFDC;447;0;0;0;2.36
80;BFDC;435;0;0;0;2.36
80;BFDC;431;0;0;0;2.36
80;BFDC;427;0;0;0;2.36
80;BFDC;427;0;0;0;2.36
80;BFDC;437;0;0;0;2.36
80;BFDC;426;0;0;0;2.36
80;BFDC;426;0;0;0;2.36
80;BFDC;426;0;0;0;2.36
80;BFDC;428;0;0;0;2.36
80;BFDC;427;0;0;0;2.36
80;BFDC;426;0;0;0;2.36
80;BFDC;425;0;0;0;2.36
80;BFDC;424;0;0;0;2.36
80;BFDC;426;0;0;0;2.36
80;BFDC;426;0;0;0;2.36
80;BFDC;427;0;0;0;2.36
80;BFDC;428;0;0;0;2.36
80;BFDC;426;0;0;0;2.36
80;BFDC;426;0;0;0;2.36
80;CRA;82;0;0;0;0.20
80;CRA;48;0;0;0;0.20
80;CRA;45;0;0;0;0.20
80;CRA;43;0;0;0;0.20
80;CRA;42;0;0;0;0.20
80;CRA;42;0;0;0;0.20
80;CRA;41;0;0;0;0.20
80;CRA;41;0;0;0;0.20
80;CRA;40;0;0;0;0.20
80;CRA;41;0;0;0;0.20
80;CRA;40;0;0;0;0.20
80;CRA;40;0;0;0;0.20
80;CRA;40;0;0;0;0.20
80;CRA;40;0;0;0;0.20
80;CRA;40;0;0;0;0.20
80;CRA;40;0;0;0;0.20
80;CRA;40;0;0;0;0.20
80;CRA;40;0;0;0;0.20
80;CRA;40;0;0;0;0.20
80;CRA;40;0;0;0;0.20
80;CRA;315;0;0;0;1.20
80;CRA;187;0;0;0;1.20
80;CRA;186;0;0;0;1.20
80;CRA;190;0;0;0;1.20
80;CRA;185;0;0;0;1.20
80;CRA;186;0;0;0;1.20
80;CRA;186;0;0;0;1.20
80;CRA;185;0;0;0;1.20
80;CRA;191;0;0;0;1.20
80;CRA;184;0;0;0;1.20
80;CRA;184;0;0;0;1.20
80;CRA;184;0;0;0;1.20
80;CRA;184;0;0;0;1.20
80;CRA;184;0;0;0;1.20
80;CRA;188;0;0;0;1.20
80;CRA;187;0;0;0;1.20
80;CRA;187;0;0;0;1.20
80;CRA;184;0;0;0;1.20
80;CRA;184;0;0;0;1.20
80;CRA;183;0;0;0;1.20
70;ULT;999266;0;0;0;302.52
70;ULT;1027278;0;0;0;302.52
70;ULT;1008848;0;0;0;302.52
70;ULT;1007284;0;0;0;302.52
70;ULT;997830;0;0;0;302.52
70;ULT;997877;0;0;0;302.52
70;ULT;998164;0;0;0;302.52
70;ULT;997880;0;0;0;302.52
70;ULT;999073;0;0;0;302.52
70;ULT;998238;0;0;0;302.52
70;ULT;998225;0;0;0;302.52
70;ULT;998204;0;0;0;302.52
70;ULT;998725;0;0;0;302.52
70;ULT;997854;0;0;0;302.52
70;ULT;997995;0;0;0;302.52
70;ULT;997554;0;0;0;302.52
70;ULT;997772;0;0;0;302.52
70;ULT;997804;0;0;0;302.52
70;ULT;997604;0;0;0;302.52
70;ULT;997868;0;0;0;302.52
70;ULT;2000001;0;0;1;605.17
70;ULT;2000000;0;0;1;605.00
70;ULT;2000000;0;0;1;605.04
70;ULT;2000000;0;0;1;605.06
70;ULT;2000000;0;0;1;604.95
70;ULT;2000000;0;0;1;604.60
70;ULT;2000001;0;0;1;577.76
70;ULT;2000000;0;0;1;571.54
70;ULT;2000000;0;0;1;572.03
70;ULT;2000000;0;0;1;572.33
70;ULT;2000000;0;0;1;572.03
70;ULT;2000001;0;0;1;571.91
70;ULT;2000000;0;0;1;572.22
70;ULT;2000000;0;0;1;572.18
70;ULT;2000001;0;0;1;571.81
70;ULT;2000000;0;0;1;572.06
70;ULT;2000001;0;0;1;577.58
70;ULT;2000000;0;0;1;572.84
70;ULT;2000000;0;0;1;569.42
70;ULT;2000000;0;0;1;576.23
70;RULT;67;0;0;0;0.51
70;RULT;66;0;0;0;0.51
70;RULT;66;0;0;0;0.51
70;RULT;66;0;0;0;0.51
70;RULT;66;0;0;0;0.51
70;RULT;67;0;0;0;0.51
70;RULT;66;0;0;0;0.51
70;RULT;66;0;0;0;0.51
70;RULT;66;0;0;0;0.51
70;RULT;66;0;0;0;0.51
70;RULT;66;0;0;0;0.51
70;RULT;66;0;0;0;0.51
70;RULT;66;0;0;0;0.51
70;RULT;65;0;0;0;0.51
70;RULT;66;0;0;0;0.51
70;RULT;66;0;0;0;0.51
70;RULT;67;0;0;0;0.51
70;RULT;66;0;0;0;0.51
70;RULT;71;0;0;0;0.51
70;RULT;67;0;0;0;0.51
70;RULT;65;0;0;0;0.48
70;RULT;64;0;0;0;0.48
70;RULT;64;0;0;0;0.48
70;RULT;65;0;0;0;0.48
70;RULT;64;0;0;0;0.48
70;RULT;63;0;0;0;0.48
70;RULT;63;0;0;0;0.48
70;RULT;64;0;0;0;0.48
70;RULT;63;0;0;0;0.48
70;RULT;70;0;0;0;0.48
70;RULT;64;0;0;0;0.48
70;RULT;64;0;0;0;0.48
70;RULT;64;0;0;0;0.48
70;RULT;64;0;0;0;0.48
70;RULT;64;0;0;0;0.48
70;RULT;63;0;0;0;0.48
70;RULT;64;0;0;0;0.48
70;RULT;64;0;0;0;0.48
70;RULT;64;0;0;0;0.48
70;RULT;64;0;0;0;0.48
70;ILP;178369;0;0;0;0.00
70;ILP;169815;0;0;0;0.00
70;ILP;172048;0;0;0;0.00
70;ILP;172644;0;0;0;0.00
70;ILP;170170;0;0;0;0.00
70;ILP;172655;0;0;0;0.00
70;ILP;176434;0;0;0;0.00
70;ILP;171171;0;0;0;0.00
70;ILP;170493;0;0;0;0.00
70;ILP;173321;0;0;0;0.00
70;ILP;174047;0;0;0;0.00
70;ILP;170535;0;0;0;0.00
70;ILP;170432;0;0;0;0.00
70;ILP;169827;0;0;0;0.00
70;ILP;172767;0;0;0;0.00
70;ILP;173395;0;0;0;0.00
70;ILP;170420;0;0;0;0.00
70;ILP;170999;0;0;0;0.00
70;ILP;173097;0;0;0;0.00
70;ILP;170295;0;0;0;0.00
70;ILP;184728;0;0;0;0.00
70;ILP;177165;0;0;0;0.00
70;ILP;169660;0;0;0;0.00
70;ILP;176327;0;0;0;0.00
70;ILP;177692;0;0;0;0.00
70;ILP;175668;0;0;0;0.00
70;ILP;175796;0;0;0;0.00
70;ILP;173831;0;0;0;0.00
70;ILP;175694;0;0;0;0.00
70;ILP;174026;0;0;0;0.00
70;ILP;174457;0;0;0;0.00
70;ILP;171407;0;0;0;0.00
70;ILP;173740;0;0;0;0.00
70;ILP;174185;0;0;0;0.00
70;ILP;175302;0;0;0;0.00
70;ILP;175423;0;0;0;0.00
70;ILP;168165;0;0;0;0.00
70;ILP;174053;0;0;0;0.00
70;ILP;177381;0;0;0;0.00
70;ILP;176117;0;0;0;0.00
70;CP;844110;0;0;0;0.00
70;CP;769799;0;0;0;0.00
70;CP;767196;0;0;0;0.00
70;CP;766857;0;0;0;0.00
70;CP;768049;0;0;0;0.00
70;CP;806187;0;0;0;0.00
70;CP;814054;0;0;0;0.00
70;CP;828416;0;0;0;0.00
70;CP;802051;0;0;0;0.00
70;CP;830806;0;0;0;0.00
70;CP;831122;0;0;0;0.00
70;CP;813505;0;0;0;0.00
70;CP;830838;0;0;0;0.00
70;CP;806007;0;0;0;0.00
70;CP;830611;0;0;0;0.00
70;CP;820305;0;0;0;0.00
70;CP;826829;0;0;0;0.00
70;CP;831497;0;0;0;0.00
70;CP;816957;0;0;0;0.00
70;CP;830017;0;0;0;0.00
70;CP;888751;0;0;0;0.00
70;CP;821385;0;0;0;0.00
70;CP;817058;0;0;0;0.00
70;CP;795182;0;0;0;0.00
70;CP;823928;0;0;0;0.00
70;CP;804570;0;0;0;0.00
70;CP;822978;0;0;0;0.00
70;CP;803563;0;0;0;0.00
70;CP;819997;0;0;0;0.00
70;CP;817745;0;0;0;0.00
70;CP;796214;0;0;0;0.00
70;CP;821524;0;0;0;0.00
70;CP;801933;0;0;0;0.00
70;CP;820986;0;0;0;0.00
70;CP;800088;0;0;0;0.00
70;CP;820245;0;0;0;0.00
70;CP;817669;0;0;0;0.00
70;CP;794729;0;0;0;0.00
70;CP;819752;0;0;0;0.00
70;CP;815837;0;0;0;0.00
70;SCP;1154141;0;0;0;0.00
70;SCP;1159888;0;0;0;0.00
70;SCP;1161838;0;0;0;0.00
70;SCP;1158544;0;0;0;0.00
70;SCP;1165511;0;0;0;0.00
70;SCP;1173453;0;0;0;0.00
70;SCP;1160190;0;0;0;0.00
70;SCP;1161864;0;0;0;0.00
70;SCP;1168153;0;0;0;0.00
70;SCP;1165463;0;0;0;0.00
70;SCP;1161475;0;0;0;0.00
70;SCP;1157788;0;0;0;0.00
70;SCP;1164593;0;0;0;0.00
70;SCP;1157533;0;0;0;0.00
70;SCP;1164513;0;0;0;0.00
70;SCP;1160487;0;0;0;0.00
70;SCP;1161523;0;0;0;0.00
70;SCP;1164976;0;0;0;0.00
70;SCP;1165721;0;0;0;0.00
70;SCP;1174792;0;0;0;0.00
70;SCP;1044744;0;0;0;0.00
70;SCP;1047895;0;0;0;0.00
70;SCP;1044632;0;0;0;0.00
70;SCP;1044641;0;0;0;0.00
70;SCP;1047320;0;0;0;0.00
70;SCP;1047596;0;0;0;0.00
70;SCP;1052539;0;0;0;0.00
70;SCP;1050476;0;0;0;0.00
70;SCP;1051490;0;0;0;0.00
70;SCP;1050078;0;0;0;0.00
70;SCP;1049075;0;0;0;0.00
70;SCP;1054307;0;0;0;0.00
70;SCP;1053546;0;0;0;0.00
70;SCP;1050243;0;0;0;0.00
70;SCP;1050126;0;0;0;0.00
70;SCP;1043328;0;0;0;0.00
70;SCP;1045673;0;0;0;0.00
70;SCP;1052783;0;0;0;0.00
70;SCP;1049718;0;0;0;0.00
70;SCP;1047323;0;0;0;0.00
70;KAB;212;0;0;0;0.00
70;KAB;145;0;0;0;0.00
70;KAB;147;0;0;0;0.00
70;KAB;146;0;0;0;0.00
70;KAB;134;0;0;0;0.00
70;KAB;133;0;0;0;0.00
70;KAB;133;0;0;0;0.00
70;KAB;132;0;0;0;0.00
70;KAB;134;0;0;0;0.00
70;KAB;133;0;0;0;0.00
70;KAB;133;0;0;0;0.00
70;KAB;133;0;0;0;0.00
70;KAB;133;0;0;0;0.00
70;KAB;135;0;0;0;0.00
70;KAB;141;0;0;0;0.00
70;KAB;141;0;0;0;0.00
70;KAB;138;0;0;0;0.00
70;KAB;132;0;0;0;0.00
70;KAB;132;0;0;0;0.00
70;KAB;132;0;0;0;0.00
70;KAB;206;0;0;0;0.00
70;KAB;143;0;0;0;0.00
70;KAB;136;0;0;0;0.00
70;KAB;135;0;0;0;0.00
70;KAB;135;0;0;0;0.00
70;KAB;134;0;0;0;0.00
70;KAB;142;0;0;0;0.00
70;KAB;135;0;0;0;0.00
70;KAB;133;0;0;0;0.00
70;KAB;134;0;0;0;0.00
70;KAB;134;0;0;0;0.00
70;KAB;134;0;0;0;0.00
70;KAB;134;0;0;0;0.00
70;KAB;134;0;0;0;0.00
70;KAB;135;0;0;0;0.00
70;KAB;133;0;0;0;0.00
70;KAB;151;0;0;0;0.00
70;KAB;155;0;0;0;0.00
70;KAB;131;0;0;0;0.00
70;KAB;141;0;0;0;0.00
70;BFDC;149;0;0;0;0.79
70;BFDC;143;0;0;0;0.79
70;BFDC;141;0;0;0;0.79
70;BFDC;141;0;0;0;0.79
70;BFDC;140;0;0;0;0.79
70;BFDC;140;0;0;0;0.79
70;BFDC;142;0;0;0;0.79
70;BFDC;141;0;0;0;0.79
70;BFDC;141;0;0;0;0.79
70;BFDC;140;0;0;0;0.79
70;BFDC;141;0;0;0;0.79
70;BFDC;141;0;0;0;0.79
70;BFDC;140;0;0;0;0.79
70;BFDC;141;0;0;0;0.79
70;BFDC;141;0;0;0;0.79
70;BFDC;141;0;0;0;0.79
70;BFDC;140;0;0;0;0.79
70;BFDC;141;0;0;0;0.79
70;BFDC;141;0;0;0;0.79
70;BFDC;140;0;0;0;0.79
70;BFDC;139;0;0;0;0.73
70;BFDC;134;0;0;0;0.73
70;BFDC;133;0;0;0;0.73
70;BFDC;133;0;0;0;0.73
70;BFDC;132;0;0;0;0.73
70;BFDC;132;0;0;0;0.73
70;BFDC;132;0;0;0;0.73
70;BFDC;133;0;0;0;0.73
70;BFDC;132;0;0;0;0.73
70;BFDC;131;0;0;0;0.73
70;BFDC;131;0;0;0;0.73
70;BFDC;133;0;0;0;0.73
70;BFDC;132;0;0;0;0.73
70;BFDC;133;0;0;0;0.73
70;BFDC;132;0;0;0;0.73
70;BFDC;132;0;0;0;0.73
70;BFDC;133;0;0;0;0.73
70;BFDC;132;0;0;0;0.73
70;BFDC;131;0;0;0;0.73
70;BFDC;131;0;0;0;0.73
70;CRA;64;0;0;0;0.15
70;CRA;42;0;0;0;0.15
70;CRA;39;0;0;0;0.15
70;CRA;38;0;0;0;0.15
70;CRA;37;0;0;0;0.15
70;CRA;37;0;0;0;0.15
70;CRA;36;0;0;0;0.15
70;CRA;36;0;0;0;0.15
70;CRA;36;0;0;0;0.15
70;CRA;36;0;0;0;0.15
70;CRA;36;0;0;0;0.15
70;CRA;36;0;0;0;0.15
70;CRA;36;0;0;0;0.15
70;CRA;42;0;0;0;0.15
70;CRA;36;0;0;0;0.15
70;CRA;35;0;0;0;0.15
70;CRA;35;0;0;0;0.15
70;CRA;35;0;0;0;0.15
70;CRA;36;0;0;0;0.15
70;CRA;36;0;0;0;0.15
70;CRA;102;0;0;0;0.47
70;CRA;87;0;0;0;0.47
70;CRA;85;0;0;0;0.47
70;CRA;83;0;0;0;0.47
70;CRA;81;0;0;0;0.47
70;CRA;81;0;0;0;0.47
70;CRA;80;0;0;0;0.47
70;CRA;79;0;0;0;0.47
70;CRA;78;0;0;0;0.47
70;CRA;78;0;0;0;0.47
70;CRA;78;0;0;0;0.47
70;CRA;77;0;0;0;0.47
70;CRA;77;0;0;0;0.47
70;CRA;76;0;0;0;0.47
70;CRA;77;0;0;0;0.47
70;CRA;76;0;0;0;0.47
70;CRA;75;0;0;0;0.47
70;CRA;76;0;0;0;0.47
70;CRA;76;0;0;0;0.47
70;CRA;76;0;0;0;0.47
20;RULT;64;0;0;0;0.59
20;RULT;69;0;0;0;0.59
20;RULT;64;0;0;0;0.59
20;RULT;63;0;0;0;0.59
20;RULT;63;0;0;0;0.59
20;RULT;64;0;0;0;0.59
20;RULT;64;0;0;0;0.59
20;RULT;63;0;0;0;0.59
20;RULT;64;0;0;0;0.59
20;RULT;64;0;0;0;0.59
20;RULT;63;0;0;0;0.59
20;RULT;63;0;0;0;0.59
20;RULT;63;0;0;0;0.59
20;RULT;63;0;0;0;0.59
20;RULT;63;0;0;0;0.59
20;RULT;63;0;0;0;0.59
20;RULT;63;0;0;0;0.59
20;RULT;63;0;0;0;0.59
20;RULT;63;0;0;0;0.59
20;RULT;63;0;0;0;0.59
20;RULT;1385;0;0;0;4.55
20;RULT;1324;0;0;0;4.55
20;RULT;1329;0;0;0;4.55
20;RULT;1315;0;0;0;4.55
20;RULT;1320;0;0;0;4.55
20;RULT;1315;0;0;0;4.55
20;RULT;1330;0;0;0;4.55
20;RULT;1325;0;0;0;4.55
20;RULT;1331;0;0;0;4.55
20;RULT;1323;0;0;0;4.55
20;RULT;1329;0;0;0;4.55
20;RULT;1312;0;0;0;4.55
20;RULT;1320;0;0;0;4.55
20;RULT;1313;0;0;0;4.55
20;RULT;1330;0;0;0;4.55
20;RULT;1313;0;0;0;4.55
20;RULT;1321;0;0;0;4.55
20;RULT;1311;0;0;0;4.55
20;RULT;1321;0;0;0;4.55
20;RULT;1315;0;0;0;4.55
20;ILP;56039;0;0;0;0.00
20;ILP;55039;0;0;0;0.00
20;ILP;56039;0;0;0;0.00
20;ILP;55889;0;0;0;0.00
20;ILP;55053;0;0;0;0.00
20;ILP;56058;0;0;0;0.00
20;ILP;55064;0;0;0;0.00
20;ILP;55349;0;0;0;0.00
20;ILP;55829;0;0;0;0.00
20;ILP;55190;0;0;0;0.00
20;ILP;56055;0;0;0;0.00
20;ILP;55743;0;0;0;0.00
20;ILP;54961;0;0;0;0.00
20;ILP;55011;0;0;0;0.00
20;ILP;54942;0;0;0;0.00
20;ILP;54932;0;0;0;0.00
20;ILP;55238;0;0;0;0.00
20;ILP;56452;0;0;0;0.00
20;ILP;56160;0;0;0;0.00
20;ILP;55742;0;0;0;0.00
20;ILP;67914;0;0;0;0.00
20;ILP;67771;0;0;0;0.00
20;ILP;69618;0;0;0;0.00
20;ILP;67745;0;0;0;0.00
20;ILP;67585;0;0;0;0.00
20;ILP;66755;0;0;0;0.00
20;ILP;68281;0;0;0;0.00
20;ILP;68025;0;0;0;0.00
20;ILP;68424;0;0;0;0.00
20;ILP;68606;0;0;0;0.00
20;ILP;67770;0;0;0;0.00
20;ILP;68076;0;0;0;0.00
20;ILP;66862;0;0;0;0.00
20;ILP;67058;0;0;0;0.00
20;ILP;67454;0;0;0;0.00
20;ILP;68248;0;0;0;0.00
20;ILP;67734;0;0;0;0.00
20;ILP;66222;0;0;0;0.00
20;ILP;68761;0;0;0;0.00
20;ILP;66397;0;0;0;0.00
20;CP;481205;0;0;0;0.00
20;CP;522146;0;0;0;0.00
20;CP;519301;0;0;0;0.00
20;CP;519576;0;0;0;0.00
20;CP;458060;0;0;0;0.00
20;CP;522270;0;0;0;0.00
20;CP;520521;0;0;0;0.00
20;CP;519585;0;0;0;0.00
20;CP;487852;0;0;0;0.00
20;CP;510182;0;0;0;0.00
20;CP;521963;0;0;0;0.00
20;CP;519857;0;0;0;0.00
20;CP;513153;0;0;0;0.00
20;CP;490722;0;0;0;0.00
20;CP;520992;0;0;0;0.00
20;CP;519958;0;0;0;0.00
20;CP;519713;0;0;0;0.00
20;CP;448711;0;0;0;0.00
20;CP;492787;0;0;0;0.00
20;CP;491100;0;0;0;0.00
20;CP;475729;0;0;0;0.00
20;CP;464356;0;0;0;0.00
20;CP;466516;0;0;0;0.00
20;CP;471440;0;0;0;0.00
20;CP;479693;0;0;0;0.00
20;CP;475800;0;0;0;0.00
20;CP;466426;0;0;0;0.00
20;CP;460993;0;0;0;0.00
20;CP;455441;0;0;0;0.00
20;CP;452330;0;0;0;0.00
20;CP;463567;0;0;0;0.00
20;CP;465965;0;0;0;0.00
20;CP;470076;0;0;0;0.00
20;CP;474933;0;0;0;0.00
20;CP;470053;0;0;0;0.00
20;CP;469122;0;0;0;0.00
20;CP;462658;0;0;0;0.00
20;CP;457129;0;0;0;0.00
20;CP;456296;0;0;0;0.00
20;CP;462551;0;0;0;0.00
20;SCP;545626;0;0;0;0.00
20;SCP;544832;0;0;0;0.00
20;SCP;547887;0;0;0;0.00
20;SCP;550575;0;0;0;0.00
20;SCP;550714;0;0;0;0.00
20;SCP;551050;0;0;0;0.00
20;SCP;548656;0;0;0;0.00
20;SCP;547902;0;0;0;0.00
20;SCP;547761;0;0;0;0.00
20;SCP;546427;0;0;0;0.00
20;SCP;547059;0;0;0;0.00
20;SCP;548403;0;0;0;0.00
20;SCP;551433;0;0;0;0.00
20;SCP;549003;0;0;0;0.00
20;SCP;548579;0;0;0;0.00
20;SCP;547890;0;0;0;0.00
20;SCP;549394;0;0;0;0.00
20;SCP;546843;0;0;0;0.00
20;SCP;546421;0;0;0;0.00
20;SCP;549830;0;0;0;0.00
20;SCP;437179;0;0;0;0.00
20;SCP;434148;0;0;0;0.00
20;SCP;433431;0;0;0;0.00
20;SCP;436926;0;0;0;0.00
20;SCP;436871;0;0;0;0.00
20;SCP;442084;0;0;0;0.00
20;SCP;439707;0;0;0;0.00
20;SCP;439999;0;0;0;0.00
20;SCP;440298;0;0;0;0.00
20;SCP;435359;0;0;0;0.00
20;SCP;439339;0;0;0;0.00
20;SCP;439755;0;0;0;0.00
20;SCP;439739;0;0;0;0.00
20;SCP;439033;0;0;0;0.00
20;SCP;436871;0;0;0;0.00
20;SCP;438660;0;0;0;0.00
20;SCP;441094;0;0;0;0.00
20;SCP;439791;0;0;0;0.00
20;SCP;406950;0;0;0;0.00
20;SCP;436781;0;0;0;0.00
20;KAB;502;0;0;0;0.00
20;KAB;134;0;0;0;0.00
20;KAB;132;0;0;0;0.00
20;KAB;131;0;0;0;0.00
20;KAB;131;0;0;0;0.00
20;KAB;131;0;0;0;0.00
20;KAB;130;0;0;0;0.00
20;KAB;131;0;0;0;0.00
20;KAB;130;0;0;0;0.00
20;KAB;131;0;0;0;0.00
20;KAB;131;0;0;0;0.00
20;KAB;131;0;0;0;0.00
20;KAB;131;0;0;0;0.00
20;KAB;130;0;0;0;0.00
20;KAB;131;0;0;0;0.00
20;KAB;131;0;0;0;0.00
20;KAB;130;0;0;0;0.00
20;KAB;130;0;0;0;0.00
20;KAB;130;0;0;0;0.00
20;KAB;131;0;0;0;0.00
20;KAB;675005;0;0;0;0.00
20;KAB;674018;0;0;0;0.00
20;KAB;673678;0;0;0;0.00
20;KAB;674016;0;0;0;0.00
20;KAB;673597;0;0;0;0.00
20;KAB;673528;0;0;0;0.00
20;KAB;672154;0;0;0;0.00
20;KAB;673733;0;0;0;0.00
20;KAB;673333;0;0;0;0.00
20;KAB;673923;0;0;0;0.00
20;KAB;673485;0;0;0;0.00
20;KAB;673860;0;0;0;0.00
20;KAB;673751;0;0;0;0.00
20;KAB;673247;0;0;0;0.00
20;KAB;674876;0;0;0;0.00
20;KAB;674255;0;0;0;0.00
20;KAB;674364;0;0;0;0.00
20;KAB;673232;0;0;0;0.00
20;KAB;674413;0;0;0;0.00
20;KAB;673727;0;0;0;0.00
20;BFDC;121;0;0;0;0.82
20;BFDC;124;0;0;0;0.82
20;BFDC;117;0;0;0;0.82
20;BFDC;116;0;0;0;0.82
20;BFDC;116;0;0;0;0.82
20;BFDC;116;0;0;0;0.82
20;BFDC;116;0;0;0;0.82
20;BFDC;115;0;0;0;0.82
20;BFDC;116;0;0;0;0.82
20;BFDC;116;0;0;0;0.82
20;BFDC;116;0;0;0;0.82
20;BFDC;116;0;0;0;0.82
20;BFDC;115;0;0;0;0.82
20;BFDC;116;0;0;0;0.82
20;BFDC;115;0;0;0;0.82
20;BFDC;116;0;0;0;0.82
20;BFDC;115;0;0;0;0.82
20;BFDC;115;0;0;0;0.82
20;BFDC;115;0;0;0;0.82
20;BFDC;116;0;0;0;0.82
20;BFDC;400;0;0;0;2.76
20;BFDC;408;0;0;0;2.76
20;BFDC;399;0;0;0;2.76
20;BFDC;399;0;0;0;2.76
20;BFDC;400;0;0;0;2.76
20;BFDC;397;0;0;0;2.76
20;BFDC;397;0;0;0;2.76
20;BFDC;398;0;0;0;2.76
20;BFDC;399;0;0;0;2.76
20;BFDC;405;0;0;0;2.76
20;BFDC;398;0;0;0;2.76
20;BFDC;399;0;0;0;2.76
20;BFDC;398;0;0;0;2.76
20;BFDC;398;0;0;0;2.76
20;BFDC;398;0;0;0;2.76
20;BFDC;398;0;0;0;2.76
20;BFDC;398;0;0;0;2.76
20;BFDC;400;0;0;0;2.76
20;BFDC;397;0;0;0;2.76
20;BFDC;399;0;0;0;2.76
20;CRA;129;0;0;0;0.59
20;CRA;93;0;0;0;0.59
20;CRA;90;0;0;0;0.59
20;CRA;88;0;0;0;0.59
20;CRA;88;0;0;0;0.59
20;CRA;87;0;0;0;0.59
20;CRA;86;0;0;0;0.59
20;CRA;85;0;0;0;0.59
20;CRA;85;0;0;0;0.59
20;CRA;85;0;0;0;0.59
20;CRA;85;0;0;0;0.59
20;CRA;84;0;0;0;0.59
20;CRA;84;0;0;0;0.59
20;CRA;84;0;0;0;0.59
20;CRA;83;0;0;0;0.59
20;CRA;83;0;0;0;0.59
20;CRA;83;0;0;0;0.59
20;CRA;89;0;0;0;0.59
20;CRA;84;0;0;0;0.59
20;CRA;84;0;0;0;0.59
20;CRA;72439;0;0;0;165.84
20;CRA;71927;0;0;0;165.84
20;CRA;71978;0;0;0;165.84
20;CRA;71949;0;0;0;165.84
20;CRA;71901;0;0;0;165.84
20;CRA;72015;0;0;0;165.84
20;CRA;71925;0;0;0;165.84
20;CRA;71921;0;0;0;165.84
20;CRA;72004;0;0;0;165.84
20;CRA;71935;0;0;0;165.84
20;CRA;71953;0;0;0;165.84
20;CRA;71932;0;0;0;165.84
20;CRA;71865;0;0;0;165.84
20;CRA;71945;0;0;0;165.84
20;CRA;71896;0;0;0;165.84
20;CRA;71929;0;0;0;165.84
20;CRA;71963;0;0;0;165.84
20;CRA;71928;0;0;0;165.84
20;CRA;71910;0;0;0;165.84
20;CRA;71921;0;0;0;165.84
90;RULT;1571;0;0;0;4.81
90;RULT;1575;0;0;0;4.81
90;RULT;1567;0;0;0;4.81
90;RULT;1573;0;0;0;4.81
90;RULT;1566;0;0;0;4.81
90;RULT;1567;0;0;0;4.81
90;RULT;1576;0;0;0;4.81
90;RULT;1570;0;0;0;4.81
90;RULT;1576;0;0;0;4.81
90;RULT;1566;0;0;0;4.81
90;RULT;1575;0;0;0;4.81
90;RULT;1569;0;0;0;4.81
90;RULT;1571;0;0;0;4.81
90;RULT;1581;0;0;0;4.81
90;RULT;1566;0;0;0;4.81
90;RULT;1574;0;0;0;4.81
90;RULT;1571;0;0;0;4.81
90;RULT;1570;0;0;0;4.81
90;RULT;1575;0;0;0;4.81
90;RULT;1571;0;0;0;4.81
90;RULT;1664;0;0;0;4.76
90;RULT;1561;0;0;0;4.76
90;RULT;1570;0;0;0;4.76
90;RULT;1567;0;0;0;4.76
90;RULT;1563;0;0;0;4.76
90;RULT;1573;0;0;0;4.76
90;RULT;1564;0;0;0;4.76
90;RULT;1574;0;0;0;4.76
90;RULT;1563;0;0;0;4.76
90;RULT;1560;0;0;0;4.76
90;RULT;1571;0;0;0;4.76
90;RULT;1563;0;0;0;4.76
90;RULT;1571;0;0;0;4.76
90;RULT;1561;0;0;0;4.76
90;RULT;1570;0;0;0;4.76
90;RULT;1564;0;0;0;4.76
90;RULT;1561;0;0;0;4.76
90;RULT;1570;0;0;0;4.76
90;RULT;1562;0;0;0;4.76
90;RULT;1567;0;0;0;4.76
90;ILP;263531;0;0;0;0.00
90;ILP;246709;0;0;0;0.00
90;ILP;244574;0;0;0;0.00
90;ILP;247020;0;0;0;0.00
90;ILP;252331;0;0;0;0.00
90;ILP;245217;0;0;0;0.00
90;ILP;244782;0;0;0;0.00
90;ILP;249608;0;0;0;0.00
90;ILP;252682;0;0;0;0.00
90;ILP;246783;0;0;0;0.00
90;ILP;246888;0;0;0;0.00
90;ILP;248479;0;0;0;0.00
90;ILP;253481;0;0;0;0.00
90;ILP;246470;0;0;0;0.00
90;ILP;246024;0;0;0;0.00
90;ILP;246144;0;0;0;0.00
90;ILP;253056;0;0;0;0.00
90;ILP;245988;0;0;0;0.00
90;ILP;245001;0;0;0;0.00
90;ILP;246287;0;0;0;0.00
90;ILP;266333;0;0;0;0.00
90;ILP;248660;0;0;0;0.00
90;ILP;252535;0;0;0;0.00
90;ILP;253075;0;0;0;0.00
90;ILP;252427;0;0;0;0.00
90;ILP;252943;0;0;0;0.00
90;ILP;249371;0;0;0;0.00
90;ILP;251832;0;0;0;0.00
90;ILP;252563;0;0;0;0.00
90;ILP;252710;0;0;0;0.00
90;ILP;249435;0;0;0;0.00
90;ILP;252636;0;0;0;0.00
90;ILP;253523;0;0;0;0.00
90;ILP;252581;0;0;0;0.00
90;ILP;253698;0;0;0;0.00
90;ILP;254835;0;0;0;0.00
90;ILP;255364;0;0;0;0.00
90;ILP;252894;0;0;0;0.00
90;ILP;252420;0;0;0;0.00
90;ILP;251440;0;0;0;0.00
90;SCP;1821118;0;0;0;0.00
90;SCP;1825228;0;0;0;0.00
90;SCP;1825166;0;0;0;0.00
90;SCP;1832258;0;0;0;0.00
90;SCP;1827892;0;0;0;0.00
90;SCP;1826393;0;0;0;0.00
90;SCP;1822952;0;0;0;0.00
90;SCP;1823796;0;0;0;0.00
90;SCP;1825168;0;0;0;0.00
90;SCP;1827797;0;0;0;0.00
90;SCP;1826840;0;0;0;0.00
90;SCP;1816463;0;0;0;0.00
90;SCP;1823628;0;0;0;0.00
90;SCP;1816443;0;0;0;0.00
90;SCP;1817227;0;0;0;0.00
90;SCP;1817204;0;0;0;0.00
90;SCP;1834535;0;0;0;0.00
90;SCP;1819388;0;0;0;0.00
90;SCP;1817973;0;0;0;0.00
90;SCP;1818752;0;0;0;0.00
90;SCP;2228810;0;0;1;0.00
90;SCP;2223216;0;0;1;0.00
90;SCP;2231906;0;0;1;0.00
90;SCP;2127059;0;0;1;0.00
90;SCP;2223071;0;0;1;0.00
90;SCP;2126305;0;0;1;0.00
90;SCP;2256290;0;0;1;0.00
90;SCP;2149641;0;0;1;0.00
90;SCP;2224462;0;0;1;0.00
90;SCP;2127324;0;0;1;0.00
90;SCP;2247694;0;0;1;0.00
90;SCP;2148566;0;0;1;0.00
90;SCP;2227000;0;0;1;0.00
90;SCP;2120546;0;0;1;0.00
90;SCP;2242961;0;0;1;0.00
90;SCP;2150612;0;0;1;0.00
90;SCP;2247717;0;0;1;0.00
90;SCP;2122579;0;0;1;0.00
90;SCP;2222998;0;0;1;0.00
90;SCP;2120296;0;0;1;0.00
90;KAB;613891;0;0;0;0.00
90;KAB;615588;0;0;0;0.00
90;KAB;615124;0;0;0;0.00
90;KAB;615281;0;0;0;0.00
90;KAB;615426;0;0;0;0.00
90;KAB;615992;0;0;0;0.00
90;KAB;615880;0;0;0;0.00
90;KAB;616064;0;0;0;0.00
90;KAB;616334;0;0;0;0.00
90;KAB;615147;0;0;0;0.00
90;KAB;615221;0;0;0;0.00
90;KAB;615361;0;0;0;0.00
90;KAB;615446;0;0;0;0.00
90;KAB;615080;0;0;0;0.00
90;KAB;615239;0;0;0;0.00
90;KAB;615543;0;0;0;0.00
90;KAB;615158;0;0;0;0.00
90;KAB;615196;0;0;0;0.00
90;KAB;615231;0;0;0;0.00
90;KAB;615628;0;0;0;0.00
90;KAB;597896;0;0;0;0.00
90;KAB;590686;0;0;0;0.00
90;KAB;589974;0;0;0;0.00
90;KAB;590718;0;0;0;0.00
90;KAB;590016;0;0;0;0.00
90;KAB;589772;0;0;0;0.00
90;KAB;590708;0;0;0;0.00
90;KAB;590331;0;0;0;0.00
90;KAB;590745;0;0;0;0.00
90;KAB;590378;0;0;0;0.00
90;KAB;590407;0;0;0;0.00
90;KAB;590442;0;0;0;0.00
90;KAB;590681;0;0;0;0.00
90;KAB;589500;0;0;0;0.00
90;KAB;590232;0;0;0;0.00
90;KAB;590074;0;0;0;0.00
90;KAB;589936;0;0;0;0.00
90;KAB;596749;0;0;0;0.00
90;KAB;589257;0;0;0;0.00
90;KAB;589966;0;0;0;0.00
90;BFDC;514;0;0;0;2.78
90;BFDC;510;0;0;0;2.78
90;BFDC;511;0;0;0;2.78
90;BFDC;515;0;0;0;2.78
90;BFDC;511;0;0;0;2.78
90;BFDC;511;0;0;0;2.78
90;BFDC;510;0;0;0;2.78
90;BFDC;509;0;0;0;2.78
90;BFDC;511;0;0;0;2.78
90;BFDC;516;0;0;0;2.78
90;BFDC;510;0;0;0;2.78
90;BFDC;509;0;0;0;2.78
90;BFDC;508;0;0;0;2.78
90;BFDC;511;0;0;0;2.78
90;BFDC;510;0;0;0;2.78
90;BFDC;514;0;0;0;2.78
90;BFDC;516;0;0;0;2.78
90;BFDC;516;0;0;0;2.78
90;BFDC;513;0;0;0;2.78
90;BFDC;511;0;0;0;2.78
90;BFDC;535;0;0;0;2.96
90;BFDC;531;0;0;0;2.96
90;BFDC;529;0;0;0;2.96
90;BFDC;530;0;0;0;2.96
90;BFDC;531;0;0;0;2.96
90;BFDC;532;0;0;0;2.96
90;BFDC;530;0;0;0;2.96
90;BFDC;531;0;0;0;2.96
90;BFDC;530;0;0;0;2.96
90;BFDC;542;0;0;0;2.96
90;BFDC;532;0;0;0;2.96
90;BFDC;532;0;0;0;2.96
90;BFDC;532;0;0;0;2.96
90;BFDC;532;0;0;0;2.96
90;BFDC;531;0;0;0;2.96
90;BFDC;536;0;0;0;2.96
90;BFDC;533;0;0;0;2.96
90;BFDC;531;0;0;0;2.96
90;BFDC;530;0;0;0;2.96
90;BFDC;530;0;0;0;2.96
90;CRA;4058;0;0;0;11.31
90;CRA;4027;0;0;0;11.31
90;CRA;4020;0;0;0;11.31
90;CRA;4022;0;0;0;11.31
90;CRA;4022;0;0;0;11.31
90;CRA;4018;0;0;0;11.31
90;CRA;4028;0;0;0;11.31
90;CRA;4027;0;0;0;11.31
90;CRA;4025;0;0;0;11.31
90;CRA;4024;0;0;0;11.31
90;CRA;4024;0;0;0;11.31
90;CRA;4021;0;0;0;11.31
90;CRA;4021;0;0;0;11.31
90;CRA;4032;0;0;0;11.31
90;CRA;4023;0;0;0;11.31
90;CRA;4020;0;0;0;11.31
90;CRA;4025;0;0;0;11.31
90;CRA;4017;0;0;0;11.31
90;CRA;4021;0;0;0;11.31
90;CRA;4017;0;0;0;11.31
90;CRA;107009;0;0;0;254.60
90;CRA;106309;0;0;0;254.60
90;CRA;106340;0;0;0;254.60
90;CRA;106360;0;0;0;254.60
90;CRA;106356;0;0;0;254.60
90;CRA;106311;0;0;0;254.60
90;CRA;106353;0;0;0;254.60
90;CRA;106353;0;0;0;254.60
90;CRA;106329;0;0;0;254.60
90;CRA;106368;0;0;0;254.60
90;CRA;106335;0;0;0;254.60
90;CRA;106345;0;0;0;254.60
90;CRA;106373;0;0;0;254.60
90;CRA;106387;0;0;0;254.60
90;CRA;106371;0;0;0;254.60
90;CRA;106340;0;0;0;254.60
90;CRA;106339;0;0;0;254.60
90;CRA;106365;0;0;0;254.60
90;CRA;106388;0;0;0;254.60
90;CRA;106306;0;0;0;254.60
5;ULT;799544;0;0;0;241.00
5;ULT;784867;0;0;0;241.00
5;ULT;788167;0;0;0;241.00
5;ULT;790556;0;0;0;241.00
5;ULT;785881;0;0;0;241.00
5;ULT;786863;0;0;0;241.00
5;ULT;790426;0;0;0;241.00
5;ULT;786092;0;0;0;241.00
5;ULT;783228;0;0;0;241.00
5;ULT;787342;0;0;0;241.00
5;ULT;797848;0;0;0;241.00
5;ULT;798044;0;0;0;241.00
5;ULT;797628;0;0;0;241.00
5;ULT;788083;0;0;0;241.00
5;ULT;783591;0;0;0;241.00
5;ULT;777694;0;0;0;241.00
5;ULT;805047;0;0;0;241.00
5;ULT;804171;0;0;0;241.00
5;ULT;800666;0;0;0;241.00
5;ULT;803364;0;0;0;241.00
5;ULT;2000001;0;0;1;559.26
5;ULT;2000001;0;0;1;580.16
5;ULT;2000000;0;0;1;580.36
5;ULT;2000001;0;0;1;580.11
5;ULT;2000001;0;0;1;580.32
5;ULT;2000001;0;0;1;580.39
5;ULT;2000001;0;0;1;579.99
5;ULT;2000001;0;0;1;580.27
5;ULT;2000000;0;0;1;580.15
5;ULT;2000000;0;0;1;580.18
5;ULT;2000000;0;0;1;580.24
5;ULT;2000000;0;0;1;580.15
5;ULT;2000001;0;0;1;580.10
5;ULT;2000000;0;0;1;579.68
5;ULT;2000001;0;0;1;579.97
5;ULT;2000001;0;0;1;579.95
5;ULT;2000001;0;0;1;579.83
5;ULT;2000000;0;0;1;579.93
5;ULT;2000001;0;0;1;579.86
5;ULT;2000000;0;0;1;579.74
5;RULT;108;0;0;0;1.23
5;RULT;108;0;0;0;1.23
5;RULT;107;0;0;0;1.23
5;RULT;108;0;0;0;1.23
5;RULT;107;0;0;0;1.23
5;RULT;108;0;0;0;1.23
5;RULT;107;0;0;0;1.23
5;RULT;107;0;0;0;1.23
5;RULT;107;0;0;0;1.23
5;RULT;107;0;0;0;1.23
5;RULT;107;0;0;0;1.23
5;RULT;106;0;0;0;1.23
5;RULT;107;0;0;0;1.23
5;RULT;107;0;0;0;1.23
5;RULT;106;0;0;0;1.23
5;RULT;107;0;0;0;1.23
5;RULT;107;0;0;0;1.23
5;RULT;107;0;0;0;1.23
5;RULT;107;0;0;0;1.23
5;RULT;107;0;0;0;1.23
5;RULT;106;0;0;0;1.22
5;RULT;106;0;0;0;1.22
5;RULT;105;0;0;0;1.22
5;RULT;106;0;0;0;1.22
5;RULT;112;0;0;0;1.22
5;RULT;104;0;0;0;1.22
5;RULT;105;0;0;0;1.22
5;RULT;105;0;0;0;1.22
5;RULT;105;0;0;0;1.22
5;RULT;105;0;0;0;1.22
5;RULT;106;0;0;0;1.22
5;RULT;105;0;0;0;1.22
5;RULT;105;0;0;0;1.22
5;RULT;104;0;0;0;1.22
5;RULT;106;0;0;0;1.22
5;RULT;106;0;0;0;1.22
5;RULT;105;0;0;0;1.22
5;RULT;105;0;0;0;1.22
5;RULT;105;0;0;0;1.22
5;RULT;105;0;0;0;1.22
5;ILP;19395;0;0;0;0.00
5;ILP;18485;0;0;0;0.00
5;ILP;18938;0;0;0;0.00
5;ILP;18343;0;0;0;0.00
5;ILP;18476;0;0;0;0.00
5;ILP;19607;0;0;0;0.00
5;ILP;19699;0;0;0;0.00
5;ILP;19573;0;0;0;0.00
5;ILP;19508;0;0;0;0.00
5;ILP;19365;0;0;0;0.00
5;ILP;19442;0;0;0;0.00
5;ILP;19508;0;0;0;0.00
5;ILP;19536;0;0;0;0.00
5;ILP;19493;0;0;0;0.00
5;ILP;19295;0;0;0;0.00
5;ILP;19257;0;0;0;0.00
5;ILP;19450;0;0;0;0.00
5;ILP;19493;0;0;0;0.00
5;ILP;19547;0;0;0;0.00
5;ILP;20234;0;0;0;0.00
5;ILP;19672;0;0;0;0.00
5;ILP;19250;0;0;0;0.00
5;ILP;19327;0;0;0;0.00
5;ILP;19130;0;0;0;0.00
5;ILP;19491;0;0;0;0.00
5;ILP;19504;0;0;0;0.00
5;ILP;19716;0;0;0;0.00
5;ILP;19983;0;0;0;0.00
5;ILP;19975;0;0;0;0.00
5;ILP;19397;0;0;0;0.00
5;ILP;19486;0;0;0;0.00
5;ILP;19456;0;0;0;0.00
5;ILP;19057;0;0;0;0.00
5;ILP;19337;0;0;0;0.00
5;ILP;19115;0;0;0;0.00
5;ILP;19956;0;0;0;0.00
5;ILP;19495;0;0;0;0.00
5;ILP;19257;0;0;0;0.00
5;ILP;19508;0;0;0;0.00
5;ILP;19418;0;0;0;0.00
5;CP;154174;0;0;0;0.00
5;CP;155134;0;0;0;0.00
5;CP;153798;0;0;0;0.00
5;CP;153978;0;0;0;0.00
5;CP;153440;0;0;0;0.00
5;CP;153567;0;0;0;0.00
5;CP;153148;0;0;0;0.00
5;CP;154047;0;0;0;0.00
5;CP;155472;0;0;0;0.00
5;CP;137487;0;0;0;0.00
5;CP;139354;0;0;0;0.00
5;CP;154960;0;0;0;0.00
5;CP;154489;0;0;0;0.00
5;CP;153815;0;0;0;0.00
5;CP;154286;0;0;0;0.00
5;CP;153741;0;0;0;0.00
5;CP;154058;0;0;0;0.00
5;CP;153743;0;0;0;0.00
5;CP;153894;0;0;0;0.00
5;CP;153625;0;0;0;0.00
5;CP;146921;0;0;0;0.00
5;CP;147371;0;0;0;0.00
5;CP;146215;0;0;0;0.00
5;CP;153419;0;0;0;0.00
5;CP;153027;0;0;0;0.00
5;CP;152657;0;0;0;0.00
5;CP;153362;0;0;0;0.00
5;CP;152258;0;0;0;0.00
5;CP;152257;0;0;0;0.00
5;CP;153099;0;0;0;0.00
5;CP;153413;0;0;0;0.00
5;CP;155750;0;0;0;0.00
5;CP;155030;0;0;0;0.00
5;CP;153049;0;0;0;0.00
5;CP;153001;0;0;0;0.00
5;CP;153047;0;0;0;0.00
5;CP;153628;0;0;0;0.00
5;CP;153735;0;0;0;0.00
5;CP;155887;0;0;0;0.00
5;CP;156894;0;0;0;0.00
5;SCP;90292;0;0;0;0.00
5;SCP;90874;0;0;0;0.00
5;SCP;90483;0;0;0;0.00
5;SCP;90541;0;0;0;0.00
5;SCP;90526;0;0;0;0.00
5;SCP;88189;0;0;0;0.00
5;SCP;85890;0;0;0;0.00
5;SCP;86182;0;0;0;0.00
5;SCP;87234;0;0;0;0.00
5;SCP;90227;0;0;0;0.00
5;SCP;90553;0;0;0;0.00
5;SCP;90601;0;0;0;0.00
5;SCP;90608;0;0;0;0.00
5;SCP;90792;0;0;0;0.00
5;SCP;90578;0;0;0;0.00
5;SCP;90591;0;0;0;0.00
5;SCP;90820;0;0;0;0.00
5;SCP;90686;0;0;0;0.00
5;SCP;91744;0;0;0;0.00
5;SCP;90397;0;0;0;0.00
5;SCP;89129;0;0;0;0.00
5;SCP;92230;0;0;0;0.00
5;SCP;91232;0;0;0;0.00
5;SCP;91222;0;0;0;0.00
5;SCP;88778;0;0;0;0.00
5;SCP;88675;0;0;0;0.00
5;SCP;89024;0;0;0;0.00
5;SCP;89147;0;0;0;0.00
5;SCP;88010;0;0;0;0.00
5;SCP;88953;0;0;0;0.00
5;SCP;88830;0;0;0;0.00
5;SCP;89340;0;0;0;0.00
5;SCP;88399;0;0;0;0.00
5;SCP;88332;0;0;0;0.00
5;SCP;89131;0;0;0;0.00
5;SCP;88993;0;0;0;0.00
5;SCP;88519;0;0;0;0.00
5;SCP;89025;0;0;0;0.00
5;SCP;90882;0;0;0;0.00
5;SCP;86538;0;0;0;0.00
5;KAB;417;0;0;0;0.00
5;KAB;96;0;0;0;0.00
5;KAB;94;0;0;0;0.00
5;KAB;89;0;0;0;0.00
5;KAB;90;0;0;0;0.00
5;KAB;90;0;0;0;0.00
5;KAB;89;0;0;0;0.00
5;KAB;90;0;0;0;0.00
5;KAB;89;0;0;0;0.00
5;KAB;89;0;0;0;0.00
5;KAB;88;0;0;0;0.00
5;KAB;90;0;0;0;0.00
5;KAB;90;0;0;0;0.00
5;KAB;88;0;0;0;0.00
5;KAB;89;0;0;0;0.00
5;KAB;90;0;0;0;0.00
5;KAB;89;0;0;0;0.00
5;KAB;89;0;0;0;0.00
5;KAB;88;0;0;0;0.00
5;KAB;89;0;0;0;0.00
5;KAB;453;0;0;0;0.00
5;KAB;115;0;0;0;0.00
5;KAB;107;0;0;0;0.00
5;KAB;105;0;0;0;0.00
5;KAB;106;0;0;0;0.00
5;KAB;106;0;0;0;0.00
5;KAB;106;0;0;0;0.00
5;KAB;106;0;0;0;0.00
5;KAB;105;0;0;0;0.00
5;KAB;106;0;0;0;0.00
5;KAB;106;0;0;0;0.00
5;KAB;105;0;0;0;0.00
5;KAB;106;0;0;0;0.00
5;KAB;106;0;0;0;0.00
5;KAB;107;0;0;0;0.00
5;KAB;106;0;0;0;0.00
5;KAB;106;0;0;0;0.00
5;KAB;106;0;0;0;0.00
5;KAB;106;0;0;0;0.00
5;KAB;106;0;0;0;0.00
5;BFDC;113;0;0;0;0.84
5;BFDC;112;0;0;0;0.84
5;BFDC;110;0;0;0;0.84
5;BFDC;110;0;0;0;0.84
5;BFDC;110;0;0;0;0.84
5;BFDC;109;0;0;0;0.84
5;BFDC;110;0;0;0;0.84
5;BFDC;110;0;0;0;0.84
5;BFDC;110;0;0;0;0.84
5;BFDC;110;0;0;0;0.84
5;BFDC;110;0;0;0;0.84
5;BFDC;110;0;0;0;0.84
5;BFDC;110;0;0;0;0.84
5;BFDC;110;0;0;0;0.84
5;BFDC;109;0;0;0;0.84
5;BFDC;115;0;0;0;0.84
5;BFDC;110;0;0;0;0.84
5;BFDC;110;0;0;0;0.84
5;BFDC;110;0;0;0;0.84
5;BFDC;110;0;0;0;0.84
5;BFDC;217;0;0;0;1.64
5;BFDC;216;0;0;0;1.64
5;BFDC;216;0;0;0;1.64
5;BFDC;215;0;0;0;1.64
5;BFDC;215;0;0;0;1.64
5;BFDC;215;0;0;0;1.64
5;BFDC;214;0;0;0;1.64
5;BFDC;215;0;0;0;1.64
5;BFDC;214;0;0;0;1.64
5;BFDC;215;0;0;0;1.64
5;BFDC;214;0;0;0;1.64
5;BFDC;214;0;0;0;1.64
5;BFDC;215;0;0;0;1.64
5;BFDC;215;0;0;0;1.64
5;BFDC;215;0;0;0;1.64
5;BFDC;214;0;0;0;1.64
5;BFDC;218;0;0;0;1.64
5;BFDC;219;0;0;0;1.64
5;BFDC;218;0;0;0;1.64
5;BFDC;215;0;0;0;1.64
5;CRA;120;0;0;0;0.98
5;CRA;116;0;0;0;0.98
5;CRA;114;0;0;0;0.98
5;CRA;113;0;0;0;0.98
5;CRA;113;0;0;0;0.98
5;CRA;112;0;0;0;0.98
5;CRA;111;0;0;0;0.98
5;CRA;111;0;0;0;0.98
5;CRA;111;0;0;0;0.98
5;CRA;111;0;0;0;0.98
5;CRA;111;0;0;0;0.98
5;CRA;115;0;0;0;0.98
5;CRA;110;0;0;0;0.98
5;CRA;110;0;0;0;0.98
5;CRA;110;0;0;0;0.98
5;CRA;109;0;0;0;0.98
5;CRA;109;0;0;0;0.98
5;CRA;109;0;0;0;0.98
5;CRA;109;0;0;0;0.98
5;CRA;110;0;0;0;0.98
5;CRA;125;0;0;0;0.99
5;CRA;120;0;0;0;0.99
5;CRA;118;0;0;0;0.99
5;CRA;118;0;0;0;0.99
5;CRA;117;0;0;0;0.99
5;CRA;116;0;0;0;0.99
5;CRA;116;0;0;0;0.99
5;CRA;116;0;0;0;0.99
5;CRA;116;0;0;0;0.99
5;CRA;115;0;0;0;0.99
5;CRA;121;0;0;0;0.99
5;CRA;115;0;0;0;0.99
5;CRA;115;0;0;0;0.99
5;CRA;115;0;0;0;0.99
5;CRA;115;0;0;0;0.99
5;CRA;115;0;0;0;0.99
5;CRA;114;0;0;0;0.99
5;CRA;114;0;0;0;0.99
5;CRA;114;0;0;0;0.99
5;CRA;114;0;0;0;0.99
40;RULT;92;0;0;0;0.85
40;RULT;92;0;0;0;0.85
40;RULT;91;0;0;0;0.85
40;RULT;92;0;0;0;0.85
40;RULT;92;0;0;0;0.85
40;RULT;92;0;0;0;0.85
40;RULT;91;0;0;0;0.85
40;RULT;91;0;0;0;0.85
40;RULT;91;0;0;0;0.85
40;RULT;91;0;0;0;0.85
40;RULT;91;0;0;0;0.85
40;RULT;92;0;0;0;0.85
40;RULT;92;0;0;0;0.85
40;RULT;91;0;0;0;0.85
40;RULT;92;0;0;0;0.85
40;RULT;97;0;0;0;0.85
40;RULT;92;0;0;0;0.85
40;RULT;91;0;0;0;0.85
40;RULT;91;0;0;0;0.85
40;RULT;91;0;0;0;0.85
40;RULT;65;0;0;0;0.53
40;RULT;64;0;0;0;0.53
40;RULT;64;0;0;0;0.53
40;RULT;64;0;0;0;0.53
40;RULT;64;0;0;0;0.53
40;RULT;64;0;0;0;0.53
40;RULT;64;0;0;0;0.53
40;RULT;64;0;0;0;0.53
40;RULT;64;0;0;0;0.53
40;RULT;64;0;0;0;0.53
40;RULT;64;0;0;0;0.53
40;RULT;64;0;0;0;0.53
40;RULT;64;0;0;0;0.53
40;RULT;64;0;0;0;0.53
40;RULT;65;0;0;0;0.53
40;RULT;64;0;0;0;0.53
40;RULT;64;0;0;0;0.53
40;RULT;64;0;0;0;0.53
40;RULT;64;0;0;0;0.53
40;RULT;64;0;0;0;0.53
40;ILP;105471;0;0;0;0.00
40;ILP;103916;0;0;0;0.00
40;ILP;105280;0;0;0;0.00
40;ILP;105194;0;0;0;0.00
40;ILP;105515;0;0;0;0.00
40;ILP;104999;0;0;0;0.00
40;ILP;105201;0;0;0;0.00
40;ILP;105538;0;0;0;0.00
40;ILP;107347;0;0;0;0.00
40;ILP;105998;0;0;0;0.00
40;ILP;102123;0;0;0;0.00
40;ILP;105810;0;0;0;0.00
40;ILP;105780;0;0;0;0.00
40;ILP;106672;0;0;0;0.00
40;ILP;105920;0;0;0;0.00
40;ILP;105621;0;0;0;0.00
40;ILP;105623;0;0;0;0.00
40;ILP;105776;0;0;0;0.00
40;ILP;106758;0;0;0;0.00
40;ILP;106003;0;0;0;0.00
40;ILP;105022;0;0;0;0.00
40;ILP;101280;0;0;0;0.00
40;ILP;100806;0;0;0;0.00
40;ILP;101592;0;0;0;0.00
40;ILP;105258;0;0;0;0.00
40;ILP;103559;0;0;0;0.00
40;ILP;102984;0;0;0;0.00
40;ILP;104115;0;0;0;0.00
40;ILP;104228;0;0;0;0.00
40;ILP;102517;0;0;0;0.00
40;ILP;102470;0;0;0;0.00
40;ILP;102166;0;0;0;0.00
40;ILP;101297;0;0;0;0.00
40;ILP;104665;0;0;0;0.00
40;ILP;101280;0;0;0;0.00
40;ILP;103605;0;0;0;0.00
40;ILP;101225;0;0;0;0.00
40;ILP;100933;0;0;0;0.00
40;ILP;105159;0;0;0;0.00
40;ILP;104384;0;0;0;0.00
40;CP;521009;0;0;0;0.00
40;CP;501514;0;0;0;0.00
40;CP;499025;0;0;0;0.00
40;CP;497196;0;0;0;0.00
40;CP;470772;0;0;0;0.00
40;CP;496891;0;0;0;0.00
40;CP;499301;0;0;0;0.00
40;CP;496523;0;0;0;0.00
40;CP;470339;0;0;0;0.00
40;CP;497459;0;0;0;0.00
40;CP;497050;0;0;0;0.00
40;CP;499735;0;0;0;0.00
40;CP;466476;0;0;0;0.00
40;CP;499358;0;0;0;0.00
40;CP;498447;0;0;0;0.00
40;CP;498319;0;0;0;0.00
40;CP;469228;0;0;0;0.00
40;CP;497620;0;0;0;0.00
40;CP;499448;0;0;0;0.00
40;CP;497698;0;0;0;0.00
40;CP;1035157;0;0;0;0.00
40;CP;957960;0;0;0;0.00
40;CP;976652;0;0;0;0.00
40;CP;984794;0;0;0;0.00
40;CP;957305;0;0;0;0.00
40;CP;983957;0;0;0;0.00
40;CP;935830;0;0;0;0.00
40;CP;982554;0;0;0;0.00
40;CP;945234;0;0;0;0.00
40;CP;985735;0;0;0;0.00
40;CP;949031;0;0;0;0.00
40;CP;980886;0;0;0;0.00
40;CP;977195;0;0;0;0.00
40;CP;962391;0;0;0;0.00
40;CP;981524;0;0;0;0.00
40;CP;954757;0;0;0;0.00
40;CP;983864;0;0;0;0.00
40;CP;940972;0;0;0;0.00
40;CP;983370;0;0;0;0.00
40;CP;944033;0;0;0;0.00
40;SCP;540309;0;0;0;0.00
40;SCP;541149;0;0;0;0.00
40;SCP;529613;0;0;0;0.00
40;SCP;535802;0;0;0;0.00
40;SCP;528110;0;0;0;0.00
40;SCP;532229;0;0;0;0.00
40;SCP;532867;0;0;0;0.00
40;SCP;540279;0;0;0;0.00
40;SCP;529123;0;0;0;0.00
40;SCP;537106;0;0;0;0.00
40;SCP;533433;0;0;0;0.00
40;SCP;532651;0;0;0;0.00
40;SCP;533125;0;0;0;0.00
40;SCP;529631;0;0;0;0.00
40;SCP;532942;0;0;0;0.00
40;SCP;529815;0;0;0;0.00
40;SCP;531490;0;0;0;0.00
40;SCP;531121;0;0;0;0.00
40;SCP;535477;0;0;0;0.00
40;SCP;528972;0;0;0;0.00
40;SCP;777770;0;0;0;0.00
40;SCP;780036;0;0;0;0.00
40;SCP;776837;0;0;0;0.00
40;SCP;778513;0;0;0;0.00
40;SCP;778444;0;0;0;0.00
40;SCP;776400;0;0;0;0.00
40;SCP;777984;0;0;0;0.00
40;SCP;780871;0;0;0;0.00
40;SCP;776567;0;0;0;0.00
40;SCP;780228;0;0;0;0.00
40;SCP;778399;0;0;0;0.00
40;SCP;779215;0;0;0;0.00
40;SCP;777695;0;0;0;0.00
40;SCP;777879;0;0;0;0.00
40;SCP;775657;0;0;0;0.00
40;SCP;776355;0;0;0;0.00
40;SCP;776717;0;0;0;0.00
40;SCP;776445;0;0;0;0.00
40;SCP;780308;0;0;0;0.00
40;SCP;776782;0;0;0;0.00
40;KAB;173;0;0;0;0.00
40;KAB;129;0;0;0;0.00
40;KAB;125;0;0;0;0.00
40;KAB;121;0;0;0;0.00
40;KAB;119;0;0;0;0.00
40;KAB;119;0;0;0;0.00
40;KAB;118;0;0;0;0.00
40;KAB;118;0;0;0;0.00
40;KAB;118;0;0;0;0.00
40;KAB;117;0;0;0;0.00
40;KAB;117;0;0;0;0.00
40;KAB;118;0;0;0;0.00
40;KAB;117;0;0;0;0.00
40;KAB;116;0;0;0;0.00
40;KAB;117;0;0;0;0.00
40;KAB;117;0;0;0;0.00
40;KAB;117;0;0;0;0.00
40;KAB;119;0;0;0;0.00
40;KAB;117;0;0;0;0.00
40;KAB;116;0;0;0;0.00
40;KAB;217;0;0;0;0.00
40;KAB;181;0;0;0;0.00
40;KAB;177;0;0;0;0.00
40;KAB;189;0;0;0;0.00
40;KAB;160;0;0;0;0.00
40;KAB;156;0;0;0;0.00
40;KAB;155;0;0;0;0.00
40;KAB;157;0;0;0;0.00
40;KAB;156;0;0;0;0.00
40;KAB;156;0;0;0;0.00
40;KAB;156;0;0;0;0.00
40;KAB;156;0;0;0;0.00
40;KAB;156;0;0;0;0.00
40;KAB;156;0;0;0;0.00
40;KAB;155;0;0;0;0.00
40;KAB;155;0;0;0;0.00
40;KAB;157;0;0;0;0.00
40;KAB;159;0;0;0;0.00
40;KAB;156;0;0;0;0.00
40;KAB;156;0;0;0;0.00
40;BFDC;191;0;0;0;1.28
40;BFDC;193;0;0;0;1.28
40;BFDC;187;0;0;0;1.28
40;BFDC;185;0;0;0;1.28
40;BFDC;185;0;0;0;1.28
40;BFDC;187;0;0;0;1.28
40;BFDC;188;0;0;0;1.28
40;BFDC;185;0;0;0;1.28
40;BFDC;185;0;0;0;1.28
40;BFDC;185;0;0;0;1.28
40;BFDC;186;0;0;0;1.28
40;BFDC;186;0;0;0;1.28
40;BFDC;185;0;0;0;1.28
40;BFDC;185;0;0;0;1.28
40;BFDC;186;0;0;0;1.28
40;BFDC;186;0;0;0;1.28
40;BFDC;186;0;0;0;1.28
40;BFDC;185;0;0;0;1.28
40;BFDC;186;0;0;0;1.28
40;BFDC;186;0;0;0;1.28
40;BFDC;31;0;0;0;0.12
40;BFDC;29;0;0;0;0.12
40;BFDC;28;0;0;0;0.12
40;BFDC;28;0;0;0;0.12
40;BFDC;28;0;0;0;0.12
40;BFDC;28;0;0;0;0.12
40;BFDC;28;0;0;0;0.12
40;BFDC;28;0;0;0;0.12
40;BFDC;28;0;0;0;0.12
40;BFDC;28;0;0;0;0.12
40;BFDC;28;0;0;0;0.12
40;BFDC;28;0;0;0;0.12
40;BFDC;28;0;0;0;0.12
40;BFDC;28;0;0;0;0.12
40;BFDC;28;0;0;0;0.12
40;BFDC;28;0;0;0;0.12
40;BFDC;28;0;0;0;0.12
40;BFDC;28;0;0;0;0.12
40;BFDC;28;0;0;0;0.12
40;BFDC;28;0;0;0;0.12
40;CRA;92;0;0;0;0.31
40;CRA;60;0;0;0;0.31
40;CRA;58;0;0;0;0.31
40;CRA;55;0;0;0;0.31
40;CRA;54;0;0;0;0.31
40;CRA;54;0;0;0;0.31
40;CRA;59;0;0;0;0.31
40;CRA;53;0;0;0;0.31
40;CRA;52;0;0;0;0.31
40;CRA;52;0;0;0;0.31
40;CRA;52;0;0;0;0.31
40;CRA;52;0;0;0;0.31
40;CRA;52;0;0;0;0.31
40;CRA;52;0;0;0;0.31
40;CRA;51;0;0;0;0.31
40;CRA;51;0;0;0;0.31
40;CRA;51;0;0;0;0.31
40;CRA;51;0;0;0;0.31
40;CRA;51;0;0;0;0.31
40;CRA;51;0;0;0;0.31
40;CRA;103;0;0;0;0.52
40;CRA;92;0;0;0;0.52
40;CRA;89;0;0;0;0.52
40;CRA;88;0;0;0;0.52
40;CRA;87;0;0;0;0.52
40;CRA;85;0;0;0;0.52
40;CRA;84;0;0;0;0.52
40;CRA;84;0;0;0;0.52
40;CRA;83;0;0;0;0.52
40;CRA;83;0;0;0;0.52
40;CRA;83;0;0;0;0.52
40;CRA;88;0;0;0;0.52
40;CRA;82;0;0;0;0.52
40;CRA;82;0;0;0;0.52
40;CRA;82;0;0;0;0.52
40;CRA;81;0;0;0;0.52
40;CRA;82;0;0;0;0.52
40;CRA;82;0;0;0;0.52
40;CRA;82;0;0;0;0.52
40;CRA;81;0;0;0;0.52
30;ULT;1854967;0;0;0;546.59
30;ULT;1863210;0;0;0;546.59
30;ULT;1869183;0;0;0;546.59
30;ULT;1870207;0;0;0;546.59
30;ULT;1866150;0;0;0;546.59
30;ULT;1860377;0;0;0;546.59
30;ULT;1848227;0;0;0;546.59
30;ULT;1852505;0;0;0;546.59
30;ULT;1861450;0;0;0;546.59
30;ULT;1865919;0;0;0;546.59
30;ULT;1866333;0;0;0;546.59
30;ULT;1868558;0;0;0;546.59
30;ULT;1833755;0;0;0;546.59
30;ULT;1813222;0;0;0;546.59
30;ULT;1853446;0;0;0;546.59
30;ULT;1878281;0;0;0;546.59
30;ULT;1891039;0;0;0;546.59
30;ULT;1881816;0;0;0;546.59
30;ULT;1877851;0;0;0;546.59
30;ULT;1874577;0;0;0;546.59
30;ULT;440744;0;0;0;132.47
30;ULT;449197;0;0;0;132.47
30;ULT;448590;0;0;0;132.47
30;ULT;440016;0;0;0;132.47
30;ULT;449126;0;0;0;132.47
30;ULT;447488;0;0;0;132.47
30;ULT;443928;0;0;0;132.47
30;ULT;449927;0;0;0;132.47
30;ULT;447427;0;0;0;132.47
30;ULT;446621;0;0;0;132.47
30;ULT;449643;0;0;0;132.47
30;ULT;448642;0;0;0;132.47
30;ULT;449386;0;0;0;132.47
30;ULT;448775;0;0;0;132.47
30;ULT;445258;0;0;0;132.47
30;ULT;450137;0;0;0;132.47
30;ULT;448458;0;0;0;132.47
30;ULT;440692;0;0;0;132.47
30;ULT;450195;0;0;0;132.47
30;ULT;449253;0;0;0;132.47
30;RULT;105;0;0;0;1.06
30;RULT;104;0;0;0;1.06
30;RULT;104;0;0;0;1.06
30;RULT;104;0;0;0;1.06
30;RULT;104;0;0;0;1.06
30;RULT;104;0;0;0;1.06
30;RULT;104;0;0;0;1.06
30;RULT;104;0;0;0;1.06
30;RULT;104;0;0;0;1.06
30;RULT;104;0;0;0;1.06
30;RULT;104;0;0;0;1.06
30;RULT;104;0;0;0;1.06
30;RULT;103;0;0;0;1.06
30;RULT;103;0;0;0;1.06
30;RULT;103;0;0;0;1.06
30;RULT;103;0;0;0;1.06
30;RULT;103;0;0;0;1.06
30;RULT;104;0;0;0;1.06
30;RULT;104;0;0;0;1.06
30;RULT;103;0;0;0;1.06
30;RULT;57;0;0;0;0.50
30;RULT;56;0;0;0;0.50
30;RULT;56;0;0;0;0.50
30;RULT;57;0;0;0;0.50
30;RULT;56;0;0;0;0.50
30;RULT;57;0;0;0;0.50
30;RULT;56;0;0;0;0.50
30;RULT;56;0;0;0;0.50
30;RULT;56;0;0;0;0.50
30;RULT;56;0;0;0;0.50
30;RULT;56;0;0;0;0.50
30;RULT;56;0;0;0;0.50
30;RULT;56;0;0;0;0.50
30;RULT;56;0;0;0;0.50
30;RULT;57;0;0;0;0.50
30;RULT;57;0;0;0;0.50
30;RULT;56;0;0;0;0.50
30;RULT;56;0;0;0;0.50
30;RULT;56;0;0;0;0.50
30;RULT;56;0;0;0;0.50
30;ILP;74044;0;0;0;0.00
30;ILP;75471;0;0;0;0.00
30;ILP;75373;0;0;0;0.00
30;ILP;75194;0;0;0;0.00
30;ILP;74863;0;0;0;0.00
30;ILP;75742;0;0;0;0.00
30;ILP;74835;0;0;0;0.00
30;ILP;74979;0;0;0;0.00
30;ILP;74796;0;0;0;0.00
30;ILP;72966;0;0;0;0.00
30;ILP;74821;0;0;0;0.00
30;ILP;74516;0;0;0;0.00
30;ILP;74703;0;0;0;0.00
30;ILP;75014;0;0;0;0.00
30;ILP;74559;0;0;0;0.00
30;ILP;74886;0;0;0;0.00
30;ILP;74779;0;0;0;0.00
30;ILP;75100;0;0;0;0.00
30;ILP;75324;0;0;0;0.00
30;ILP;75040;0;0;0;0.00
30;ILP;73653;0;0;0;0.00
30;ILP;73004;0;0;0;0.00
30;ILP;77019;0;0;0;0.00
30;ILP;76499;0;0;0;0.00
30;ILP;75820;0;0;0;0.00
30;ILP;75863;0;0;0;0.00
30;ILP;75916;0;0;0;0.00
30;ILP;76209;0;0;0;0.00
30;ILP;75759;0;0;0;0.00
30;ILP;76205;0;0;0;0.00
30;ILP;76701;0;0;0;0.00
30;ILP;75701;0;0;0;0.00
30;ILP;75769;0;0;0;0.00
30;ILP;75808;0;0;0;0.00
30;ILP;76131;0;0;0;0.00
30;ILP;74066;0;0;0;0.00
30;ILP;71820;0;0;0;0.00
30;ILP;74604;0;0;0;0.00
30;ILP;76059;0;0;0;0.00
30;ILP;75995;0;0;0;0.00
30;CP;775650;0;0;0;0.00
30;CP;728341;0;0;0;0.00
30;CP;746799;0;0;0;0.00
30;CP;732816;0;0;0;0.00
30;CP;731579;0;0;0;0.00
30;CP;742911;0;0;0;0.00
30;CP;711582;0;0;0;0.00
30;CP;729158;0;0;0;0.00
30;CP;739989;0;0;0;0.00
30;CP;706633;0;0;0;0.00
30;CP;728832;0;0;0;0.00
30;CP;734325;0;0;0;0.00
30;CP;706090;0;0;0;0.00
30;CP;732087;0;0;0;0.00
30;CP;733852;0;0;0;0.00
30;CP;704268;0;0;0;0.00
30;CP;732314;0;0;0;0.00
30;CP;734848;0;0;0;0.00
30;CP;703826;0;0;0;0.00
30;CP;731449;0;0;0;0.00
30;CP;418542;0;0;0;0.00
30;CP;386818;0;0;0;0.00
30;CP;381331;0;0;0;0.00
30;CP;354425;0;0;0;0.00
30;CP;383000;0;0;0;0.00
30;CP;383599;0;0;0;0.00
30;CP;382389;0;0;0;0.00
30;CP;386676;0;0;0;0.00
30;CP;351767;0;0;0;0.00
30;CP;382544;0;0;0;0.00
30;CP;387882;0;0;0;0.00
30;CP;390034;0;0;0;0.00
30;CP;383208;0;0;0;0.00
30;CP;349061;0;0;0;0.00
30;CP;382645;0;0;0;0.00
30;CP;382400;0;0;0;0.00
30;CP;382662;0;0;0;0.00
30;CP;383375;0;0;0;0.00
30;CP;347630;0;0;0;0.00
30;CP;383561;0;0;0;0.00
30;SCP;194290;0;0;0;0.00
30;SCP;194457;0;0;0;0.00
30;SCP;194319;0;0;0;0.00
30;SCP;194039;0;0;0;0.00
30;SCP;195430;0;0;0;0.00
30;SCP;193304;0;0;0;0.00
30;SCP;192691;0;0;0;0.00
30;SCP;191898;0;0;0;0.00
30;SCP;193828;0;0;0;0.00
30;SCP;193884;0;0;0;0.00
30;SCP;193995;0;0;0;0.00
30;SCP;193752;0;0;0;0.00
30;SCP;193322;0;0;0;0.00
30;SCP;193817;0;0;0;0.00
30;SCP;195068;0;0;0;0.00
30;SCP;194045;0;0;0;0.00
30;SCP;193508;0;0;0;0.00
30;SCP;193018;0;0;0;0.00
30;SCP;189982;0;0;0;0.00
30;SCP;192889;0;0;0;0.00
30;SCP;133930;0;0;0;0.00
30;SCP;137486;0;0;0;0.00
30;SCP;137718;0;0;0;0.00
30;SCP;137008;0;0;0;0.00
30;SCP;136648;0;0;0;0.00
30;SCP;137788;0;0;0;0.00
30;SCP;136356;0;0;0;0.00
30;SCP;136670;0;0;0;0.00
30;SCP;136640;0;0;0;0.00
30;SCP;136828;0;0;0;0.00
30;SCP;134188;0;0;0;0.00
30;SCP;135619;0;0;0;0.00
30;SCP;138592;0;0;0;0.00
30;SCP;137304;0;0;0;0.00
30;SCP;136918;0;0;0;0.00
30;SCP;137008;0;0;0;0.00
30;SCP;136742;0;0;0;0.00
30;SCP;137236;0;0;0;0.00
30;SCP;136646;0;0;0;0.00
30;SCP;138512;0;0;0;0.00
30;KAB;113;0;0;0;0.00
30;KAB;72;0;0;0;0.00
30;KAB;69;0;0;0;0.00
30;KAB;66;0;0;0;0.00
30;KAB;65;0;0;0;0.00
30;KAB;66;0;0;0;0.00
30;KAB;74;0;0;0;0.00
30;KAB;65;0;0;0;0.00
30;KAB;63;0;0;0;0.00
30;KAB;63;0;0;0;0.00
30;KAB;63;0;0;0;0.00
30;KAB;63;0;0;0;0.00
30;KAB;64;0;0;0;0.00
30;KAB;63;0;0;0;0.00
30;KAB;63;0;0;0;0.00
30;KAB;63;0;0;0;0.00
30;KAB;63;0;0;0;0.00
30;KAB;63;0;0;0;0.00
30;KAB;64;0;0;0;0.00
30;KAB;64;0;0;0;0.00
30;KAB;109;0;0;0;0.00
30;KAB;70;0;0;0;0.00
30;KAB;68;0;0;0;0.00
30;KAB;64;0;0;0;0.00
30;KAB;62;0;0;0;0.00
30;KAB;72;0;0;0;0.00
30;KAB;61;0;0;0;0.00
30;KAB;62;0;0;0;0.00
30;KAB;61;0;0;0;0.00
30;KAB;70;0;0;0;0.00
30;KAB;61;0;0;0;0.00
30;KAB;60;0;0;0;0.00
30;KAB;60;0;0;0;0.00
30;KAB;61;0;0;0;0.00
30;KAB;61;0;0;0;0.00
30;KAB;59;0;0;0;0.00
30;KAB;60;0;0;0;0.00
30;KAB;60;0;0;0;0.00
30;KAB;59;0;0;0;0.00
30;KAB;60;0;0;0;0.00
30;BFDC;221;0;0;0;1.59
30;BFDC;219;0;0;0;1.59
30;BFDC;219;0;0;0;1.59
30;BFDC;218;0;0;0;1.59
30;BFDC;218;0;0;0;1.59
30;BFDC;218;0;0;0;1.59
30;BFDC;218;0;0;0;1.59
30;BFDC;218;0;0;0;1.59
30;BFDC;217;0;0;0;1.59
30;BFDC;218;0;0;0;1.59
30;BFDC;222;0;0;0;1.59
30;BFDC;218;0;0;0;1.59
30;BFDC;218;0;0;0;1.59
30;BFDC;218;0;0;0;1.59
30;BFDC;217;0;0;0;1.59
30;BFDC;218;0;0;0;1.59
30;BFDC;217;0;0;0;1.59
30;BFDC;218;0;0;0;1.59
30;BFDC;218;0;0;0;1.59
30;BFDC;218;0;0;0;1.59
30;BFDC;105;0;0;0;0.70
30;BFDC;103;0;0;0;0.70
30;BFDC;102;0;0;0;0.70
30;BFDC;102;0;0;0;0.70
30;BFDC;108;0;0;0;0.70
30;BFDC;102;0;0;0;0.70
30;BFDC;102;0;0;0;0.70
30;BFDC;102;0;0;0;0.70
30;BFDC;102;0;0;0;0.70
30;BFDC;102;0;0;0;0.70
30;BFDC;101;0;0;0;0.70
30;BFDC;102;0;0;0;0.70
30;BFDC;102;0;0;0;0.70
30;BFDC;101;0;0;0;0.70
30;BFDC;101;0;0;0;0.70
30;BFDC;102;0;0;0;0.70
30;BFDC;102;0;0;0;0.70
30;BFDC;102;0;0;0;0.70
30;BFDC;101;0;0;0;0.70
30;BFDC;102;0;0;0;0.70
30;CRA;126;0;0;0;0.59
30;CRA;92;0;0;0;0.59
30;CRA;90;0;0;0;0.59
30;CRA;88;0;0;0;0.59
30;CRA;86;0;0;0;0.59
30;CRA;86;0;0;0;0.59
30;CRA;86;0;0;0;0.59
30;CRA;85;0;0;0;0.59
30;CRA;84;0;0;0;0.59
30;CRA;84;0;0;0;0.59
30;CRA;84;0;0;0;0.59
30;CRA;83;0;0;0;0.59
30;CRA;84;0;0;0;0.59
30;CRA;83;0;0;0;0.59
30;CRA;83;0;0;0;0.59
30;CRA;83;0;0;0;0.59
30;CRA;83;0;0;0;0.59
30;CRA;83;0;0;0;0.59
30;CRA;82;0;0;0;0.59
30;CRA;82;0;0;0;0.59
30;CRA;76;0;0;0;0.25
30;CRA;50;0;0;0;0.25
30;CRA;47;0;0;0;0.25
30;CRA;46;0;0;0;0.25
30;CRA;45;0;0;0;0.25
30;CRA;44;0;0;0;0.25
30;CRA;44;0;0;0;0.25
30;CRA;44;0;0;0;0.25
30;CRA;44;0;0;0;0.25
30;CRA;44;0;0;0;0.25
30;CRA;43;0;0;0;0.25
30;CRA;43;0;0;0;0.25
30;CRA;43;0;0;0;0.25
30;CRA;43;0;0;0;0.25
30;CRA;43;0;0;0;0.25
30;CRA;43;0;0;0;0.25
30;CRA;43;0;0;0;0.25
30;CRA;43;0;0;0;0.25
30;CRA;43;0;0;0;0.25
30;CRA;43;0;0;0;0.25
