Size;Method;Time;Status;Solution;Timeout;Scans
1600;ULT;1158224;0;0;0;549.81
1600;ULT;1161806;0;0;0;549.81
1600;ULT;1174315;0;0;0;549.81
1600;ULT;1156115;0;0;0;549.81
1600;ULT;1178860;0;0;0;549.81
1600;ULT;1178313;0;0;0;549.81
1600;ULT;1154937;0;0;0;549.81
1600;ULT;1154737;0;0;0;549.81
1600;ULT;1152944;0;0;0;549.81
1600;ULT;1159450;0;0;0;549.81
1600;ULT;1156525;0;0;0;549.81
1600;ULT;1162181;0;0;0;549.81
1600;ULT;1162824;0;0;0;549.81
1600;ULT;1162191;0;0;0;549.81
1600;ULT;1165497;0;0;0;549.81
1600;ULT;1157746;0;0;0;549.81
1600;ULT;1165395;0;0;0;549.81
1600;ULT;1157418;0;0;0;549.81
1600;ULT;1165349;0;0;0;549.81
1600;ULT;1154401;0;0;0;549.81
1600;ULT;110108;0;0;0;52.37
1600;ULT;109918;0;0;0;52.37
1600;ULT;109890;0;0;0;52.37
1600;ULT;110460;0;0;0;52.37
1600;ULT;110633;0;0;0;52.37
1600;ULT;111229;0;0;0;52.37
1600;ULT;110222;0;0;0;52.37
1600;ULT;109759;0;0;0;52.37
1600;ULT;109816;0;0;0;52.37
1600;ULT;109787;0;0;0;52.37
1600;ULT;109765;0;0;0;52.37
1600;ULT;110424;0;0;0;52.37
1600;ULT;109804;0;0;0;52.37
1600;ULT;109830;0;0;0;52.37
1600;ULT;109675;0;0;0;52.37
1600;ULT;110418;0;0;0;52.37
1600;ULT;110387;0;0;0;52.37
1600;ULT;110337;0;0;0;52.37
1600;ULT;110546;0;0;0;52.37
1600;ULT;109625;0;0;0;52.37
1600;ULT;666908;0;0;0;320.32
1600;ULT;666729;0;0;0;320.32
1600;ULT;666753;0;0;0;320.32
1600;ULT;667336;0;0;0;320.32
1600;ULT;667326;0;0;0;320.32
1600;ULT;668221;0;0;0;320.32
1600;ULT;674133;0;0;0;320.32
1600;ULT;669270;0;0;0;320.32
1600;ULT;667706;0;0;0;320.32
1600;ULT;667396;0;0;0;320.32
1600;ULT;672161;0;0;0;320.32
1600;ULT;671744;0;0;0;320.32
1600;ULT;671294;0;0;0;320.32
1600;ULT;667180;0;0;0;320.32
1600;ULT;672501;0;0;0;320.32
1600;ULT;672401;0;0;0;320.32
1600;ULT;670190;0;0;0;320.32
1600;ULT;670138;0;0;0;320.32
1600;ULT;671804;0;0;0;320.32
1600;ULT;673086;0;0;0;320.32
1600;RULT;63;0;0;0;0.78
1600;RULT;63;0;0;0;0.78
1600;RULT;63;0;0;0;0.78
1600;RULT;63;0;0;0;0.78
1600;RULT;63;0;0;0;0.78
1600;RULT;63;0;0;0;0.78
1600;RULT;63;0;0;0;0.78
1600;RULT;63;0;0;0;0.78
1600;RULT;63;0;0;0;0.78
1600;RULT;63;0;0;0;0.78
1600;RULT;63;0;0;0;0.78
1600;RULT;62;0;0;0;0.78
1600;RULT;63;0;0;0;0.78
1600;RULT;62;0;0;0;0.78
1600;RULT;62;0;0;0;0.78
1600;RULT;62;0;0;0;0.78
1600;RULT;63;0;0;0;0.78
1600;RULT;64;0;0;0;0.78
1600;RULT;62;0;0;0;0.78
1600;RULT;63;0;0;0;0.78
1600;RULT;34;0;0;0;0.36
1600;RULT;34;0;0;0;0.36
1600;RULT;33;0;0;0;0.36
1600;RULT;40;0;0;0;0.36
1600;RULT;34;0;0;0;0.36
1600;RULT;34;0;0;0;0.36
1600;RULT;33;0;0;0;0.36
1600;RULT;34;0;0;0;0.36
1600;RULT;34;0;0;0;0.36
1600;RULT;33;0;0;0;0.36
1600;RULT;34;0;0;0;0.36
1600;RULT;33;0;0;0;0.36
1600;RULT;34;0;0;0;0.36
1600;RULT;33;0;0;0;0.36
1600;RULT;34;0;0;0;0.36
1600;RULT;33;0;0;0;0.36
1600;RULT;34;0;0;0;0.36
1600;RULT;34;0;0;0;0.36
1600;RULT;33;0;0;0;0.36
1600;RULT;34;0;0;0;0.36
1600;RULT;79;0;0;0;0.99
1600;RULT;78;0;0;0;0.99
1600;RULT;78;0;0;0;0.99
1600;RULT;77;0;0;0;0.99
1600;RULT;77;0;0;0;0.99
1600;RULT;78;0;0;0;0.99
1600;RULT;78;0;0;0;0.99
1600;RULT;78;0;0;0;0.99
1600;RULT;78;0;0;0;0.99
1600;RULT;78;0;0;0;0.99
1600;RULT;78;0;0;0;0.99
1600;RULT;78;0;0;0;0.99
1600;RULT;78;0;0;0;0.99
1600;RULT;78;0;0;0;0.99
1600;RULT;78;0;0;0;0.99
1600;RULT;78;0;0;0;0.99
1600;RULT;78;0;0;0;0.99
1600;RULT;78;0;0;0;0.99
1600;RULT;78;0;0;0;0.99
1600;RULT;78;0;0;0;0.99
1600;ILP;28200;0;0;0;0.00
1600;ILP;27922;0;0;0;0.00
1600;ILP;28498;0;0;0;0.00
1600;ILP;28198;0;0;0;0.00
1600;ILP;28423;0;0;0;0.00
1600;ILP;28295;0;0;0;0.00
1600;ILP;28553;0;0;0;0.00
1600;ILP;28382;0;0;0;0.00
1600;ILP;28393;0;0;0;0.00
1600;ILP;28373;0;0;0;0.00
1600;ILP;28585;0;0;0;0.00
1600;ILP;28578;0;0;0;0.00
1600;ILP;28546;0;0;0;0.00
1600;ILP;28303;0;0;0;0.00
1600;ILP;28272;0;0;0;0.00
1600;ILP;28328;0;0;0;0.00
1600;ILP;28402;0;0;0;0.00
1600;ILP;28235;0;0;0;0.00
1600;ILP;28518;0;0;0;0.00
1600;ILP;28277;0;0;0;0.00
1600;ILP;28422;0;0;0;0.00
1600;ILP;28405;0;0;0;0.00
1600;ILP;28364;0;0;0;0.00
1600;ILP;28110;0;0;0;0.00
1600;ILP;27859;0;0;0;0.00
1600;ILP;28166;0;0;0;0.00
1600;ILP;28277;0;0;0;0.00
1600;ILP;28268;0;0;0;0.00
1600;ILP;28323;0;0;0;0.00
1600;ILP;28480;0;0;0;0.00
1600;ILP;28162;0;0;0;0.00
1600;ILP;28378;0;0;0;0.00
1600;ILP;28217;0;0;0;0.00
1600;ILP;28431;0;0;0;0.00
1600;ILP;28472;0;0;0;0.00
1600;ILP;28440;0;0;0;0.00
1600;ILP;28320;0;0;0;0.00
1600;ILP;28227;0;0;0;0.00
1600;ILP;28644;0;0;0;0.00
1600;ILP;28382;0;0;0;0.00
1600;ILP;27640;0;0;0;0.00
1600;ILP;26926;0;0;0;0.00
1600;ILP;27240;0;0;0;0.00
1600;ILP;26980;0;0;0;0.00
1600;ILP;27424;0;0;0;0.00
1600;ILP;26950;0;0;0;0.00
1600;ILP;27219;0;0;0;0.00
1600;ILP;26954;0;0;0;0.00
1600;ILP;26671;0;0;0;0.00
1600;ILP;26978;0;0;0;0.00
1600;ILP;27064;0;0;0;0.00
1600;ILP;27553;0;0;0;0.00
1600;ILP;28092;0;0;0;0.00
1600;ILP;28124;0;0;0;0.00
1600;ILP;27850;0;0;0;0.00
1600;ILP;27847;0;0;0;0.00
1600;ILP;27401;0;0;0;0.00
1600;ILP;27484;0;0;0;0.00
1600;ILP;27441;0;0;0;0.00
1600;ILP;27503;0;0;0;0.00
1600;CP;129855;0;0;0;0.00
1600;CP;129840;0;0;0;0.00
1600;CP;129601;0;0;0;0.00
1600;CP;129340;0;0;0;0.00
1600;CP;129576;0;0;0;0.00
1600;CP;121688;0;0;0;0.00
1600;CP;113402;0;0;0;0.00
1600;CP;113260;0;0;0;0.00
1600;CP;113082;0;0;0;0.00
1600;CP;112559;0;0;0;0.00
1600;CP;113049;0;0;0;0.00
1600;CP;111734;0;0;0;0.00
1600;CP;129784;0;0;0;0.00
1600;CP;129418;0;0;0;0.00
1600;CP;129726;0;0;0;0.00
1600;CP;129957;0;0;0;0.00
1600;CP;129698;0;0;0;0.00
1600;CP;130039;0;0;0;0.00
1600;CP;129729;0;0;0;0.00
1600;CP;129638;0;0;0;0.00
1600;CP;109499;0;0;0;0.00
1600;CP;117510;0;0;0;0.00
1600;CP;121256;0;0;0;0.00
1600;CP;120876;0;0;0;0.00
1600;CP;120809;0;0;0;0.00
1600;CP;120863;0;0;0;0.00
1600;CP;120624;0;0;0;0.00
1600;CP;120892;0;0;0;0.00
1600;CP;120054;0;0;0;0.00
1600;CP;120241;0;0;0;0.00
1600;CP;113536;0;0;0;0.00
1600;CP;112785;0;0;0;0.00
1600;CP;121069;0;0;0;0.00
1600;CP;120798;0;0;0;0.00
1600;CP;121058;0;0;0;0.00
1600;CP;120994;0;0;0;0.00
1600;CP;120780;0;0;0;0.00
1600;CP;120344;0;0;0;0.00
1600;CP;120889;0;0;0;0.00
1600;CP;120686;0;0;0;0.00
1600;CP;125021;0;0;0;0.00
1600;CP;125573;0;0;0;0.00
1600;CP;126063;0;0;0;0.00
1600;CP;126242;0;0;0;0.00
1600;CP;126047;0;0;0;0.00
1600;CP;126287;0;0;0;0.00
1600;CP;126307;0;0;0;0.00
1600;CP;126074;0;0;0;0.00
1600;CP;125891;0;0;0;0.00
1600;CP;125567;0;0;0;0.00
1600;CP;126043;0;0;0;0.00
1600;CP;114690;0;0;0;0.00
1600;CP;108916;0;0;0;0.00
1600;CP;108696;0;0;0;0.00
1600;CP;108305;0;0;0;0.00
1600;CP;110780;0;0;0;0.00
1600;CP;110315;0;0;0;0.00
1600;CP;140080;0;0;0;0.00
1600;CP;141462;0;0;0;0.00
1600;CP;141766;0;0;0;0.00
1600;SCP;97268;0;0;0;0.00
1600;SCP;97026;0;0;0;0.00
1600;SCP;97170;0;0;0;0.00
1600;SCP;97035;0;0;0;0.00
1600;SCP;97669;0;0;0;0.00
1600;SCP;98778;0;0;0;0.00
1600;SCP;97731;0;0;0;0.00
1600;SCP;98821;0;0;0;0.00
1600;SCP;96819;0;0;0;0.00
1600;SCP;93108;0;0;0;0.00
1600;SCP;93007;0;0;0;0.00
1600;SCP;94088;0;0;0;0.00
1600;SCP;93552;0;0;0;0.00
1600;SCP;93687;0;0;0;0.00
1600;SCP;93695;0;0;0;0.00
1600;SCP;93954;0;0;0;0.00
1600;SCP;94967;0;0;0;0.00
1600;SCP;98684;0;0;0;0.00
1600;SCP;97707;0;0;0;0.00
1600;SCP;98338;0;0;0;0.00
1600;SCP;172983;0;0;0;0.00
1600;SCP;170872;0;0;0;0.00
1600;SCP;171296;0;0;0;0.00
1600;SCP;171155;0;0;0;0.00
1600;SCP;171511;0;0;0;0.00
1600;SCP;171640;0;0;0;0.00
1600;SCP;175898;0;0;0;0.00
1600;SCP;172569;0;0;0;0.00
1600;SCP;170024;0;0;0;0.00
1600;SCP;170955;0;0;0;0.00
1600;SCP;170898;0;0;0;0.00
1600;SCP;172603;0;0;0;0.00
1600;SCP;171335;0;0;0;0.00
1600;SCP;171266;0;0;0;0.00
1600;SCP;171313;0;0;0;0.00
1600;SCP;170719;0;0;0;0.00
1600;SCP;170066;0;0;0;0.00
1600;SCP;171409;0;0;0;0.00
1600;SCP;171238;0;0;0;0.00
1600;SCP;170896;0;0;0;0.00
1600;SCP;159669;0;0;0;0.00
1600;SCP;157606;0;0;0;0.00
1600;SCP;155763;0;0;0;0.00
1600;SCP;157821;0;0;0;0.00
1600;SCP;155847;0;0;0;0.00
1600;SCP;155092;0;0;0;0.00
1600;SCP;158556;0;0;0;0.00
1600;SCP;156174;0;0;0;0.00
1600;SCP;160357;0;0;0;0.00
1600;SCP;166705;0;0;0;0.00
1600;SCP;152964;0;0;0;0.00
1600;SCP;153860;0;0;0;0.00
1600;SCP;153924;0;0;0;0.00
1600;SCP;153361;0;0;0;0.00
1600;SCP;154576;0;0;0;0.00
1600;SCP;154400;0;0;0;0.00
1600;SCP;149862;0;0;0;0.00
1600;SCP;149776;0;0;0;0.00
1600;SCP;149538;0;0;0;0.00
1600;SCP;149704;0;0;0;0.00
1600;KAB;758;0;0;0;0.00
1600;KAB;115;0;0;0;0.00
1600;KAB;113;0;0;0;0.00
1600;KAB;111;0;0;0;0.00
1600;KAB;111;0;0;0;0.00
1600;KAB;111;0;0;0;0.00
1600;KAB;111;0;0;0;0.00
1600;KAB;111;0;0;0;0.00
1600;KAB;111;0;0;0;0.00
1600;KAB;111;0;0;0;0.00
1600;KAB;110;0;0;0;0.00
1600;KAB;111;0;0;0;0.00
1600;KAB;111;0;0;0;0.00
1600;KAB;111;0;0;0;0.00
1600;KAB;111;0;0;0;0.00
1600;KAB;111;0;0;0;0.00
1600;KAB;111;0;0;0;0.00
1600;KAB;111;0;0;0;0.00
1600;KAB;110;0;0;0;0.00
1600;KAB;112;0;0;0;0.00
1600;KAB;751;0;0;0;0.00
1600;KAB;114;0;0;0;0.00
1600;KAB;111;0;0;0;0.00
1600;KAB;111;0;0;0;0.00
1600;KAB;119;0;0;0;0.00
1600;KAB;111;0;0;0;0.00
1600;KAB;111;0;0;0;0.00
1600;KAB;111;0;0;0;0.00
1600;KAB;111;0;0;0;0.00
1600;KAB;111;0;0;0;0.00
1600;KAB;110;0;0;0;0.00
1600;KAB;110;0;0;0;0.00
1600;KAB;110;0;0;0;0.00
1600;KAB;110;0;0;0;0.00
1600;KAB;110;0;0;0;0.00
1600;KAB;110;0;0;0;0.00
1600;KAB;111;0;0;0;0.00
1600;KAB;111;0;0;0;0.00
1600;KAB;110;0;0;0;0.00
1600;KAB;110;0;0;0;0.00
1600;KAB;677;0;0;0;0.00
1600;KAB;34;0;0;0;0.00
1600;KAB;32;0;0;0;0.00
1600;KAB;31;0;0;0;0.00
1600;KAB;30;0;0;0;0.00
1600;KAB;29;0;0;0;0.00
1600;KAB;29;0;0;0;0.00
1600;KAB;28;0;0;0;0.00
1600;KAB;28;0;0;0;0.00
1600;KAB;28;0;0;0;0.00
1600;KAB;28;0;0;0;0.00
1600;KAB;28;0;0;0;0.00
1600;KAB;28;0;0;0;0.00
1600;KAB;27;0;0;0;0.00
1600;KAB;28;0;0;0;0.00
1600;KAB;27;0;0;0;0.00
1600;KAB;28;0;0;0;0.00
1600;KAB;27;0;0;0;0.00
1600;KAB;27;0;0;0;0.00
1600;KAB;27;0;0;0;0.00
1600;BFDC;117;0;0;0;0.99
1600;BFDC;115;0;0;0;0.99
1600;BFDC;114;0;0;0;0.99
1600;BFDC;114;0;0;0;0.99
1600;BFDC;114;0;0;0;0.99
1600;BFDC;113;0;0;0;0.99
1600;BFDC;113;0;0;0;0.99
1600;BFDC;113;0;0;0;0.99
1600;BFDC;113;0;0;0;0.99
1600;BFDC;114;0;0;0;0.99
1600;BFDC;113;0;0;0;0.99
1600;BFDC;114;0;0;0;0.99
1600;BFDC;114;0;0;0;0.99
1600;BFDC;113;0;0;0;0.99
1600;BFDC;114;0;0;0;0.99
1600;BFDC;113;0;0;0;0.99
1600;BFDC;113;0;0;0;0.99
1600;BFDC;113;0;0;0;0.99
1600;BFDC;113;0;0;0;0.99
1600;BFDC;113;0;0;0;0.99
1600;BFDC;61;0;0;0;0.46
1600;BFDC;61;0;0;0;0.46
1600;BFDC;60;0;0;0;0.46
1600;BFDC;60;0;0;0;0.46
1600;BFDC;59;0;0;0;0.46
1600;BFDC;59;0;0;0;0.46
1600;BFDC;59;0;0;0;0.46
1600;BFDC;58;0;0;0;0.46
1600;BFDC;58;0;0;0;0.46
1600;BFDC;58;0;0;0;0.46
1600;BFDC;58;0;0;0;0.46
1600;BFDC;58;0;0;0;0.46
1600;BFDC;59;0;0;0;0.46
1600;BFDC;58;0;0;0;0.46
1600;BFDC;58;0;0;0;0.46
1600;BFDC;65;0;0;0;0.46
1600;BFDC;59;0;0;0;0.46
1600;BFDC;58;0;0;0;0.46
1600;BFDC;58;0;0;0;0.46
1600;BFDC;58;0;0;0;0.46
1600;BFDC;154;0;0;0;1.35
1600;BFDC;151;0;0;0;1.35
1600;BFDC;150;0;0;0;1.35
1600;BFDC;150;0;0;0;1.35
1600;BFDC;150;0;0;0;1.35
1600;BFDC;150;0;0;0;1.35
1600;BFDC;149;0;0;0;1.35
1600;BFDC;149;0;0;0;1.35
1600;BFDC;149;0;0;0;1.35
1600;BFDC;150;0;0;0;1.35
1600;BFDC;149;0;0;0;1.35
1600;BFDC;149;0;0;0;1.35
1600;BFDC;150;0;0;0;1.35
1600;BFDC;149;0;0;0;1.35
1600;BFDC;149;0;0;0;1.35
1600;BFDC;154;0;0;0;1.35
1600;BFDC;149;0;0;0;1.35
1600;BFDC;148;0;0;0;1.35
1600;BFDC;149;0;0;0;1.35
1600;BFDC;149;0;0;0;1.35
1600;CRA;132;0;0;0;0.63
1600;CRA;78;0;0;0;0.63
1600;CRA;74;0;0;0;0.63
1600;CRA;73;0;0;0;0.63
1600;CRA;72;0;0;0;0.63
1600;CRA;72;0;0;0;0.63
1600;CRA;71;0;0;0;0.63
1600;CRA;70;0;0;0;0.63
1600;CRA;70;0;0;0;0.63
1600;CRA;69;0;0;0;0.63
1600;CRA;70;0;0;0;0.63
1600;CRA;69;0;0;0;0.63
1600;CRA;69;0;0;0;0.63
1600;CRA;69;0;0;0;0.63
1600;CRA;69;0;0;0;0.63
1600;CRA;69;0;0;0;0.63
1600;CRA;69;0;0;0;0.63
1600;CRA;69;0;0;0;0.63
1600;CRA;69;0;0;0;0.63
1600;CRA;69;0;0;0;0.63
1600;CRA;22;0;0;0;0.03
1600;CRA;19;0;0;0;0.03
1600;CRA;18;0;0;0;0.03
1600;CRA;18;0;0;0;0.03
1600;CRA;18;0;0;0;0.03
1600;CRA;18;0;0;0;0.03
1600;CRA;18;0;0;0;0.03
1600;CRA;18;0;0;0;0.03
1600;CRA;18;0;0;0;0.03
1600;CRA;18;0;0;0;0.03
1600;CRA;18;0;0;0;0.03
1600;CRA;18;0;0;0;0.03
1600;CRA;18;0;0;0;0.03
1600;CRA;18;0;0;0;0.03
1600;CRA;18;0;0;0;0.03
1600;CRA;18;0;0;0;0.03
1600;CRA;18;0;0;0;0.03
1600;CRA;18;0;0;0;0.03
1600;CRA;18;0;0;0;0.03
1600;CRA;18;0;0;0;0.03
1600;CRA;70;0;0;0;0.20
1600;CRA;35;0;0;0;0.20
1600;CRA;33;0;0;0;0.20
1600;CRA;32;0;0;0;0.20
1600;CRA;31;0;0;0;0.20
1600;CRA;31;0;0;0;0.20
1600;CRA;31;0;0;0;0.20
1600;CRA;31;0;0;0;0.20
1600;CRA;31;0;0;0;0.20
1600;CRA;31;0;0;0;0.20
1600;CRA;31;0;0;0;0.20
1600;CRA;31;0;0;0;0.20
1600;CRA;31;0;0;0;0.20
1600;CRA;31;0;0;0;0.20
1600;CRA;31;0;0;0;0.20
1600;CRA;31;0;0;0;0.20
1600;CRA;31;0;0;0;0.20
1600;CRA;31;0;0;0;0.20
1600;CRA;31;0;0;0;0.20
1600;CRA;31;0;0;0;0.20
800;ULT;299636;0;0;0;544.80
800;ULT;300041;0;0;0;544.80
800;ULT;298986;0;0;0;544.80
800;ULT;299203;0;0;0;544.80
800;ULT;298564;0;0;0;544.80
800;ULT;298699;0;0;0;544.80
800;ULT;298545;0;0;0;544.80
800;ULT;298536;0;0;0;544.80
800;ULT;301663;0;0;0;544.80
800;ULT;298444;0;0;0;544.80
800;ULT;298297;0;0;0;544.80
800;ULT;298544;0;0;0;544.80
800;ULT;298412;0;0;0;544.80
800;ULT;298516;0;0;0;544.80
800;ULT;298568;0;0;0;544.80
800;ULT;298565;0;0;0;544.80
800;ULT;298433;0;0;0;544.80
800;ULT;299915;0;0;0;544.80
800;ULT;300012;0;0;0;544.80
800;ULT;299486;0;0;0;544.80
800;ULT;27033;0;0;0;48.64
800;ULT;27004;0;0;0;48.64
800;ULT;27243;0;0;0;48.64
800;ULT;27205;0;0;0;48.64
800;ULT;26924;0;0;0;48.64
800;ULT;26951;0;0;0;48.64
800;ULT;26943;0;0;0;48.64
800;ULT;26961;0;0;0;48.64
800;ULT;26960;0;0;0;48.64
800;ULT;26866;0;0;0;48.64
800;ULT;27217;0;0;0;48.64
800;ULT;26945;0;0;0;48.64
800;ULT;27203;0;0;0;48.64
800;ULT;26771;0;0;0;48.64
800;ULT;26795;0;0;0;48.64
800;ULT;26769;0;0;0;48.64
800;ULT;26921;0;0;0;48.64
800;ULT;26794;0;0;0;48.64
800;ULT;26926;0;0;0;48.64
800;ULT;26793;0;0;0;48.64
800;ULT;193494;0;0;0;353.74
800;ULT;193990;0;0;0;353.74
800;ULT;193945;0;0;0;353.74
800;ULT;193934;0;0;0;353.74
800;ULT;193217;0;0;0;353.74
800;ULT;195043;0;0;0;353.74
800;ULT;193825;0;0;0;353.74
800;ULT;193133;0;0;0;353.74
800;ULT;194009;0;0;0;353.74
800;ULT;194035;0;0;0;353.74
800;ULT;193424;0;0;0;353.74
800;ULT;193158;0;0;0;353.74
800;ULT;193731;0;0;0;353.74
800;ULT;193084;0;0;0;353.74
800;ULT;193099;0;0;0;353.74
800;ULT;193068;0;0;0;353.74
800;ULT;193220;0;0;0;353.74
800;ULT;193255;0;0;0;353.74
800;ULT;194331;0;0;0;353.74
800;ULT;193129;0;0;0;353.74
800;RULT;45;0;0;0;1.15
800;RULT;44;0;0;0;1.15
800;RULT;44;0;0;0;1.15
800;RULT;44;0;0;0;1.15
800;RULT;44;0;0;0;1.15
800;RULT;44;0;0;0;1.15
800;RULT;44;0;0;0;1.15
800;RULT;44;0;0;0;1.15
800;RULT;44;0;0;0;1.15
800;RULT;44;0;0;0;1.15
800;RULT;50;0;0;0;1.15
800;RULT;45;0;0;0;1.15
800;RULT;44;0;0;0;1.15
800;RULT;44;0;0;0;1.15
800;RULT;44;0;0;0;1.15
800;RULT;44;0;0;0;1.15
800;RULT;44;0;0;0;1.15
800;RULT;44;0;0;0;1.15
800;RULT;44;0;0;0;1.15
800;RULT;44;0;0;0;1.15
800;RULT;62;0;0;0;1.56
800;RULT;62;0;0;0;1.56
800;RULT;61;0;0;0;1.56
800;RULT;61;0;0;0;1.56
800;RULT;61;0;0;0;1.56
800;RULT;61;0;0;0;1.56
800;RULT;61;0;0;0;1.56
800;RULT;61;0;0;0;1.56
800;RULT;61;0;0;0;1.56
800;RULT;61;0;0;0;1.56
800;RULT;62;0;0;0;1.56
800;RULT;61;0;0;0;1.56
800;RULT;61;0;0;0;1.56
800;RULT;61;0;0;0;1.56
800;RULT;61;0;0;0;1.56
800;RULT;61;0;0;0;1.56
800;RULT;61;0;0;0;1.56
800;RULT;61;0;0;0;1.56
800;RULT;61;0;0;0;1.56
800;RULT;61;0;0;0;1.56
800;RULT;52;0;0;0;1.34
800;RULT;51;0;0;0;1.34
800;RULT;52;0;0;0;1.34
800;RULT;52;0;0;0;1.34
800;RULT;52;0;0;0;1.34
800;RULT;51;0;0;0;1.34
800;RULT;51;0;0;0;1.34
800;RULT;51;0;0;0;1.34
800;RULT;51;0;0;0;1.34
800;RULT;51;0;0;0;1.34
800;RULT;51;0;0;0;1.34
800;RULT;51;0;0;0;1.34
800;RULT;51;0;0;0;1.34
800;RULT;51;0;0;0;1.34
800;RULT;51;0;0;0;1.34
800;RULT;51;0;0;0;1.34
800;RULT;51;0;0;0;1.34
800;RULT;51;0;0;0;1.34
800;RULT;51;0;0;0;1.34
800;RULT;52;0;0;0;1.34
800;ILP;14210;0;0;0;0.00
800;ILP;13262;0;0;0;0.00
800;ILP;13338;0;0;0;0.00
800;ILP;13895;0;0;0;0.00
800;ILP;12913;0;0;0;0.00
800;ILP;12751;0;0;0;0.00
800;ILP;12622;0;0;0;0.00
800;ILP;12973;0;0;0;0.00
800;ILP;12890;0;0;0;0.00
800;ILP;12281;0;0;0;0.00
800;ILP;12871;0;0;0;0.00
800;ILP;12844;0;0;0;0.00
800;ILP;12620;0;0;0;0.00
800;ILP;13338;0;0;0;0.00
800;ILP;12932;0;0;0;0.00
800;ILP;13445;0;0;0;0.00
800;ILP;13086;0;0;0;0.00
800;ILP;13259;0;0;0;0.00
800;ILP;13484;0;0;0;0.00
800;ILP;13266;0;0;0;0.00
800;ILP;14630;0;0;0;0.00
800;ILP;13352;0;0;0;0.00
800;ILP;13283;0;0;0;0.00
800;ILP;13238;0;0;0;0.00
800;ILP;13364;0;0;0;0.00
800;ILP;12901;0;0;0;0.00
800;ILP;13292;0;0;0;0.00
800;ILP;13116;0;0;0;0.00
800;ILP;13299;0;0;0;0.00
800;ILP;13177;0;0;0;0.00
800;ILP;12693;0;0;0;0.00
800;ILP;13058;0;0;0;0.00
800;ILP;13294;0;0;0;0.00
800;ILP;13259;0;0;0;0.00
800;ILP;12883;0;0;0;0.00
800;ILP;12895;0;0;0;0.00
800;ILP;12994;0;0;0;0.00
800;ILP;12895;0;0;0;0.00
800;ILP;17776;0;0;0;0.00
800;ILP;13775;0;0;0;0.00
800;ILP;14107;0;0;0;0.00
800;ILP;13192;0;0;0;0.00
800;ILP;13201;0;0;0;0.00
800;ILP;13138;0;0;0;0.00
800;ILP;13610;0;0;0;0.00
800;ILP;13284;0;0;0;0.00
800;ILP;13218;0;0;0;0.00
800;ILP;13070;0;0;0;0.00
800;ILP;12814;0;0;0;0.00
800;ILP;13403;0;0;0;0.00
800;ILP;12921;0;0;0;0.00
800;ILP;13306;0;0;0;0.00
800;ILP;12835;0;0;0;0.00
800;ILP;13394;0;0;0;0.00
800;ILP;12891;0;0;0;0.00
800;ILP;13230;0;0;0;0.00
800;ILP;13312;0;0;0;0.00
800;ILP;12824;0;0;0;0.00
800;ILP;12955;0;0;0;0.00
800;ILP;13193;0;0;0;0.00
800;CP;56350;0;0;0;0.00
800;CP;51040;0;0;0;0.00
800;CP;52315;0;0;0;0.00
800;CP;54373;0;0;0;0.00
800;CP;55137;0;0;0;0.00
800;CP;52310;0;0;0;0.00
800;CP;50868;0;0;0;0.00
800;CP;51122;0;0;0;0.00
800;CP;53022;0;0;0;0.00
800;CP;54166;0;0;0;0.00
800;CP;56016;0;0;0;0.00
800;CP;51934;0;0;0;0.00
800;CP;51105;0;0;0;0.00
800;CP;51920;0;0;0;0.00
800;CP;54459;0;0;0;0.00
800;CP;55493;0;0;0;0.00
800;CP;52461;0;0;0;0.00
800;CP;51011;0;0;0;0.00
800;CP;51260;0;0;0;0.00
800;CP;53332;0;0;0;0.00
800;CP;58109;0;0;0;0.00
800;CP;54162;0;0;0;0.00
800;CP;51952;0;0;0;0.00
800;CP;51751;0;0;0;0.00
800;CP;51393;0;0;0;0.00
800;CP;51789;0;0;0;0.00
800;CP;51481;0;0;0;0.00
800;CP;53875;0;0;0;0.00
800;CP;51995;0;0;0;0.00
800;CP;51633;0;0;0;0.00
800;CP;54342;0;0;0;0.00
800;CP;51912;0;0;0;0.00
800;CP;51262;0;0;0;0.00
800;CP;53694;0;0;0;0.00
800;CP;51843;0;0;0;0.00
800;CP;54615;0;0;0;0.00
800;CP;52119;0;0;0;0.00
800;CP;51753;0;0;0;0.00
800;CP;51619;0;0;0;0.00
800;CP;55801;0;0;0;0.00
800;CP;60426;0;0;0;0.00
800;CP;51940;0;0;0;0.00
800;CP;51209;0;0;0;0.00
800;CP;52021;0;0;0;0.00
800;CP;54327;0;0;0;0.00
800;CP;53835;0;0;0;0.00
800;CP;54292;0;0;0;0.00
800;CP;54137;0;0;0;0.00
800;CP;54245;0;0;0;0.00
800;CP;54484;0;0;0;0.00
800;CP;54182;0;0;0;0.00
800;CP;54898;0;0;0;0.00
800;CP;54328;0;0;0;0.00
800;CP;54192;0;0;0;0.00
800;CP;55040;0;0;0;0.00
800;CP;52042;0;0;0;0.00
800;CP;53260;0;0;0;0.00
800;CP;51424;0;0;0;0.00
800;CP;53583;0;0;0;0.00
800;CP;54075;0;0;0;0.00
800;SCP;123662;0;0;0;0.00
800;SCP;122332;0;0;0;0.00
800;SCP;123943;0;0;0;0.00
800;SCP;122822;0;0;0;0.00
800;SCP;123156;0;0;0;0.00
800;SCP;123244;0;0;0;0.00
800;SCP;122607;0;0;0;0.00
800;SCP;123756;0;0;0;0.00
800;SCP;122819;0;0;0;0.00
800;SCP;123222;0;0;0;0.00
800;SCP;124289;0;0;0;0.00
800;SCP;122630;0;0;0;0.00
800;SCP;124039;0;0;0;0.00
800;SCP;122930;0;0;0;0.00
800;SCP;122824;0;0;0;0.00
800;SCP;123510;0;0;0;0.00
800;SCP;122237;0;0;0;0.00
800;SCP;123475;0;0;0;0.00
800;SCP;123429;0;0;0;0.00
800;SCP;123835;0;0;0;0.00
800;SCP;138930;0;0;0;0.00
800;SCP;139912;0;0;0;0.00
800;SCP;139693;0;0;0;0.00
800;SCP;140927;0;0;0;0.00
800;SCP;140076;0;0;0;0.00
800;SCP;132371;0;0;0;0.00
800;SCP;139510;0;0;0;0.00
800;SCP;130739;0;0;0;0.00
800;SCP;139245;0;0;0;0.00
800;SCP;140116;0;0;0;0.00
800;SCP;139710;0;0;0;0.00
800;SCP;138972;0;0;0;0.00
800;SCP;139247;0;0;0;0.00
800;SCP;138598;0;0;0;0.00
800;SCP;139629;0;0;0;0.00
800;SCP;139334;0;0;0;0.00
800;SCP;140558;0;0;0;0.00
800;SCP;140703;0;0;0;0.00
800;SCP;140693;0;0;0;0.00
800;SCP;140162;0;0;0;0.00
800;SCP;86735;0;0;0;0.00
800;SCP;79724;0;0;0;0.00
800;SCP;79735;0;0;0;0.00
800;SCP;80003;0;0;0;0.00
800;SCP;80190;0;0;0;0.00
800;SCP;80777;0;0;0;0.00
800;SCP;80018;0;0;0;0.00
800;SCP;78315;0;0;0;0.00
800;SCP;78655;0;0;0;0.00
800;SCP;80065;0;0;0;0.00
800;SCP;79988;0;0;0;0.00
800;SCP;80600;0;0;0;0.00
800;SCP;79921;0;0;0;0.00
800;SCP;80636;0;0;0;0.00
800;SCP;81963;0;0;0;0.00
800;SCP;80491;0;0;0;0.00
800;SCP;79593;0;0;0;0.00
800;SCP;81016;0;0;0;0.00
800;SCP;78118;0;0;0;0.00
800;SCP;79421;0;0;0;0.00
800;KAB;365;0;0;0;0.00
800;KAB;44;0;0;0;0.00
800;KAB;43;0;0;0;0.00
800;KAB;42;0;0;0;0.00
800;KAB;42;0;0;0;0.00
800;KAB;41;0;0;0;0.00
800;KAB;41;0;0;0;0.00
800;KAB;41;0;0;0;0.00
800;KAB;40;0;0;0;0.00
800;KAB;40;0;0;0;0.00
800;KAB;40;0;0;0;0.00
800;KAB;40;0;0;0;0.00
800;KAB;40;0;0;0;0.00
800;KAB;40;0;0;0;0.00
800;KAB;41;0;0;0;0.00
800;KAB;40;0;0;0;0.00
800;KAB;40;0;0;0;0.00
800;KAB;40;0;0;0;0.00
800;KAB;40;0;0;0;0.00
800;KAB;45;0;0;0;0.00
800;KAB;363;0;0;0;0.00
800;KAB;51;0;0;0;0.00
800;KAB;50;0;0;0;0.00
800;KAB;49;0;0;0;0.00
800;KAB;48;0;0;0;0.00
800;KAB;48;0;0;0;0.00
800;KAB;48;0;0;0;0.00
800;KAB;48;0;0;0;0.00
800;KAB;48;0;0;0;0.00
800;KAB;48;0;0;0;0.00
800;KAB;47;0;0;0;0.00
800;KAB;47;0;0;0;0.00
800;KAB;47;0;0;0;0.00
800;KAB;47;0;0;0;0.00
800;KAB;47;0;0;0;0.00
800;KAB;48;0;0;0;0.00
800;KAB;47;0;0;0;0.00
800;KAB;47;0;0;0;0.00
800;KAB;47;0;0;0;0.00
800;KAB;47;0;0;0;0.00
800;KAB;347;0;0;0;0.00
800;KAB;42;0;0;0;0.00
800;KAB;40;0;0;0;0.00
800;KAB;39;0;0;0;0.00
800;KAB;39;0;0;0;0.00
800;KAB;38;0;0;0;0.00
800;KAB;38;0;0;0;0.00
800;KAB;38;0;0;0;0.00
800;KAB;38;0;0;0;0.00
800;KAB;43;0;0;0;0.00
800;KAB;38;0;0;0;0.00
800;KAB;38;0;0;0;0.00
800;KAB;37;0;0;0;0.00
800;KAB;37;0;0;0;0.00
800;KAB;37;0;0;0;0.00
800;KAB;37;0;0;0;0.00
800;KAB;37;0;0;0;0.00
800;KAB;38;0;0;0;0.00
800;KAB;37;0;0;0;0.00
800;KAB;37;0;0;0;0.00
800;BFDC;92;0;0;0;1.67
800;BFDC;90;0;0;0;1.67
800;BFDC;89;0;0;0;1.67
800;BFDC;87;0;0;0;1.67
800;BFDC;89;0;0;0;1.67
800;BFDC;88;0;0;0;1.67
800;BFDC;88;0;0;0;1.67
800;BFDC;88;0;0;0;1.67
800;BFDC;87;0;0;0;1.67
800;BFDC;85;0;0;0;1.67
800;BFDC;85;0;0;0;1.67
800;BFDC;85;0;0;0;1.67
800;BFDC;85;0;0;0;1.67
800;BFDC;85;0;0;0;1.67
800;BFDC;86;0;0;0;1.67
800;BFDC;86;0;0;0;1.67
800;BFDC;85;0;0;0;1.67
800;BFDC;85;0;0;0;1.67
800;BFDC;86;0;0;0;1.67
800;BFDC;85;0;0;0;1.67
800;BFDC;134;0;0;0;2.35
800;BFDC;132;0;0;0;2.35
800;BFDC;131;0;0;0;2.35
800;BFDC;131;0;0;0;2.35
800;BFDC;136;0;0;0;2.35
800;BFDC;130;0;0;0;2.35
800;BFDC;130;0;0;0;2.35
800;BFDC;129;0;0;0;2.35
800;BFDC;130;0;0;0;2.35
800;BFDC;132;0;0;0;2.35
800;BFDC;132;0;0;0;2.35
800;BFDC;132;0;0;0;2.35
800;BFDC;132;0;0;0;2.35
800;BFDC;133;0;0;0;2.35
800;BFDC;132;0;0;0;2.35
800;BFDC;132;0;0;0;2.35
800;BFDC;130;0;0;0;2.35
800;BFDC;130;0;0;0;2.35
800;BFDC;129;0;0;0;2.35
800;BFDC;130;0;0;0;2.35
800;BFDC;109;0;0;0;2.01
800;BFDC;107;0;0;0;2.01
800;BFDC;106;0;0;0;2.01
800;BFDC;106;0;0;0;2.01
800;BFDC;104;0;0;0;2.01
800;BFDC;104;0;0;0;2.01
800;BFDC;104;0;0;0;2.01
800;BFDC;104;0;0;0;2.01
800;BFDC;103;0;0;0;2.01
800;BFDC;104;0;0;0;2.01
800;BFDC;104;0;0;0;2.01
800;BFDC;104;0;0;0;2.01
800;BFDC;109;0;0;0;2.01
800;BFDC;104;0;0;0;2.01
800;BFDC;103;0;0;0;2.01
800;BFDC;103;0;0;0;2.01
800;BFDC;103;0;0;0;2.01
800;BFDC;103;0;0;0;2.01
800;BFDC;103;0;0;0;2.01
800;BFDC;104;0;0;0;2.01
800;CRA;41;0;0;0;0.67
800;CRA;37;0;0;0;0.67
800;CRA;34;0;0;0;0.67
800;CRA;33;0;0;0;0.67
800;CRA;31;0;0;0;0.67
800;CRA;31;0;0;0;0.67
800;CRA;30;0;0;0;0.67
800;CRA;30;0;0;0;0.67
800;CRA;29;0;0;0;0.67
800;CRA;30;0;0;0;0.67
800;CRA;29;0;0;0;0.67
800;CRA;29;0;0;0;0.67
800;CRA;29;0;0;0;0.67
800;CRA;29;0;0;0;0.67
800;CRA;29;0;0;0;0.67
800;CRA;29;0;0;0;0.67
800;CRA;29;0;0;0;0.67
800;CRA;29;0;0;0;0.67
800;CRA;29;0;0;0;0.67
800;CRA;29;0;0;0;0.67
800;CRA;13;0;0;0;0.06
800;CRA;9;0;0;0;0.06
800;CRA;8;0;0;0;0.06
800;CRA;8;0;0;0;0.06
800;CRA;8;0;0;0;0.06
800;CRA;8;0;0;0;0.06
800;CRA;7;0;0;0;0.06
800;CRA;7;0;0;0;0.06
800;CRA;7;0;0;0;0.06
800;CRA;7;0;0;0;0.06
800;CRA;7;0;0;0;0.06
800;CRA;7;0;0;0;0.06
800;CRA;8;0;0;0;0.06
800;CRA;8;0;0;0;0.06
800;CRA;8;0;0;0;0.06
800;CRA;7;0;0;0;0.06
800;CRA;7;0;0;0;0.06
800;CRA;7;0;0;0;0.06
800;CRA;7;0;0;0;0.06
800;CRA;7;0;0;0;0.06
800;CRA;31;0;0;0;0.44
800;CRA;26;0;0;0;0.44
800;CRA;23;0;0;0;0.44
800;CRA;22;0;0;0;0.44
800;CRA;21;0;0;0;0.44
800;CRA;21;0;0;0;0.44
800;CRA;21;0;0;0;0.44
800;CRA;21;0;0;0;0.44
800;CRA;21;0;0;0;0.44
800;CRA;20;0;0;0;0.44
800;CRA;20;0;0;0;0.44
800;CRA;20;0;0;0;0.44
800;CRA;20;0;0;0;0.44
800;CRA;20;0;0;0;0.44
800;CRA;20;0;0;0;0.44
800;CRA;20;0;0;0;0.44
800;CRA;20;0;0;0;0.44
800;CRA;21;0;0;0;0.44
800;CRA;21;0;0;0;0.44
800;CRA;20;0;0;0;0.44
200;ULT;4858;0;0;0;114.92
200;ULT;4850;0;0;0;114.92
200;ULT;4857;0;0;0;114.92
200;ULT;4865;0;0;0;114.92
200;ULT;4858;0;0;0;114.92
200;ULT;4850;0;0;0;114.92
200;ULT;4858;0;0;0;114.92
200;ULT;9613;0;0;0;114.92
200;ULT;6060;0;0;0;114.92
200;ULT;4895;0;0;0;114.92
200;ULT;5059;0;0;0;114.92
200;ULT;5049;0;0;0;114.92
200;ULT;5050;0;0;0;114.92
200;ULT;4866;0;0;0;114.92
200;ULT;5047;0;0;0;114.92
200;ULT;4915;0;0;0;114.92
200;ULT;4852;0;0;0;114.92
200;ULT;5048;0;0;0;114.92
200;ULT;5050;0;0;0;114.92
200;ULT;4972;0;0;0;114.92
200;ULT;1111;0;0;0;25.97
200;ULT;1111;0;0;0;25.97
200;ULT;1106;0;0;0;25.97
200;ULT;1105;0;0;0;25.97
200;ULT;1104;0;0;0;25.97
200;ULT;1105;0;0;0;25.97
200;ULT;1112;0;0;0;25.97
200;ULT;1109;0;0;0;25.97
200;ULT;1106;0;0;0;25.97
200;ULT;1106;0;0;0;25.97
200;ULT;1105;0;0;0;25.97
200;ULT;1105;0;0;0;25.97
200;ULT;1105;0;0;0;25.97
200;ULT;1119;0;0;0;25.97
200;ULT;1120;0;0;0;25.97
200;ULT;1105;0;0;0;25.97
200;ULT;1146;0;0;0;25.97
200;ULT;1105;0;0;0;25.97
200;ULT;1105;0;0;0;25.97
200;ULT;1109;0;0;0;25.97
200;ULT;3029;0;0;0;71.69
200;ULT;3061;0;0;0;71.69
200;ULT;3073;0;0;0;71.69
200;ULT;3051;0;0;0;71.69
200;ULT;3028;0;0;0;71.69
200;ULT;3039;0;0;0;71.69
200;ULT;3024;0;0;0;71.69
200;ULT;3031;0;0;0;71.69
200;ULT;3054;0;0;0;71.69
200;ULT;3027;0;0;0;71.69
200;ULT;6301;0;0;0;71.69
200;ULT;3055;0;0;0;71.69
200;ULT;3158;0;0;0;71.69
200;ULT;3145;0;0;0;71.69
200;ULT;3150;0;0;0;71.69
200;ULT;3155;0;0;0;71.69
200;ULT;3162;0;0;0;71.69
200;ULT;3164;0;0;0;71.69
200;ULT;3083;0;0;0;71.69
200;ULT;3107;0;0;0;71.69
200;RULT;9;0;0;0;0.87
200;RULT;9;0;0;0;0.87
200;RULT;9;0;0;0;0.87
200;RULT;8;0;0;0;0.87
200;RULT;8;0;0;0;0.87
200;RULT;9;0;0;0;0.87
200;RULT;8;0;0;0;0.87
200;RULT;9;0;0;0;0.87
200;RULT;8;0;0;0;0.87
200;RULT;8;0;0;0;0.87
200;RULT;8;0;0;0;0.87
200;RULT;8;0;0;0;0.87
200;RULT;8;0;0;0;0.87
200;RULT;8;0;0;0;0.87
200;RULT;8;0;0;0;0.87
200;RULT;8;0;0;0;0.87
200;RULT;8;0;0;0;0.87
200;RULT;8;0;0;0;0.87
200;RULT;8;0;0;0;0.87
200;RULT;8;0;0;0;0.87
200;RULT;14;0;0;0;1.33
200;RULT;13;0;0;0;1.33
200;RULT;13;0;0;0;1.33
200;RULT;12;0;0;0;1.33
200;RULT;12;0;0;0;1.33
200;RULT;12;0;0;0;1.33
200;RULT;12;0;0;0;1.33
200;RULT;12;0;0;0;1.33
200;RULT;12;0;0;0;1.33
200;RULT;12;0;0;0;1.33
200;RULT;12;0;0;0;1.33
200;RULT;12;0;0;0;1.33
200;RULT;12;0;0;0;1.33
200;RULT;12;0;0;0;1.33
200;RULT;12;0;0;0;1.33
200;RULT;12;0;0;0;1.33
200;RULT;12;0;0;0;1.33
200;RULT;12;0;0;0;1.33
200;RULT;12;0;0;0;1.33
200;RULT;12;0;0;0;1.33
200;RULT;11;0;0;0;1.09
200;RULT;10;0;0;0;1.09
200;RULT;10;0;0;0;1.09
200;RULT;10;0;0;0;1.09
200;RULT;9;0;0;0;1.09
200;RULT;9;0;0;0;1.09
200;RULT;9;0;0;0;1.09
200;RULT;9;0;0;0;1.09
200;RULT;9;0;0;0;1.09
200;RULT;9;0;0;0;1.09
200;RULT;9;0;0;0;1.09
200;RULT;9;0;0;0;1.09
200;RULT;9;0;0;0;1.09
200;RULT;9;0;0;0;1.09
200;RULT;9;0;0;0;1.09
200;RULT;9;0;0;0;1.09
200;RULT;9;0;0;0;1.09
200;RULT;9;0;0;0;1.09
200;RULT;9;0;0;0;1.09
200;RULT;9;0;0;0;1.09
200;ILP;3850;0;0;0;0.00
200;ILP;3573;0;0;0;0.00
200;ILP;3585;0;0;0;0.00
200;ILP;3552;0;0;0;0.00
200;ILP;3550;0;0;0;0.00
200;ILP;3483;0;0;0;0.00
200;ILP;3482;0;0;0;0.00
200;ILP;3483;0;0;0;0.00
200;ILP;3471;0;0;0;0.00
200;ILP;3490;0;0;0;0.00
200;ILP;3485;0;0;0;0.00
200;ILP;3465;0;0;0;0.00
200;ILP;3469;0;0;0;0.00
200;ILP;3474;0;0;0;0.00
200;ILP;3531;0;0;0;0.00
200;ILP;3531;0;0;0;0.00
200;ILP;3480;0;0;0;0.00
200;ILP;3481;0;0;0;0.00
200;ILP;3578;0;0;0;0.00
200;ILP;3463;0;0;0;0.00
200;ILP;5739;0;0;0;0.00
200;ILP;3773;0;0;0;0.00
200;ILP;3724;0;0;0;0.00
200;ILP;3737;0;0;0;0.00
200;ILP;3674;0;0;0;0.00
200;ILP;3678;0;0;0;0.00
200;ILP;3691;0;0;0;0.00
200;ILP;3695;0;0;0;0.00
200;ILP;3683;0;0;0;0.00
200;ILP;3608;0;0;0;0.00
200;ILP;3689;0;0;0;0.00
200;ILP;3619;0;0;0;0.00
200;ILP;3675;0;0;0;0.00
200;ILP;3632;0;0;0;0.00
200;ILP;3669;0;0;0;0.00
200;ILP;3669;0;0;0;0.00
200;ILP;3658;0;0;0;0.00
200;ILP;3650;0;0;0;0.00
200;ILP;3696;0;0;0;0.00
200;ILP;5645;0;0;0;0.00
200;ILP;3598;0;0;0;0.00
200;ILP;3350;0;0;0;0.00
200;ILP;3312;0;0;0;0.00
200;ILP;3298;0;0;0;0.00
200;ILP;3282;0;0;0;0.00
200;ILP;3292;0;0;0;0.00
200;ILP;3327;0;0;0;0.00
200;ILP;3334;0;0;0;0.00
200;ILP;3348;0;0;0;0.00
200;ILP;3391;0;0;0;0.00
200;ILP;3291;0;0;0;0.00
200;ILP;3226;0;0;0;0.00
200;ILP;3296;0;0;0;0.00
200;ILP;3202;0;0;0;0.00
200;ILP;3208;0;0;0;0.00
200;ILP;3270;0;0;0;0.00
200;ILP;3221;0;0;0;0.00
200;ILP;3270;0;0;0;0.00
200;ILP;3399;0;0;0;0.00
200;ILP;3301;0;0;0;0.00
200;CP;14284;0;0;0;0.00
200;CP;12333;0;0;0;0.00
200;CP;12433;0;0;0;0.00
200;CP;12215;0;0;0;0.00
200;CP;12000;0;0;0;0.00
200;CP;12195;0;0;0;0.00
200;CP;12274;0;0;0;0.00
200;CP;12154;0;0;0;0.00
200;CP;12227;0;0;0;0.00
200;CP;12190;0;0;0;0.00
200;CP;12402;0;0;0;0.00
200;CP;12394;0;0;0;0.00
200;CP;12294;0;0;0;0.00
200;CP;12166;0;0;0;0.00
200;CP;12320;0;0;0;0.00
200;CP;12296;0;0;0;0.00
200;CP;12230;0;0;0;0.00
200;CP;12351;0;0;0;0.00
200;CP;12214;0;0;0;0.00
200;CP;12330;0;0;0;0.00
200;CP;15891;0;0;0;0.00
200;CP;11932;0;0;0;0.00
200;CP;12069;0;0;0;0.00
200;CP;11947;0;0;0;0.00
200;CP;12000;0;0;0;0.00
200;CP;12034;0;0;0;0.00
200;CP;11912;0;0;0;0.00
200;CP;11919;0;0;0;0.00
200;CP;11861;0;0;0;0.00
200;CP;11806;0;0;0;0.00
200;CP;11994;0;0;0;0.00
200;CP;11939;0;0;0;0.00
200;CP;11919;0;0;0;0.00
200;CP;11779;0;0;0;0.00
200;CP;11973;0;0;0;0.00
200;CP;11955;0;0;0;0.00
200;CP;11805;0;0;0;0.00
200;CP;11946;0;0;0;0.00
200;CP;11838;0;0;0;0.00
200;CP;12026;0;0;0;0.00
200;CP;14129;0;0;0;0.00
200;CP;13433;0;0;0;0.00
200;CP;13285;0;0;0;0.00
200;CP;13166;0;0;0;0.00
200;CP;13138;0;0;0;0.00
200;CP;13031;0;0;0;0.00
200;CP;13116;0;0;0;0.00
200;CP;13247;0;0;0;0.00
200;CP;13077;0;0;0;0.00
200;CP;13092;0;0;0;0.00
200;CP;13222;0;0;0;0.00
200;CP;13092;0;0;0;0.00
200;CP;13037;0;0;0;0.00
200;CP;13143;0;0;0;0.00
200;CP;13022;0;0;0;0.00
200;CP;13071;0;0;0;0.00
200;CP;13056;0;0;0;0.00
200;CP;13241;0;0;0;0.00
200;CP;13722;0;0;0;0.00
200;CP;13389;0;0;0;0.00
200;SCP;24566;0;0;0;0.00
200;SCP;23410;0;0;0;0.00
200;SCP;23807;0;0;0;0.00
200;SCP;21919;0;0;0;0.00
200;SCP;23758;0;0;0;0.00
200;SCP;23869;0;0;0;0.00
200;SCP;23724;0;0;0;0.00
200;SCP;24695;0;0;0;0.00
200;SCP;23850;0;0;0;0.00
200;SCP;23808;0;0;0;0.00
200;SCP;23971;0;0;0;0.00
200;SCP;23774;0;0;0;0.00
200;SCP;23770;0;0;0;0.00
200;SCP;23794;0;0;0;0.00
200;SCP;23900;0;0;0;0.00
200;SCP;23577;0;0;0;0.00
200;SCP;23788;0;0;0;0.00
200;SCP;23692;0;0;0;0.00
200;SCP;21925;0;0;0;0.00
200;SCP;23888;0;0;0;0.00
200;SCP;30638;0;0;0;0.00
200;SCP;30023;0;0;0;0.00
200;SCP;29934;0;0;0;0.00
200;SCP;29390;0;0;0;0.00
200;SCP;30644;0;0;0;0.00
200;SCP;30086;0;0;0;0.00
200;SCP;30030;0;0;0;0.00
200;SCP;29919;0;0;0;0.00
200;SCP;29872;0;0;0;0.00
200;SCP;29881;0;0;0;0.00
200;SCP;29984;0;0;0;0.00
200;SCP;29925;0;0;0;0.00
200;SCP;30073;0;0;0;0.00
200;SCP;29983;0;0;0;0.00
200;SCP;29901;0;0;0;0.00
200;SCP;29776;0;0;0;0.00
200;SCP;30026;0;0;0;0.00
200;SCP;29785;0;0;0;0.00
200;SCP;29949;0;0;0;0.00
200;SCP;29862;0;0;0;0.00
200;SCP;8658;0;0;0;0.00
200;SCP;8341;0;0;0;0.00
200;SCP;8335;0;0;0;0.00
200;SCP;8992;0;0;0;0.00
200;SCP;8584;0;0;0;0.00
200;SCP;8391;0;0;0;0.00
200;SCP;8322;0;0;0;0.00
200;SCP;8653;0;0;0;0.00
200;SCP;8439;0;0;0;0.00
200;SCP;8814;0;0;0;0.00
200;SCP;8329;0;0;0;0.00
200;SCP;8863;0;0;0;0.00
200;SCP;8530;0;0;0;0.00
200;SCP;8808;0;0;0;0.00
200;SCP;8658;0;0;0;0.00
200;SCP;8522;0;0;0;0.00
200;SCP;8891;0;0;0;0.00
200;SCP;8578;0;0;0;0.00
200;SCP;8880;0;0;0;0.00
200;SCP;8930;0;0;0;0.00
200;KAB;94;0;0;0;0.00
200;KAB;11;0;0;0;0.00
200;KAB;10;0;0;0;0.00
200;KAB;9;0;0;0;0.00
200;KAB;8;0;0;0;0.00
200;KAB;8;0;0;0;0.00
200;KAB;8;0;0;0;0.00
200;KAB;7;0;0;0;0.00
200;KAB;7;0;0;0;0.00
200;KAB;7;0;0;0;0.00
200;KAB;7;0;0;0;0.00
200;KAB;7;0;0;0;0.00
200;KAB;7;0;0;0;0.00
200;KAB;7;0;0;0;0.00
200;KAB;7;0;0;0;0.00
200;KAB;7;0;0;0;0.00
200;KAB;7;0;0;0;0.00
200;KAB;7;0;0;0;0.00
200;KAB;7;0;0;0;0.00
200;KAB;7;0;0;0;0.00
200;KAB;91;0;0;0;0.00
200;KAB;9;0;0;0;0.00
200;KAB;8;0;0;0;0.00
200;KAB;7;0;0;0;0.00
200;KAB;7;0;0;0;0.00
200;KAB;6;0;0;0;0.00
200;KAB;6;0;0;0;0.00
200;KAB;6;0;0;0;0.00
200;KAB;6;0;0;0;0.00
200;KAB;6;0;0;0;0.00
200;KAB;6;0;0;0;0.00
200;KAB;6;0;0;0;0.00
200;KAB;6;0;0;0;0.00
200;KAB;6;0;0;0;0.00
200;KAB;6;0;0;0;0.00
200;KAB;6;0;0;0;0.00
200;KAB;6;0;0;0;0.00
200;KAB;6;0;0;0;0.00
200;KAB;6;0;0;0;0.00
200;KAB;6;0;0;0;0.00
200;KAB;88;0;0;0;0.00
200;KAB;7;0;0;0;0.00
200;KAB;6;0;0;0;0.00
200;KAB;5;0;0;0;0.00
200;KAB;5;0;0;0;0.00
200;KAB;5;0;0;0;0.00
200;KAB;4;0;0;0;0.00
200;KAB;4;0;0;0;0.00
200;KAB;4;0;0;0;0.00
200;KAB;4;0;0;0;0.00
200;KAB;4;0;0;0;0.00
200;KAB;4;0;0;0;0.00
200;KAB;4;0;0;0;0.00
200;KAB;4;0;0;0;0.00
200;KAB;4;0;0;0;0.00
200;KAB;4;0;0;0;0.00
200;KAB;4;0;0;0;0.00
200;KAB;4;0;0;0;0.00
200;KAB;4;0;0;0;0.00
200;KAB;4;0;0;0;0.00
200;BFDC;18;0;0;0;1.20
200;BFDC;16;0;0;0;1.20
200;BFDC;15;0;0;0;1.20
200;BFDC;14;0;0;0;1.20
200;BFDC;14;0;0;0;1.20
200;BFDC;14;0;0;0;1.20
200;BFDC;14;0;0;0;1.20
200;BFDC;13;0;0;0;1.20
200;BFDC;13;0;0;0;1.20
200;BFDC;13;0;0;0;1.20
200;BFDC;13;0;0;0;1.20
200;BFDC;13;0;0;0;1.20
200;BFDC;13;0;0;0;1.20
200;BFDC;13;0;0;0;1.20
200;BFDC;13;0;0;0;1.20
200;BFDC;13;0;0;0;1.20
200;BFDC;13;0;0;0;1.20
200;BFDC;13;0;0;0;1.20
200;BFDC;13;0;0;0;1.20
200;BFDC;13;0;0;0;1.20
200;BFDC;28;0;0;0;1.96
200;BFDC;26;0;0;0;1.96
200;BFDC;25;0;0;0;1.96
200;BFDC;29;0;0;0;1.96
200;BFDC;24;0;0;0;1.96
200;BFDC;23;0;0;0;1.96
200;BFDC;23;0;0;0;1.96
200;BFDC;23;0;0;0;1.96
200;BFDC;23;0;0;0;1.96
200;BFDC;23;0;0;0;1.96
200;BFDC;22;0;0;0;1.96
200;BFDC;22;0;0;0;1.96
200;BFDC;22;0;0;0;1.96
200;BFDC;22;0;0;0;1.96
200;BFDC;22;0;0;0;1.96
200;BFDC;22;0;0;0;1.96
200;BFDC;22;0;0;0;1.96
200;BFDC;22;0;0;0;1.96
200;BFDC;22;0;0;0;1.96
200;BFDC;22;0;0;0;1.96
200;BFDC;21;0;0;0;1.46
200;BFDC;20;0;0;0;1.46
200;BFDC;19;0;0;0;1.46
200;BFDC;18;0;0;0;1.46
200;BFDC;18;0;0;0;1.46
200;BFDC;17;0;0;0;1.46
200;BFDC;17;0;0;0;1.46
200;BFDC;17;0;0;0;1.46
200;BFDC;17;0;0;0;1.46
200;BFDC;17;0;0;0;1.46
200;BFDC;16;0;0;0;1.46
200;BFDC;16;0;0;0;1.46
200;BFDC;16;0;0;0;1.46
200;BFDC;16;0;0;0;1.46
200;BFDC;16;0;0;0;1.46
200;BFDC;16;0;0;0;1.46
200;BFDC;16;0;0;0;1.46
200;BFDC;16;0;0;0;1.46
200;BFDC;16;0;0;0;1.46
200;BFDC;16;0;0;0;1.46
200;CRA;9;0;0;0;0.56
200;CRA;6;0;0;0;0.56
200;CRA;5;0;0;0;0.56
200;CRA;4;0;0;0;0.56
200;CRA;4;0;0;0;0.56
200;CRA;4;0;0;0;0.56
200;CRA;4;0;0;0;0.56
200;CRA;4;0;0;0;0.56
200;CRA;4;0;0;0;0.56
200;CRA;4;0;0;0;0.56
200;CRA;4;0;0;0;0.56
200;CRA;4;0;0;0;0.56
200;CRA;4;0;0;0;0.56
200;CRA;4;0;0;0;0.56
200;CRA;4;0;0;0;0.56
200;CRA;4;0;0;0;0.56
200;CRA;4;0;0;0;0.56
200;CRA;4;0;0;0;0.56
200;CRA;4;0;0;0;0.56
200;CRA;4;0;0;0;0.56
200;CRA;16;0;0;0;1.10
200;CRA;11;0;0;0;1.10
200;CRA;9;0;0;0;1.10
200;CRA;8;0;0;0;1.10
200;CRA;8;0;0;0;1.10
200;CRA;7;0;0;0;1.10
200;CRA;7;0;0;0;1.10
200;CRA;7;0;0;0;1.10
200;CRA;7;0;0;0;1.10
200;CRA;7;0;0;0;1.10
200;CRA;7;0;0;0;1.10
200;CRA;7;0;0;0;1.10
200;CRA;7;0;0;0;1.10
200;CRA;7;0;0;0;1.10
200;CRA;7;0;0;0;1.10
200;CRA;7;0;0;0;1.10
200;CRA;7;0;0;0;1.10
200;CRA;7;0;0;0;1.10
200;CRA;7;0;0;0;1.10
200;CRA;7;0;0;0;1.10
200;CRA;6;0;0;0;0.36
200;CRA;4;0;0;0;0.36
200;CRA;3;0;0;0;0.36
200;CRA;3;0;0;0;0.36
200;CRA;3;0;0;0;0.36
200;CRA;3;0;0;0;0.36
200;CRA;3;0;0;0;0.36
200;CRA;3;0;0;0;0.36
200;CRA;3;0;0;0;0.36
200;CRA;3;0;0;0;0.36
200;CRA;3;0;0;0;0.36
200;CRA;3;0;0;0;0.36
200;CRA;3;0;0;0;0.36
200;CRA;3;0;0;0;0.36
200;CRA;3;0;0;0;0.36
200;CRA;3;0;0;0;0.36
200;CRA;3;0;0;0;0.36
200;CRA;3;0;0;0;0.36
200;CRA;3;0;0;0;0.36
200;CRA;3;0;0;0;0.36
12800;RULT;1106;0;0;0;1.38
12800;RULT;1071;0;0;0;1.38
12800;RULT;1058;0;0;0;1.38
12800;RULT;1056;0;0;0;1.38
12800;RULT;1057;0;0;0;1.38
12800;RULT;1056;0;0;0;1.38
12800;RULT;1055;0;0;0;1.38
12800;RULT;1053;0;0;0;1.38
12800;RULT;1055;0;0;0;1.38
12800;RULT;1056;0;0;0;1.38
12800;RULT;1055;0;0;0;1.38
12800;RULT;1055;0;0;0;1.38
12800;RULT;1052;0;0;0;1.38
12800;RULT;1054;0;0;0;1.38
12800;RULT;1055;0;0;0;1.38
12800;RULT;1057;0;0;0;1.38
12800;RULT;1054;0;0;0;1.38
12800;RULT;1054;0;0;0;1.38
12800;RULT;1056;0;0;0;1.38
12800;RULT;1058;0;0;0;1.38
12800;RULT;284;0;0;0;0.30
12800;RULT;267;0;0;0;0.30
12800;RULT;268;0;0;0;0.30
12800;RULT;260;0;0;0;0.30
12800;RULT;261;0;0;0;0.30
12800;RULT;266;0;0;0;0.30
12800;RULT;261;0;0;0;0.30
12800;RULT;262;0;0;0;0.30
12800;RULT;263;0;0;0;0.30
12800;RULT;262;0;0;0;0.30
12800;RULT;260;0;0;0;0.30
12800;RULT;262;0;0;0;0.30
12800;RULT;265;0;0;0;0.30
12800;RULT;268;0;0;0;0.30
12800;RULT;260;0;0;0;0.30
12800;RULT;265;0;0;0;0.30
12800;RULT;260;0;0;0;0.30
12800;RULT;261;0;0;0;0.30
12800;RULT;264;0;0;0;0.30
12800;RULT;260;0;0;0;0.30
12800;RULT;1004;0;0;0;1.30
12800;RULT;950;0;0;0;1.30
12800;RULT;944;0;0;0;1.30
12800;RULT;947;0;0;0;1.30
12800;RULT;950;0;0;0;1.30
12800;RULT;944;0;0;0;1.30
12800;RULT;945;0;0;0;1.30
12800;RULT;951;0;0;0;1.30
12800;RULT;944;0;0;0;1.30
12800;RULT;943;0;0;0;1.30
12800;RULT;949;0;0;0;1.30
12800;RULT;942;0;0;0;1.30
12800;RULT;943;0;0;0;1.30
12800;RULT;947;0;0;0;1.30
12800;RULT;944;0;0;0;1.30
12800;RULT;944;0;0;0;1.30
12800;RULT;948;0;0;0;1.30
12800;RULT;943;0;0;0;1.30
12800;RULT;943;0;0;0;1.30
12800;RULT;949;0;0;0;1.30
12800;ILP;273537;0;0;0;0.00
12800;ILP;270992;0;0;0;0.00
12800;ILP;278312;0;0;0;0.00
12800;ILP;271742;0;0;0;0.00
12800;ILP;270810;0;0;0;0.00
12800;ILP;270970;0;0;0;0.00
12800;ILP;271411;0;0;0;0.00
12800;ILP;278335;0;0;0;0.00
12800;ILP;273641;0;0;0;0.00
12800;ILP;275704;0;0;0;0.00
12800;ILP;271740;0;0;0;0.00
12800;ILP;272119;0;0;0;0.00
12800;ILP;271090;0;0;0;0.00
12800;ILP;272163;0;0;0;0.00
12800;ILP;273148;0;0;0;0.00
12800;ILP;271597;0;0;0;0.00
12800;ILP;281465;0;0;0;0.00
12800;ILP;274211;0;0;0;0.00
12800;ILP;278209;0;0;0;0.00
12800;ILP;272791;0;0;0;0.00
12800;ILP;269925;0;0;0;0.00
12800;ILP;272736;0;0;0;0.00
12800;ILP;270974;0;0;0;0.00
12800;ILP;281584;0;0;0;0.00
12800;ILP;270379;0;0;0;0.00
12800;ILP;262957;0;0;0;0.00
12800;ILP;260519;0;0;0;0.00
12800;ILP;260688;0;0;0;0.00
12800;ILP;260120;0;0;0;0.00
12800;ILP;261316;0;0;0;0.00
12800;ILP;262020;0;0;0;0.00
12800;ILP;260318;0;0;0;0.00
12800;ILP;260225;0;0;0;0.00
12800;ILP;259744;0;0;0;0.00
12800;ILP;260719;0;0;0;0.00
12800;ILP;261863;0;0;0;0.00
12800;ILP;259484;0;0;0;0.00
12800;ILP;261098;0;0;0;0.00
12800;ILP;270965;0;0;0;0.00
12800;ILP;261544;0;0;0;0.00
12800;ILP;257512;0;0;0;0.00
12800;ILP;255817;0;0;0;0.00
12800;ILP;255144;0;0;0;0.00
12800;ILP;255852;0;0;0;0.00
12800;ILP;255240;0;0;0;0.00
12800;ILP;255118;0;0;0;0.00
12800;ILP;256450;0;0;0;0.00
12800;ILP;255066;0;0;0;0.00
12800;ILP;255332;0;0;0;0.00
12800;ILP;254222;0;0;0;0.00
12800;ILP;255162;0;0;0;0.00
12800;ILP;254688;0;0;0;0.00
12800;ILP;254089;0;0;0;0.00
12800;ILP;266077;0;0;0;0.00
12800;ILP;255572;0;0;0;0.00
12800;ILP;255597;0;0;0;0.00
12800;ILP;255725;0;0;0;0.00
12800;ILP;255568;0;0;0;0.00
12800;ILP;255764;0;0;0;0.00
12800;ILP;254521;0;0;0;0.00
12800;CP;1447474;0;0;0;0.00
12800;CP;1421641;0;0;0;0.00
12800;CP;1418923;0;0;0;0.00
12800;CP;1421200;0;0;0;0.00
12800;CP;1418235;0;0;0;0.00
12800;CP;1420929;0;0;0;0.00
12800;CP;1413049;0;0;0;0.00
12800;CP;1415468;0;0;0;0.00
12800;CP;1417746;0;0;0;0.00
12800;CP;1414618;0;0;0;0.00
12800;CP;1419152;0;0;0;0.00
12800;CP;1410692;0;0;0;0.00
12800;CP;1417505;0;0;0;0.00
12800;CP;1404577;0;0;0;0.00
12800;CP;1408200;0;0;0;0.00
12800;CP;1411194;0;0;0;0.00
12800;CP;1405476;0;0;0;0.00
12800;CP;1403595;0;0;0;0.00
12800;CP;1410250;0;0;0;0.00
12800;CP;1402369;0;0;0;0.00
12800;CP;1359986;0;0;0;0.00
12800;CP;1361383;0;0;0;0.00
12800;CP;1354712;0;0;0;0.00
12800;CP;1350738;0;0;0;0.00
12800;CP;1349775;0;0;0;0.00
12800;CP;1439105;0;0;0;0.00
12800;CP;1526930;0;0;0;0.00
12800;CP;1418832;0;0;0;0.00
12800;CP;1374899;0;0;0;0.00
12800;CP;1369801;0;0;0;0.00
12800;CP;1375478;0;0;0;0.00
12800;CP;1364354;0;0;0;0.00
12800;CP;1375495;0;0;0;0.00
12800;CP;1357803;0;0;0;0.00
12800;CP;1356588;0;0;0;0.00
12800;CP;1357378;0;0;0;0.00
12800;CP;1345030;0;0;0;0.00
12800;CP;1354163;0;0;0;0.00
12800;CP;1516216;0;0;0;0.00
12800;CP;1480731;0;0;0;0.00
12800;CP;1372329;0;0;0;0.00
12800;CP;1350329;0;0;0;0.00
12800;CP;1370524;0;0;0;0.00
12800;CP;1347853;0;0;0;0.00
12800;CP;1366385;0;0;0;0.00
12800;CP;1350215;0;0;0;0.00
12800;CP;1371639;0;0;0;0.00
12800;CP;1351537;0;0;0;0.00
12800;CP;1407401;0;0;0;0.00
12800;CP;1381652;0;0;0;0.00
12800;CP;1379466;0;0;0;0.00
12800;CP;1390666;0;0;0;0.00
12800;CP;1376096;0;0;0;0.00
12800;CP;1373420;0;0;0;0.00
12800;CP;1378206;0;0;0;0.00
12800;CP;1369822;0;0;0;0.00
12800;CP;1366246;0;0;0;0.00
12800;CP;1366545;0;0;0;0.00
12800;CP;1357662;0;0;0;0.00
12800;CP;1362616;0;0;0;0.00
12800;SCP;1572885;0;0;0;0.00
12800;SCP;1573018;0;0;0;0.00
12800;SCP;1572347;0;0;0;0.00
12800;SCP;1566081;0;0;0;0.00
12800;SCP;1577582;0;0;0;0.00
12800;SCP;1567553;0;0;0;0.00
12800;SCP;1574399;0;0;0;0.00
12800;SCP;1564678;0;0;0;0.00
12800;SCP;1562380;0;0;0;0.00
12800;SCP;1564297;0;0;0;0.00
12800;SCP;1562728;0;0;0;0.00
12800;SCP;1567934;0;0;0;0.00
12800;SCP;1562507;0;0;0;0.00
12800;SCP;1566681;0;0;0;0.00
12800;SCP;1568634;0;0;0;0.00
12800;SCP;1568149;0;0;0;0.00
12800;SCP;1559108;0;0;0;0.00
12800;SCP;1556827;0;0;0;0.00
12800;SCP;1560200;0;0;0;0.00
12800;SCP;1550906;0;0;0;0.00
12800;SCP;1635200;0;0;0;0.00
12800;SCP;1628414;0;0;0;0.00
12800;SCP;1601963;0;0;0;0.00
12800;SCP;1631535;0;0;0;0.00
12800;SCP;1602991;0;0;0;0.00
12800;SCP;1632932;0;0;0;0.00
12800;SCP;1597764;0;0;0;0.00
12800;SCP;1620178;0;0;0;0.00
12800;SCP;1614558;0;0;0;0.00
12800;SCP;1670464;0;0;0;0.00
12800;SCP;1719214;0;0;0;0.00
12800;SCP;1604757;0;0;0;0.00
12800;SCP;1634658;0;0;0;0.00
12800;SCP;1609748;0;0;0;0.00
12800;SCP;1627819;0;0;0;0.00
12800;SCP;1612427;0;0;0;0.00
12800;SCP;1620832;0;0;0;0.00
12800;SCP;1614189;0;0;0;0.00
12800;SCP;1631462;0;0;0;0.00
12800;SCP;1587842;0;0;0;0.00
12800;SCP;1005967;0;0;0;0.00
12800;SCP;1010839;0;0;0;0.00
12800;SCP;1078676;0;0;0;0.00
12800;SCP;1080069;0;0;0;0.00
12800;SCP;1093416;0;0;0;0.00
12800;SCP;1041453;0;0;0;0.00
12800;SCP;1048690;0;0;0;0.00
12800;SCP;1043139;0;0;0;0.00
12800;SCP;1042603;0;0;0;0.00
12800;SCP;1043661;0;0;0;0.00
12800;SCP;1052935;0;0;0;0.00
12800;SCP;1042791;0;0;0;0.00
12800;SCP;1044668;0;0;0;0.00
12800;SCP;1043312;0;0;0;0.00
12800;SCP;1049944;0;0;0;0.00
12800;SCP;1033573;0;0;0;0.00
12800;SCP;1026455;0;0;0;0.00
12800;SCP;1026207;0;0;0;0.00
12800;SCP;1035316;0;0;0;0.00
12800;SCP;1024677;0;0;0;0.00
12800;KAB;1314;0;0;0;0.00
12800;KAB;1063;0;0;0;0.00
12800;KAB;1069;0;0;0;0.00
12800;KAB;1062;0;0;0;0.00
12800;KAB;1059;0;0;0;0.00
12800;KAB;1061;0;0;0;0.00
12800;KAB;1070;0;0;0;0.00
12800;KAB;1059;0;0;0;0.00
12800;KAB;1061;0;0;0;0.00
12800;KAB;1067;0;0;0;0.00
12800;KAB;1059;0;0;0;0.00
12800;KAB;1061;0;0;0;0.00
12800;KAB;1060;0;0;0;0.00
12800;KAB;1062;0;0;0;0.00
12800;KAB;1070;0;0;0;0.00
12800;KAB;1059;0;0;0;0.00
12800;KAB;1060;0;0;0;0.00
12800;KAB;1073;0;0;0;0.00
12800;KAB;1063;0;0;0;0.00
12800;KAB;1059;0;0;0;0.00
12800;KAB;1421;0;0;0;0.00
12800;KAB;1065;0;0;0;0.00
12800;KAB;1061;0;0;0;0.00
12800;KAB;1059;0;0;0;0.00
12800;KAB;1069;0;0;0;0.00
12800;KAB;1058;0;0;0;0.00
12800;KAB;1069;0;0;0;0.00
12800;KAB;1061;0;0;0;0.00
12800;KAB;1064;0;0;0;0.00
12800;KAB;1072;0;0;0;0.00
12800;KAB;1060;0;0;0;0.00
12800;KAB;1068;0;0;0;0.00
12800;KAB;1062;0;0;0;0.00
12800;KAB;1058;0;0;0;0.00
12800;KAB;1073;0;0;0;0.00
12800;KAB;1059;0;0;0;0.00
12800;KAB;1062;0;0;0;0.00
12800;KAB;1069;0;0;0;0.00
12800;KAB;1055;0;0;0;0.00
12800;KAB;1090;0;0;0;0.00
12800;KAB;988;0;0;0;0.00
12800;KAB;712;0;0;0;0.00
12800;KAB;703;0;0;0;0.00
12800;KAB;702;0;0;0;0.00
12800;KAB;698;0;0;0;0.00
12800;KAB;714;0;0;0;0.00
12800;KAB;702;0;0;0;0.00
12800;KAB;701;0;0;0;0.00
12800;KAB;700;0;0;0;0.00
12800;KAB;707;0;0;0;0.00
12800;KAB;701;0;0;0;0.00
12800;KAB;697;0;0;0;0.00
12800;KAB;699;0;0;0;0.00
12800;KAB;708;0;0;0;0.00
12800;KAB;699;0;0;0;0.00
12800;KAB;704;0;0;0;0.00
12800;KAB;697;0;0;0;0.00
12800;KAB;713;0;0;0;0.00
12800;KAB;698;0;0;0;0.00
12800;KAB;702;0;0;0;0.00
12800;BFDC;2337;0;0;0;2.01
12800;BFDC;2154;0;0;0;2.01
12800;BFDC;2150;0;0;0;2.01
12800;BFDC;2148;0;0;0;2.01
12800;BFDC;2143;0;0;0;2.01
12800;BFDC;2143;0;0;0;2.01
12800;BFDC;2149;0;0;0;2.01
12800;BFDC;2145;0;0;0;2.01
12800;BFDC;2140;0;0;0;2.01
12800;BFDC;2175;0;0;0;2.01
12800;BFDC;2149;0;0;0;2.01
12800;BFDC;2148;0;0;0;2.01
12800;BFDC;2146;0;0;0;2.01
12800;BFDC;2139;0;0;0;2.01
12800;BFDC;2141;0;0;0;2.01
12800;BFDC;2150;0;0;0;2.01
12800;BFDC;2151;0;0;0;2.01
12800;BFDC;2146;0;0;0;2.01
12800;BFDC;2139;0;0;0;2.01
12800;BFDC;2143;0;0;0;2.01
12800;BFDC;417;0;0;0;0.36
12800;BFDC;408;0;0;0;0.36
12800;BFDC;418;0;0;0;0.36
12800;BFDC;407;0;0;0;0.36
12800;BFDC;407;0;0;0;0.36
12800;BFDC;412;0;0;0;0.36
12800;BFDC;408;0;0;0;0.36
12800;BFDC;407;0;0;0;0.36
12800;BFDC;412;0;0;0;0.36
12800;BFDC;407;0;0;0;0.36
12800;BFDC;407;0;0;0;0.36
12800;BFDC;412;0;0;0;0.36
12800;BFDC;407;0;0;0;0.36
12800;BFDC;409;0;0;0;0.36
12800;BFDC;414;0;0;0;0.36
12800;BFDC;412;0;0;0;0.36
12800;BFDC;407;0;0;0;0.36
12800;BFDC;410;0;0;0;0.36
12800;BFDC;405;0;0;0;0.36
12800;BFDC;407;0;0;0;0.36
12800;BFDC;1958;0;0;0;1.89
12800;BFDC;1926;0;0;0;1.89
12800;BFDC;1925;0;0;0;1.89
12800;BFDC;1930;0;0;0;1.89
12800;BFDC;1924;0;0;0;1.89
12800;BFDC;1920;0;0;0;1.89
12800;BFDC;1945;0;0;0;1.89
12800;BFDC;1934;0;0;0;1.89
12800;BFDC;1933;0;0;0;1.89
12800;BFDC;1931;0;0;0;1.89
12800;BFDC;1925;0;0;0;1.89
12800;BFDC;1921;0;0;0;1.89
12800;BFDC;1939;0;0;0;1.89
12800;BFDC;1925;0;0;0;1.89
12800;BFDC;1929;0;0;0;1.89
12800;BFDC;1926;0;0;0;1.89
12800;BFDC;1925;0;0;0;1.89
12800;BFDC;1928;0;0;0;1.89
12800;BFDC;1927;0;0;0;1.89
12800;BFDC;1920;0;0;0;1.89
12800;CRA;1331;0;0;0;0.59
12800;CRA;792;0;0;0;0.59
12800;CRA;758;0;0;0;0.59
12800;CRA;756;0;0;0;0.59
12800;CRA;762;0;0;0;0.59
12800;CRA;756;0;0;0;0.59
12800;CRA;756;0;0;0;0.59
12800;CRA;756;0;0;0;0.59
12800;CRA;756;0;0;0;0.59
12800;CRA;762;0;0;0;0.59
12800;CRA;755;0;0;0;0.59
12800;CRA;756;0;0;0;0.59
12800;CRA;756;0;0;0;0.59
12800;CRA;762;0;0;0;0.59
12800;CRA;756;0;0;0;0.59
12800;CRA;755;0;0;0;0.59
12800;CRA;757;0;0;0;0.59
12800;CRA;756;0;0;0;0.59
12800;CRA;762;0;0;0;0.59
12800;CRA;757;0;0;0;0.59
12800;CRA;826;0;0;0;0.29
12800;CRA;432;0;0;0;0.29
12800;CRA;429;0;0;0;0.29
12800;CRA;430;0;0;0;0.29
12800;CRA;432;0;0;0;0.29
12800;CRA;430;0;0;0;0.29
12800;CRA;432;0;0;0;0.29
12800;CRA;433;0;0;0;0.29
12800;CRA;430;0;0;0;0.29
12800;CRA;431;0;0;0;0.29
12800;CRA;430;0;0;0;0.29
12800;CRA;432;0;0;0;0.29
12800;CRA;431;0;0;0;0.29
12800;CRA;432;0;0;0;0.29
12800;CRA;433;0;0;0;0.29
12800;CRA;429;0;0;0;0.29
12800;CRA;432;0;0;0;0.29
12800;CRA;429;0;0;0;0.29
12800;CRA;431;0;0;0;0.29
12800;CRA;429;0;0;0;0.29
12800;CRA;776;0;0;0;0.27
12800;CRA;439;0;0;0;0.27
12800;CRA;404;0;0;0;0.27
12800;CRA;403;0;0;0;0.27
12800;CRA;403;0;0;0;0.27
12800;CRA;403;0;0;0;0.27
12800;CRA;404;0;0;0;0.27
12800;CRA;403;0;0;0;0.27
12800;CRA;408;0;0;0;0.27
12800;CRA;405;0;0;0;0.27
12800;CRA;404;0;0;0;0.27
12800;CRA;404;0;0;0;0.27
12800;CRA;403;0;0;0;0.27
12800;CRA;406;0;0;0;0.27
12800;CRA;405;0;0;0;0.27
12800;CRA;406;0;0;0;0.27
12800;CRA;404;0;0;0;0.27
12800;CRA;404;0;0;0;0.27
12800;CRA;403;0;0;0;0.27
12800;CRA;406;0;0;0;0.27
3200;RULT;184;0;0;0;1.13
3200;RULT;184;0;0;0;1.13
3200;RULT;183;0;0;0;1.13
3200;RULT;183;0;0;0;1.13
3200;RULT;183;0;0;0;1.13
3200;RULT;183;0;0;0;1.13
3200;RULT;184;0;0;0;1.13
3200;RULT;183;0;0;0;1.13
3200;RULT;185;0;0;0;1.13
3200;RULT;184;0;0;0;1.13
3200;RULT;183;0;0;0;1.13
3200;RULT;188;0;0;0;1.13
3200;RULT;184;0;0;0;1.13
3200;RULT;183;0;0;0;1.13
3200;RULT;184;0;0;0;1.13
3200;RULT;183;0;0;0;1.13
3200;RULT;183;0;0;0;1.13
3200;RULT;183;0;0;0;1.13
3200;RULT;183;0;0;0;1.13
3200;RULT;183;0;0;0;1.13
3200;RULT;145;0;0;0;0.86
3200;RULT;140;0;0;0;0.86
3200;RULT;139;0;0;0;0.86
3200;RULT;140;0;0;0;0.86
3200;RULT;139;0;0;0;0.86
3200;RULT;140;0;0;0;0.86
3200;RULT;146;0;0;0;0.86
3200;RULT;139;0;0;0;0.86
3200;RULT;141;0;0;0;0.86
3200;RULT;139;0;0;0;0.86
3200;RULT;139;0;0;0;0.86
3200;RULT;140;0;0;0;0.86
3200;RULT;141;0;0;0;0.86
3200;RULT;140;0;0;0;0.86
3200;RULT;140;0;0;0;0.86
3200;RULT;140;0;0;0;0.86
3200;RULT;140;0;0;0;0.86
3200;RULT;140;0;0;0;0.86
3200;RULT;140;0;0;0;0.86
3200;RULT;139;0;0;0;0.86
3200;RULT;178;0;0;0;1.08
3200;RULT;177;0;0;0;1.08
3200;RULT;178;0;0;0;1.08
3200;RULT;178;0;0;0;1.08
3200;RULT;178;0;0;0;1.08
3200;RULT;178;0;0;0;1.08
3200;RULT;178;0;0;0;1.08
3200;RULT;177;0;0;0;1.08
3200;RULT;177;0;0;0;1.08
3200;RULT;178;0;0;0;1.08
3200;RULT;177;0;0;0;1.08
3200;RULT;177;0;0;0;1.08
3200;RULT;178;0;0;0;1.08
3200;RULT;177;0;0;0;1.08
3200;RULT;176;0;0;0;1.08
3200;RULT;178;0;0;0;1.08
3200;RULT;176;0;0;0;1.08
3200;RULT;178;0;0;0;1.08
3200;RULT;178;0;0;0;1.08
3200;RULT;178;0;0;0;1.08
3200;ILP;58138;0;0;0;0.00
3200;ILP;57848;0;0;0;0.00
3200;ILP;59283;0;0;0;0.00
3200;ILP;56984;0;0;0;0.00
3200;ILP;57857;0;0;0;0.00
3200;ILP;58011;0;0;0;0.00
3200;ILP;58361;0;0;0;0.00
3200;ILP;58263;0;0;0;0.00
3200;ILP;56845;0;0;0;0.00
3200;ILP;57167;0;0;0;0.00
3200;ILP;56612;0;0;0;0.00
3200;ILP;59022;0;0;0;0.00
3200;ILP;58838;0;0;0;0.00
3200;ILP;57088;0;0;0;0.00
3200;ILP;56940;0;0;0;0.00
3200;ILP;56761;0;0;0;0.00
3200;ILP;57838;0;0;0;0.00
3200;ILP;57233;0;0;0;0.00
3200;ILP;58290;0;0;0;0.00
3200;ILP;57257;0;0;0;0.00
3200;ILP;61507;0;0;0;0.00
3200;ILP;61780;0;0;0;0.00
3200;ILP;59332;0;0;0;0.00
3200;ILP;58961;0;0;0;0.00
3200;ILP;59183;0;0;0;0.00
3200;ILP;59019;0;0;0;0.00
3200;ILP;58822;0;0;0;0.00
3200;ILP;59485;0;0;0;0.00
3200;ILP;58601;0;0;0;0.00
3200;ILP;59279;0;0;0;0.00
3200;ILP;59143;0;0;0;0.00
3200;ILP;58943;0;0;0;0.00
3200;ILP;58165;0;0;0;0.00
3200;ILP;58328;0;0;0;0.00
3200;ILP;58847;0;0;0;0.00
3200;ILP;58058;0;0;0;0.00
3200;ILP;58843;0;0;0;0.00
3200;ILP;61412;0;0;0;0.00
3200;ILP;59464;0;0;0;0.00
3200;ILP;58963;0;0;0;0.00
3200;ILP;57489;0;0;0;0.00
3200;ILP;57611;0;0;0;0.00
3200;ILP;57121;0;0;0;0.00
3200;ILP;57911;0;0;0;0.00
3200;ILP;57771;0;0;0;0.00
3200;ILP;57867;0;0;0;0.00
3200;ILP;58546;0;0;0;0.00
3200;ILP;58775;0;0;0;0.00
3200;ILP;59077;0;0;0;0.00
3200;ILP;58843;0;0;0;0.00
3200;ILP;58828;0;0;0;0.00
3200;ILP;58880;0;0;0;0.00
3200;ILP;59310;0;0;0;0.00
3200;ILP;58901;0;0;0;0.00
3200;ILP;59126;0;0;0;0.00
3200;ILP;59045;0;0;0;0.00
3200;ILP;58701;0;0;0;0.00
3200;ILP;59036;0;0;0;0.00
3200;ILP;58605;0;0;0;0.00
3200;ILP;59060;0;0;0;0.00
3200;CP;268997;0;0;0;0.00
3200;CP;270289;0;0;0;0.00
3200;CP;273252;0;0;0;0.00
3200;CP;266088;0;0;0;0.00
3200;CP;279485;0;0;0;0.00
3200;CP;259877;0;0;0;0.00
3200;CP;284157;0;0;0;0.00
3200;CP;257000;0;0;0;0.00
3200;CP;286581;0;0;0;0.00
3200;CP;257518;0;0;0;0.00
3200;CP;278378;0;0;0;0.00
3200;CP;268810;0;0;0;0.00
3200;CP;271595;0;0;0;0.00
3200;CP;273466;0;0;0;0.00
3200;CP;268679;0;0;0;0.00
3200;CP;274996;0;0;0;0.00
3200;CP;262110;0;0;0;0.00
3200;CP;282615;0;0;0;0.00
3200;CP;256701;0;0;0;0.00
3200;CP;286764;0;0;0;0.00
3200;CP;276210;0;0;0;0.00
3200;CP;274438;0;0;0;0.00
3200;CP;277262;0;0;0;0.00
3200;CP;276687;0;0;0;0.00
3200;CP;273805;0;0;0;0.00
3200;CP;292680;0;0;0;0.00
3200;CP;311432;0;0;0;0.00
3200;CP;310804;0;0;0;0.00
3200;CP;312980;0;0;0;0.00
3200;CP;310855;0;0;0;0.00
3200;CP;313683;0;0;0;0.00
3200;CP;326203;0;0;0;0.00
3200;CP;281270;0;0;0;0.00
3200;CP;279595;0;0;0;0.00
3200;CP;280782;0;0;0;0.00
3200;CP;277672;0;0;0;0.00
3200;CP;276369;0;0;0;0.00
3200;CP;281605;0;0;0;0.00
3200;CP;277175;0;0;0;0.00
3200;CP;276002;0;0;0;0.00
3200;CP;311643;0;0;0;0.00
3200;CP;303135;0;0;0;0.00
3200;CP;270016;0;0;0;0.00
3200;CP;269386;0;0;0;0.00
3200;CP;294092;0;0;0;0.00
3200;CP;311353;0;0;0;0.00
3200;CP;311026;0;0;0;0.00
3200;CP;311628;0;0;0;0.00
3200;CP;312052;0;0;0;0.00
3200;CP;311628;0;0;0;0.00
3200;CP;282090;0;0;0;0.00
3200;CP;269605;0;0;0;0.00
3200;CP;268359;0;0;0;0.00
3200;CP;312747;0;0;0;0.00
3200;CP;313020;0;0;0;0.00
3200;CP;311263;0;0;0;0.00
3200;CP;310250;0;0;0;0.00
3200;CP;311999;0;0;0;0.00
3200;CP;309675;0;0;0;0.00
3200;CP;270279;0;0;0;0.00
3200;SCP;201579;0;0;0;0.00
3200;SCP;207488;0;0;0;0.00
3200;SCP;201599;0;0;0;0.00
3200;SCP;200468;0;0;0;0.00
3200;SCP;205905;0;0;0;0.00
3200;SCP;200985;0;0;0;0.00
3200;SCP;208644;0;0;0;0.00
3200;SCP;203695;0;0;0;0.00
3200;SCP;201471;0;0;0;0.00
3200;SCP;205500;0;0;0;0.00
3200;SCP;200157;0;0;0;0.00
3200;SCP;208352;0;0;0;0.00
3200;SCP;208127;0;0;0;0.00
3200;SCP;200135;0;0;0;0.00
3200;SCP;201288;0;0;0;0.00
3200;SCP;201955;0;0;0;0.00
3200;SCP;203079;0;0;0;0.00
3200;SCP;203433;0;0;0;0.00
3200;SCP;199659;0;0;0;0.00
3200;SCP;199742;0;0;0;0.00
3200;SCP;269741;0;0;0;0.00
3200;SCP;266733;0;0;0;0.00
3200;SCP;267178;0;0;0;0.00
3200;SCP;269908;0;0;0;0.00
3200;SCP;289548;0;0;0;0.00
3200;SCP;298173;0;0;0;0.00
3200;SCP;298868;0;0;0;0.00
3200;SCP;309727;0;0;0;0.00
3200;SCP;312889;0;0;0;0.00
3200;SCP;278900;0;0;0;0.00
3200;SCP;282919;0;0;0;0.00
3200;SCP;267098;0;0;0;0.00
3200;SCP;266999;0;0;0;0.00
3200;SCP;267760;0;0;0;0.00
3200;SCP;267293;0;0;0;0.00
3200;SCP;265716;0;0;0;0.00
3200;SCP;266265;0;0;0;0.00
3200;SCP;270496;0;0;0;0.00
3200;SCP;268698;0;0;0;0.00
3200;SCP;268370;0;0;0;0.00
3200;SCP;530672;0;0;0;0.00
3200;SCP;536112;0;0;0;0.00
3200;SCP;540242;0;0;0;0.00
3200;SCP;541130;0;0;0;0.00
3200;SCP;541260;0;0;0;0.00
3200;SCP;537828;0;0;0;0.00
3200;SCP;540233;0;0;0;0.00
3200;SCP;542833;0;0;0;0.00
3200;SCP;552723;0;0;0;0.00
3200;SCP;544796;0;0;0;0.00
3200;SCP;536730;0;0;0;0.00
3200;SCP;542650;0;0;0;0.00
3200;SCP;540194;0;0;0;0.00
3200;SCP;545410;0;0;0;0.00
3200;SCP;544357;0;0;0;0.00
3200;SCP;542188;0;0;0;0.00
3200;SCP;535586;0;0;0;0.00
3200;SCP;532769;0;0;0;0.00
3200;SCP;533544;0;0;0;0.00
3200;SCP;541814;0;0;0;0.00
3200;KAB;282;0;0;0;0.00
3200;KAB;257;0;0;0;0.00
3200;KAB;249;0;0;0;0.00
3200;KAB;247;0;0;0;0.00
3200;KAB;245;0;0;0;0.00
3200;KAB;246;0;0;0;0.00
3200;KAB;256;0;0;0;0.00
3200;KAB;245;0;0;0;0.00
3200;KAB;246;0;0;0;0.00
3200;KAB;245;0;0;0;0.00
3200;KAB;247;0;0;0;0.00
3200;KAB;247;0;0;0;0.00
3200;KAB;246;0;0;0;0.00
3200;KAB;244;0;0;0;0.00
3200;KAB;247;0;0;0;0.00
3200;KAB;246;0;0;0;0.00
3200;KAB;245;0;0;0;0.00
3200;KAB;247;0;0;0;0.00
3200;KAB;247;0;0;0;0.00
3200;KAB;245;0;0;0;0.00
3200;KAB;235;0;0;0;0.00
3200;KAB;208;0;0;0;0.00
3200;KAB;205;0;0;0;0.00
3200;KAB;206;0;0;0;0.00
3200;KAB;205;0;0;0;0.00
3200;KAB;202;0;0;0;0.00
3200;KAB;205;0;0;0;0.00
3200;KAB;204;0;0;0;0.00
3200;KAB;204;0;0;0;0.00
3200;KAB;208;0;0;0;0.00
3200;KAB;206;0;0;0;0.00
3200;KAB;206;0;0;0;0.00
3200;KAB;203;0;0;0;0.00
3200;KAB;204;0;0;0;0.00
3200;KAB;203;0;0;0;0.00
3200;KAB;205;0;0;0;0.00
3200;KAB;205;0;0;0;0.00
3200;KAB;205;0;0;0;0.00
3200;KAB;203;0;0;0;0.00
3200;KAB;206;0;0;0;0.00
3200;KAB;277;0;0;0;0.00
3200;KAB;247;0;0;0;0.00
3200;KAB;242;0;0;0;0.00
3200;KAB;244;0;0;0;0.00
3200;KAB;242;0;0;0;0.00
3200;KAB;242;0;0;0;0.00
3200;KAB;243;0;0;0;0.00
3200;KAB;246;0;0;0;0.00
3200;KAB;244;0;0;0;0.00
3200;KAB;242;0;0;0;0.00
3200;KAB;245;0;0;0;0.00
3200;KAB;248;0;0;0;0.00
3200;KAB;244;0;0;0;0.00
3200;KAB;245;0;0;0;0.00
3200;KAB;246;0;0;0;0.00
3200;KAB;244;0;0;0;0.00
3200;KAB;246;0;0;0;0.00
3200;KAB;247;0;0;0;0.00
3200;KAB;245;0;0;0;0.00
3200;KAB;246;0;0;0;0.00
3200;BFDC;365;0;0;0;1.60
3200;BFDC;361;0;0;0;1.60
3200;BFDC;361;0;0;0;1.60
3200;BFDC;364;0;0;0;1.60
3200;BFDC;358;0;0;0;1.60
3200;BFDC;359;0;0;0;1.60
3200;BFDC;358;0;0;0;1.60
3200;BFDC;359;0;0;0;1.60
3200;BFDC;359;0;0;0;1.60
3200;BFDC;360;0;0;0;1.60
3200;BFDC;363;0;0;0;1.60
3200;BFDC;360;0;0;0;1.60
3200;BFDC;359;0;0;0;1.60
3200;BFDC;359;0;0;0;1.60
3200;BFDC;359;0;0;0;1.60
3200;BFDC;360;0;0;0;1.60
3200;BFDC;359;0;0;0;1.60
3200;BFDC;364;0;0;0;1.60
3200;BFDC;360;0;0;0;1.60
3200;BFDC;359;0;0;0;1.60
3200;BFDC;260;0;0;0;1.10
3200;BFDC;257;0;0;0;1.10
3200;BFDC;257;0;0;0;1.10
3200;BFDC;258;0;0;0;1.10
3200;BFDC;258;0;0;0;1.10
3200;BFDC;258;0;0;0;1.10
3200;BFDC;264;0;0;0;1.10
3200;BFDC;257;0;0;0;1.10
3200;BFDC;257;0;0;0;1.10
3200;BFDC;256;0;0;0;1.10
3200;BFDC;256;0;0;0;1.10
3200;BFDC;257;0;0;0;1.10
3200;BFDC;257;0;0;0;1.10
3200;BFDC;258;0;0;0;1.10
3200;BFDC;256;0;0;0;1.10
3200;BFDC;257;0;0;0;1.10
3200;BFDC;257;0;0;0;1.10
3200;BFDC;258;0;0;0;1.10
3200;BFDC;256;0;0;0;1.10
3200;BFDC;256;0;0;0;1.10
3200;BFDC;356;0;0;0;1.55
3200;BFDC;352;0;0;0;1.55
3200;BFDC;351;0;0;0;1.55
3200;BFDC;351;0;0;0;1.55
3200;BFDC;349;0;0;0;1.55
3200;BFDC;350;0;0;0;1.55
3200;BFDC;355;0;0;0;1.55
3200;BFDC;350;0;0;0;1.55
3200;BFDC;350;0;0;0;1.55
3200;BFDC;350;0;0;0;1.55
3200;BFDC;352;0;0;0;1.55
3200;BFDC;351;0;0;0;1.55
3200;BFDC;350;0;0;0;1.55
3200;BFDC;357;0;0;0;1.55
3200;BFDC;350;0;0;0;1.55
3200;BFDC;349;0;0;0;1.55
3200;BFDC;351;0;0;0;1.55
3200;BFDC;351;0;0;0;1.55
3200;BFDC;351;0;0;0;1.55
3200;BFDC;350;0;0;0;1.55
3200;CRA;190;0;0;0;0.75
3200;CRA;185;0;0;0;0.75
3200;CRA;185;0;0;0;0.75
3200;CRA;186;0;0;0;0.75
3200;CRA;183;0;0;0;0.75
3200;CRA;186;0;0;0;0.75
3200;CRA;186;0;0;0;0.75
3200;CRA;184;0;0;0;0.75
3200;CRA;184;0;0;0;0.75
3200;CRA;186;0;0;0;0.75
3200;CRA;186;0;0;0;0.75
3200;CRA;186;0;0;0;0.75
3200;CRA;186;0;0;0;0.75
3200;CRA;184;0;0;0;0.75
3200;CRA;186;0;0;0;0.75
3200;CRA;185;0;0;0;0.75
3200;CRA;185;0;0;0;0.75
3200;CRA;188;0;0;0;0.75
3200;CRA;184;0;0;0;0.75
3200;CRA;186;0;0;0;0.75
3200;CRA;120;0;0;0;0.10
3200;CRA;50;0;0;0;0.10
3200;CRA;48;0;0;0;0.10
3200;CRA;48;0;0;0;0.10
3200;CRA;48;0;0;0;0.10
3200;CRA;48;0;0;0;0.10
3200;CRA;48;0;0;0;0.10
3200;CRA;47;0;0;0;0.10
3200;CRA;47;0;0;0;0.10
3200;CRA;47;0;0;0;0.10
3200;CRA;47;0;0;0;0.10
3200;CRA;47;0;0;0;0.10
3200;CRA;47;0;0;0;0.10
3200;CRA;47;0;0;0;0.10
3200;CRA;47;0;0;0;0.10
3200;CRA;47;0;0;0;0.10
3200;CRA;47;0;0;0;0.10
3200;CRA;47;0;0;0;0.10
3200;CRA;47;0;0;0;0.10
3200;CRA;47;0;0;0;0.10
3200;CRA;163;0;0;0;0.59
3200;CRA;158;0;0;0;0.59
3200;CRA;157;0;0;0;0.59
3200;CRA;156;0;0;0;0.59
3200;CRA;156;0;0;0;0.59
3200;CRA;155;0;0;0;0.59
3200;CRA;157;0;0;0;0.59
3200;CRA;157;0;0;0;0.59
3200;CRA;162;0;0;0;0.59
3200;CRA;155;0;0;0;0.59
3200;CRA;155;0;0;0;0.59
3200;CRA;158;0;0;0;0.59
3200;CRA;157;0;0;0;0.59
3200;CRA;157;0;0;0;0.59
3200;CRA;156;0;0;0;0.59
3200;CRA;157;0;0;0;0.59
3200;CRA;158;0;0;0;0.59
3200;CRA;158;0;0;0;0.59
3200;CRA;158;0;0;0;0.59
3200;CRA;158;0;0;0;0.59
400;ULT;2111;0;0;0;13.77
400;ULT;2088;0;0;0;13.77
400;ULT;2080;0;0;0;13.77
400;ULT;2085;0;0;0;13.77
400;ULT;2157;0;0;0;13.77
400;ULT;2075;0;0;0;13.77
400;ULT;2080;0;0;0;13.77
400;ULT;2079;0;0;0;13.77
400;ULT;2087;0;0;0;13.77
400;ULT;2139;0;0;0;13.77
400;ULT;2085;0;0;0;13.77
400;ULT;2097;0;0;0;13.77
400;ULT;2085;0;0;0;13.77
400;ULT;2156;0;0;0;13.77
400;ULT;2086;0;0;0;13.77
400;ULT;2084;0;0;0;13.77
400;ULT;2080;0;0;0;13.77
400;ULT;2152;0;0;0;13.77
400;ULT;2076;0;0;0;13.77
400;ULT;2081;0;0;0;13.77
400;ULT;22256;0;0;0;148.90
400;ULT;26712;0;0;0;148.90
400;ULT;22178;0;0;0;148.90
400;ULT;22077;0;0;0;148.90
400;ULT;22272;0;0;0;148.90
400;ULT;22149;0;0;0;148.90
400;ULT;22124;0;0;0;148.90
400;ULT;22200;0;0;0;148.90
400;ULT;22127;0;0;0;148.90
400;ULT;22078;0;0;0;148.90
400;ULT;22236;0;0;0;148.90
400;ULT;22244;0;0;0;148.90
400;ULT;22196;0;0;0;148.90
400;ULT;22117;0;0;0;148.90
400;ULT;22143;0;0;0;148.90
400;ULT;22319;0;0;0;148.90
400;ULT;22158;0;0;0;148.90
400;ULT;22197;0;0;0;148.90
400;ULT;22071;0;0;0;148.90
400;ULT;22113;0;0;0;148.90
400;ULT;30338;0;0;0;204.54
400;ULT;31793;0;0;0;204.54
400;ULT;30395;0;0;0;204.54
400;ULT;30475;0;0;0;204.54
400;ULT;30398;0;0;0;204.54
400;ULT;30382;0;0;0;204.54
400;ULT;30663;0;0;0;204.54
400;ULT;30424;0;0;0;204.54
400;ULT;30696;0;0;0;204.54
400;ULT;30601;0;0;0;204.54
400;ULT;30283;0;0;0;204.54
400;ULT;30401;0;0;0;204.54
400;ULT;30340;0;0;0;204.54
400;ULT;30550;0;0;0;204.54
400;ULT;30622;0;0;0;204.54
400;ULT;30375;0;0;0;204.54
400;ULT;30400;0;0;0;204.54
400;ULT;30294;0;0;0;204.54
400;ULT;30337;0;0;0;204.54
400;ULT;30492;0;0;0;204.54
400;RULT;21;0;0;0;1.14
400;RULT;21;0;0;0;1.14
400;RULT;21;0;0;0;1.14
400;RULT;21;0;0;0;1.14
400;RULT;21;0;0;0;1.14
400;RULT;21;0;0;0;1.14
400;RULT;20;0;0;0;1.14
400;RULT;20;0;0;0;1.14
400;RULT;20;0;0;0;1.14
400;RULT;20;0;0;0;1.14
400;RULT;21;0;0;0;1.14
400;RULT;21;0;0;0;1.14
400;RULT;21;0;0;0;1.14
400;RULT;20;0;0;0;1.14
400;RULT;21;0;0;0;1.14
400;RULT;20;0;0;0;1.14
400;RULT;20;0;0;0;1.14
400;RULT;26;0;0;0;1.14
400;RULT;21;0;0;0;1.14
400;RULT;20;0;0;0;1.14
400;RULT;32;0;0;0;1.69
400;RULT;31;0;0;0;1.69
400;RULT;31;0;0;0;1.69
400;RULT;31;0;0;0;1.69
400;RULT;31;0;0;0;1.69
400;RULT;31;0;0;0;1.69
400;RULT;31;0;0;0;1.69
400;RULT;31;0;0;0;1.69
400;RULT;31;0;0;0;1.69
400;RULT;31;0;0;0;1.69
400;RULT;31;0;0;0;1.69
400;RULT;31;0;0;0;1.69
400;RULT;31;0;0;0;1.69
400;RULT;31;0;0;0;1.69
400;RULT;32;0;0;0;1.69
400;RULT;31;0;0;0;1.69
400;RULT;31;0;0;0;1.69
400;RULT;31;0;0;0;1.69
400;RULT;32;0;0;0;1.69
400;RULT;31;0;0;0;1.69
400;RULT;12;0;0;0;0.54
400;RULT;11;0;0;0;0.54
400;RULT;11;0;0;0;0.54
400;RULT;11;0;0;0;0.54
400;RULT;11;0;0;0;0.54
400;RULT;11;0;0;0;0.54
400;RULT;11;0;0;0;0.54
400;RULT;11;0;0;0;0.54
400;RULT;11;0;0;0;0.54
400;RULT;11;0;0;0;0.54
400;RULT;11;0;0;0;0.54
400;RULT;11;0;0;0;0.54
400;RULT;11;0;0;0;0.54
400;RULT;11;0;0;0;0.54
400;RULT;11;0;0;0;0.54
400;RULT;11;0;0;0;0.54
400;RULT;11;0;0;0;0.54
400;RULT;11;0;0;0;0.54
400;RULT;11;0;0;0;0.54
400;RULT;11;0;0;0;0.54
400;ILP;9223;0;0;0;0.00
400;ILP;7105;0;0;0;0.00
400;ILP;6892;0;0;0;0.00
400;ILP;7050;0;0;0;0.00
400;ILP;6903;0;0;0;0.00
400;ILP;7026;0;0;0;0.00
400;ILP;7051;0;0;0;0.00
400;ILP;6988;0;0;0;0.00
400;ILP;6899;0;0;0;0.00
400;ILP;6908;0;0;0;0.00
400;ILP;7071;0;0;0;0.00
400;ILP;6844;0;0;0;0.00
400;ILP;6899;0;0;0;0.00
400;ILP;6853;0;0;0;0.00
400;ILP;6913;0;0;0;0.00
400;ILP;7039;0;0;0;0.00
400;ILP;6820;0;0;0;0.00
400;ILP;7077;0;0;0;0.00
400;ILP;6966;0;0;0;0.00
400;ILP;7045;0;0;0;0.00
400;ILP;9350;0;0;0;0.00
400;ILP;7129;0;0;0;0.00
400;ILP;7027;0;0;0;0.00
400;ILP;7188;0;0;0;0.00
400;ILP;7034;0;0;0;0.00
400;ILP;7024;0;0;0;0.00
400;ILP;7092;0;0;0;0.00
400;ILP;7040;0;0;0;0.00
400;ILP;7004;0;0;0;0.00
400;ILP;7127;0;0;0;0.00
400;ILP;7175;0;0;0;0.00
400;ILP;7025;0;0;0;0.00
400;ILP;7009;0;0;0;0.00
400;ILP;7121;0;0;0;0.00
400;ILP;7018;0;0;0;0.00
400;ILP;7040;0;0;0;0.00
400;ILP;7028;0;0;0;0.00
400;ILP;7019;0;0;0;0.00
400;ILP;7122;0;0;0;0.00
400;ILP;6983;0;0;0;0.00
400;ILP;9487;0;0;0;0.00
400;ILP;7033;0;0;0;0.00
400;ILP;7026;0;0;0;0.00
400;ILP;7015;0;0;0;0.00
400;ILP;7009;0;0;0;0.00
400;ILP;7043;0;0;0;0.00
400;ILP;7001;0;0;0;0.00
400;ILP;7101;0;0;0;0.00
400;ILP;6984;0;0;0;0.00
400;ILP;7105;0;0;0;0.00
400;ILP;7120;0;0;0;0.00
400;ILP;7020;0;0;0;0.00
400;ILP;7020;0;0;0;0.00
400;ILP;6980;0;0;0;0.00
400;ILP;7107;0;0;0;0.00
400;ILP;6973;0;0;0;0.00
400;ILP;7153;0;0;0;0.00
400;ILP;7000;0;0;0;0.00
400;ILP;7000;0;0;0;0.00
400;ILP;6962;0;0;0;0.00
400;CP;29551;0;0;0;0.00
400;CP;25621;0;0;0;0.00
400;CP;25539;0;0;0;0.00
400;CP;25823;0;0;0;0.00
400;CP;25645;0;0;0;0.00
400;CP;25688;0;0;0;0.00
400;CP;25893;0;0;0;0.00
400;CP;25837;0;0;0;0.00
400;CP;25978;0;0;0;0.00
400;CP;25976;0;0;0;0.00
400;CP;25793;0;0;0;0.00
400;CP;25550;0;0;0;0.00
400;CP;25850;0;0;0;0.00
400;CP;25904;0;0;0;0.00
400;CP;25873;0;0;0;0.00
400;CP;25824;0;0;0;0.00
400;CP;25565;0;0;0;0.00
400;CP;25855;0;0;0;0.00
400;CP;25589;0;0;0;0.00
400;CP;25588;0;0;0;0.00
400;CP;28987;0;0;0;0.00
400;CP;24836;0;0;0;0.00
400;CP;24340;0;0;0;0.00
400;CP;24135;0;0;0;0.00
400;CP;24401;0;0;0;0.00
400;CP;24293;0;0;0;0.00
400;CP;24643;0;0;0;0.00
400;CP;25930;0;0;0;0.00
400;CP;24438;0;0;0;0.00
400;CP;24278;0;0;0;0.00
400;CP;24257;0;0;0;0.00
400;CP;24251;0;0;0;0.00
400;CP;24174;0;0;0;0.00
400;CP;24119;0;0;0;0.00
400;CP;24698;0;0;0;0.00
400;CP;24318;0;0;0;0.00
400;CP;23960;0;0;0;0.00
400;CP;24078;0;0;0;0.00
400;CP;24283;0;0;0;0.00
400;CP;24449;0;0;0;0.00
400;CP;29800;0;0;0;0.00
400;CP;25927;0;0;0;0.00
400;CP;25569;0;0;0;0.00
400;CP;25347;0;0;0;0.00
400;CP;25421;0;0;0;0.00
400;CP;25535;0;0;0;0.00
400;CP;26759;0;0;0;0.00
400;CP;25715;0;0;0;0.00
400;CP;25533;0;0;0;0.00
400;CP;25684;0;0;0;0.00
400;CP;25790;0;0;0;0.00
400;CP;25849;0;0;0;0.00
400;CP;25618;0;0;0;0.00
400;CP;25907;0;0;0;0.00
400;CP;25879;0;0;0;0.00
400;CP;25606;0;0;0;0.00
400;CP;25825;0;0;0;0.00
400;CP;25775;0;0;0;0.00
400;CP;25309;0;0;0;0.00
400;CP;25836;0;0;0;0.00
400;SCP;12565;0;0;0;0.00
400;SCP;12556;0;0;0;0.00
400;SCP;12398;0;0;0;0.00
400;SCP;12512;0;0;0;0.00
400;SCP;12530;0;0;0;0.00
400;SCP;12469;0;0;0;0.00
400;SCP;12574;0;0;0;0.00
400;SCP;12607;0;0;0;0.00
400;SCP;12454;0;0;0;0.00
400;SCP;12483;0;0;0;0.00
400;SCP;12409;0;0;0;0.00
400;SCP;12495;0;0;0;0.00
400;SCP;12542;0;0;0;0.00
400;SCP;12545;0;0;0;0.00
400;SCP;12388;0;0;0;0.00
400;SCP;12356;0;0;0;0.00
400;SCP;12548;0;0;0;0.00
400;SCP;12627;0;0;0;0.00
400;SCP;12508;0;0;0;0.00
400;SCP;12653;0;0;0;0.00
400;SCP;24703;0;0;0;0.00
400;SCP;23932;0;0;0;0.00
400;SCP;23642;0;0;0;0.00
400;SCP;23724;0;0;0;0.00
400;SCP;23502;0;0;0;0.00
400;SCP;23621;0;0;0;0.00
400;SCP;23706;0;0;0;0.00
400;SCP;23940;0;0;0;0.00
400;SCP;23768;0;0;0;0.00
400;SCP;23706;0;0;0;0.00
400;SCP;23973;0;0;0;0.00
400;SCP;23801;0;0;0;0.00
400;SCP;23655;0;0;0;0.00
400;SCP;23753;0;0;0;0.00
400;SCP;23738;0;0;0;0.00
400;SCP;23745;0;0;0;0.00
400;SCP;23849;0;0;0;0.00
400;SCP;23786;0;0;0;0.00
400;SCP;23946;0;0;0;0.00
400;SCP;23713;0;0;0;0.00
400;SCP;66684;0;0;0;0.00
400;SCP;66206;0;0;0;0.00
400;SCP;66795;0;0;0;0.00
400;SCP;65995;0;0;0;0.00
400;SCP;67401;0;0;0;0.00
400;SCP;66428;0;0;0;0.00
400;SCP;66597;0;0;0;0.00
400;SCP;66062;0;0;0;0.00
400;SCP;66345;0;0;0;0.00
400;SCP;66398;0;0;0;0.00
400;SCP;67475;0;0;0;0.00
400;SCP;67643;0;0;0;0.00
400;SCP;66461;0;0;0;0.00
400;SCP;66285;0;0;0;0.00
400;SCP;67480;0;0;0;0.00
400;SCP;66288;0;0;0;0.00
400;SCP;66316;0;0;0;0.00
400;SCP;66009;0;0;0;0.00
400;SCP;66457;0;0;0;0.00
400;SCP;66492;0;0;0;0.00
400;KAB;184;0;0;0;0.00
400;KAB;25;0;0;0;0.00
400;KAB;25;0;0;0;0.00
400;KAB;24;0;0;0;0.00
400;KAB;24;0;0;0;0.00
400;KAB;24;0;0;0;0.00
400;KAB;24;0;0;0;0.00
400;KAB;24;0;0;0;0.00
400;KAB;24;0;0;0;0.00
400;KAB;24;0;0;0;0.00
400;KAB;24;0;0;0;0.00
400;KAB;24;0;0;0;0.00
400;KAB;24;0;0;0;0.00
400;KAB;24;0;0;0;0.00
400;KAB;24;0;0;0;0.00
400;KAB;24;0;0;0;0.00
400;KAB;24;0;0;0;0.00
400;KAB;24;0;0;0;0.00
400;KAB;24;0;0;0;0.00
400;KAB;24;0;0;0;0.00
400;KAB;184;0;0;0;0.00
400;KAB;26;0;0;0;0.00
400;KAB;24;0;0;0;0.00
400;KAB;23;0;0;0;0.00
400;KAB;22;0;0;0;0.00
400;KAB;22;0;0;0;0.00
400;KAB;21;0;0;0;0.00
400;KAB;21;0;0;0;0.00
400;KAB;20;0;0;0;0.00
400;KAB;20;0;0;0;0.00
400;KAB;20;0;0;0;0.00
400;KAB;20;0;0;0;0.00
400;KAB;19;0;0;0;0.00
400;KAB;19;0;0;0;0.00
400;KAB;19;0;0;0;0.00
400;KAB;19;0;0;0;0.00
400;KAB;19;0;0;0;0.00
400;KAB;19;0;0;0;0.00
400;KAB;19;0;0;0;0.00
400;KAB;19;0;0;0;0.00
400;KAB;190;0;0;0;0.00
400;KAB;21;0;0;0;0.00
400;KAB;19;0;0;0;0.00
400;KAB;18;0;0;0;0.00
400;KAB;17;0;0;0;0.00
400;KAB;17;0;0;0;0.00
400;KAB;16;0;0;0;0.00
400;KAB;16;0;0;0;0.00
400;KAB;16;0;0;0;0.00
400;KAB;15;0;0;0;0.00
400;KAB;15;0;0;0;0.00
400;KAB;15;0;0;0;0.00
400;KAB;15;0;0;0;0.00
400;KAB;15;0;0;0;0.00
400;KAB;15;0;0;0;0.00
400;KAB;15;0;0;0;0.00
400;KAB;14;0;0;0;0.00
400;KAB;14;0;0;0;0.00
400;KAB;14;0;0;0;0.00
400;KAB;14;0;0;0;0.00
400;BFDC;44;0;0;0;1.58
400;BFDC;41;0;0;0;1.58
400;BFDC;41;0;0;0;1.58
400;BFDC;40;0;0;0;1.58
400;BFDC;39;0;0;0;1.58
400;BFDC;39;0;0;0;1.58
400;BFDC;39;0;0;0;1.58
400;BFDC;39;0;0;0;1.58
400;BFDC;38;0;0;0;1.58
400;BFDC;38;0;0;0;1.58
400;BFDC;38;0;0;0;1.58
400;BFDC;38;0;0;0;1.58
400;BFDC;38;0;0;0;1.58
400;BFDC;38;0;0;0;1.58
400;BFDC;38;0;0;0;1.58
400;BFDC;38;0;0;0;1.58
400;BFDC;38;0;0;0;1.58
400;BFDC;38;0;0;0;1.58
400;BFDC;38;0;0;0;1.58
400;BFDC;38;0;0;0;1.58
400;BFDC;67;0;0;0;2.51
400;BFDC;64;0;0;0;2.51
400;BFDC;64;0;0;0;2.51
400;BFDC;64;0;0;0;2.51
400;BFDC;64;0;0;0;2.51
400;BFDC;64;0;0;0;2.51
400;BFDC;63;0;0;0;2.51
400;BFDC;63;0;0;0;2.51
400;BFDC;64;0;0;0;2.51
400;BFDC;64;0;0;0;2.51
400;BFDC;63;0;0;0;2.51
400;BFDC;64;0;0;0;2.51
400;BFDC;64;0;0;0;2.51
400;BFDC;64;0;0;0;2.51
400;BFDC;63;0;0;0;2.51
400;BFDC;63;0;0;0;2.51
400;BFDC;63;0;0;0;2.51
400;BFDC;64;0;0;0;2.51
400;BFDC;63;0;0;0;2.51
400;BFDC;63;0;0;0;2.51
400;BFDC;21;0;0;0;0.71
400;BFDC;20;0;0;0;0.71
400;BFDC;19;0;0;0;0.71
400;BFDC;18;0;0;0;0.71
400;BFDC;18;0;0;0;0.71
400;BFDC;18;0;0;0;0.71
400;BFDC;18;0;0;0;0.71
400;BFDC;18;0;0;0;0.71
400;BFDC;17;0;0;0;0.71
400;BFDC;17;0;0;0;0.71
400;BFDC;17;0;0;0;0.71
400;BFDC;17;0;0;0;0.71
400;BFDC;17;0;0;0;0.71
400;BFDC;17;0;0;0;0.71
400;BFDC;17;0;0;0;0.71
400;BFDC;17;0;0;0;0.71
400;BFDC;17;0;0;0;0.71
400;BFDC;17;0;0;0;0.71
400;BFDC;17;0;0;0;0.71
400;BFDC;17;0;0;0;0.71
400;CRA;21;0;0;0;0.76
400;CRA;16;0;0;0;0.76
400;CRA;14;0;0;0;0.76
400;CRA;13;0;0;0;0.76
400;CRA;13;0;0;0;0.76
400;CRA;13;0;0;0;0.76
400;CRA;12;0;0;0;0.76
400;CRA;12;0;0;0;0.76
400;CRA;12;0;0;0;0.76
400;CRA;12;0;0;0;0.76
400;CRA;12;0;0;0;0.76
400;CRA;12;0;0;0;0.76
400;CRA;12;0;0;0;0.76
400;CRA;12;0;0;0;0.76
400;CRA;12;0;0;0;0.76
400;CRA;12;0;0;0;0.76
400;CRA;12;0;0;0;0.76
400;CRA;12;0;0;0;0.76
400;CRA;12;0;0;0;0.76
400;CRA;12;0;0;0;0.76
400;CRA;14;0;0;0;0.37
400;CRA;11;0;0;0;0.37
400;CRA;10;0;0;0;0.37
400;CRA;9;0;0;0;0.37
400;CRA;9;0;0;0;0.37
400;CRA;9;0;0;0;0.37
400;CRA;9;0;0;0;0.37
400;CRA;9;0;0;0;0.37
400;CRA;9;0;0;0;0.37
400;CRA;9;0;0;0;0.37
400;CRA;9;0;0;0;0.37
400;CRA;9;0;0;0;0.37
400;CRA;9;0;0;0;0.37
400;CRA;9;0;0;0;0.37
400;CRA;9;0;0;0;0.37
400;CRA;9;0;0;0;0.37
400;CRA;9;0;0;0;0.37
400;CRA;9;0;0;0;0.37
400;CRA;9;0;0;0;0.37
400;CRA;9;0;0;0;0.37
400;CRA;17;0;0;0;0.51
400;CRA;13;0;0;0;0.51
400;CRA;11;0;0;0;0.51
400;CRA;11;0;0;0;0.51
400;CRA;10;0;0;0;0.51
400;CRA;10;0;0;0;0.51
400;CRA;10;0;0;0;0.51
400;CRA;10;0;0;0;0.51
400;CRA;10;0;0;0;0.51
400;CRA;10;0;0;0;0.51
400;CRA;10;0;0;0;0.51
400;CRA;10;0;0;0;0.51
400;CRA;10;0;0;0;0.51
400;CRA;10;0;0;0;0.51
400;CRA;10;0;0;0;0.51
400;CRA;10;0;0;0;0.51
400;CRA;10;0;0;0;0.51
400;CRA;10;0;0;0;0.51
400;CRA;10;0;0;0;0.51
400;CRA;10;0;0;0;0.51
6400;RULT;328;0;0;0;0.96
6400;RULT;315;0;0;0;0.96
6400;RULT;317;0;0;0;0.96
6400;RULT;313;0;0;0;0.96
6400;RULT;312;0;0;0;0.96
6400;RULT;313;0;0;0;0.96
6400;RULT;312;0;0;0;0.96
6400;RULT;312;0;0;0;0.96
6400;RULT;312;0;0;0;0.96
6400;RULT;312;0;0;0;0.96
6400;RULT;328;0;0;0;0.96
6400;RULT;330;0;0;0;0.96
6400;RULT;315;0;0;0;0.96
6400;RULT;318;0;0;0;0.96
6400;RULT;312;0;0;0;0.96
6400;RULT;312;0;0;0;0.96
6400;RULT;318;0;0;0;0.96
6400;RULT;312;0;0;0;0.96
6400;RULT;313;0;0;0;0.96
6400;RULT;318;0;0;0;0.96
6400;RULT;221;0;0;0;0.65
6400;RULT;219;0;0;0;0.65
6400;RULT;217;0;0;0;0.65
6400;RULT;217;0;0;0;0.65
6400;RULT;217;0;0;0;0.65
6400;RULT;221;0;0;0;0.65
6400;RULT;217;0;0;0;0.65
6400;RULT;218;0;0;0;0.65
6400;RULT;217;0;0;0;0.65
6400;RULT;217;0;0;0;0.65
6400;RULT;217;0;0;0;0.65
6400;RULT;216;0;0;0;0.65
6400;RULT;217;0;0;0;0.65
6400;RULT;218;0;0;0;0.65
6400;RULT;218;0;0;0;0.65
6400;RULT;218;0;0;0;0.65
6400;RULT;217;0;0;0;0.65
6400;RULT;217;0;0;0;0.65
6400;RULT;218;0;0;0;0.65
6400;RULT;223;0;0;0;0.65
6400;RULT;343;0;0;0;0.98
6400;RULT;322;0;0;0;0.98
6400;RULT;319;0;0;0;0.98
6400;RULT;322;0;0;0;0.98
6400;RULT;318;0;0;0;0.98
6400;RULT;324;0;0;0;0.98
6400;RULT;319;0;0;0;0.98
6400;RULT;321;0;0;0;0.98
6400;RULT;320;0;0;0;0.98
6400;RULT;320;0;0;0;0.98
6400;RULT;325;0;0;0;0.98
6400;RULT;319;0;0;0;0.98
6400;RULT;320;0;0;0;0.98
6400;RULT;327;0;0;0;0.98
6400;RULT;320;0;0;0;0.98
6400;RULT;320;0;0;0;0.98
6400;RULT;320;0;0;0;0.98
6400;RULT;322;0;0;0;0.98
6400;RULT;324;0;0;0;0.98
6400;RULT;322;0;0;0;0.98
6400;ILP;121526;0;0;0;0.00
6400;ILP;126571;0;0;0;0.00
6400;ILP;119920;0;0;0;0.00
6400;ILP;127617;0;0;0;0.00
6400;ILP;121750;0;0;0;0.00
6400;ILP;122127;0;0;0;0.00
6400;ILP;127671;0;0;0;0.00
6400;ILP;121339;0;0;0;0.00
6400;ILP;127423;0;0;0;0.00
6400;ILP;120527;0;0;0;0.00
6400;ILP;120888;0;0;0;0.00
6400;ILP;120225;0;0;0;0.00
6400;ILP;119785;0;0;0;0.00
6400;ILP;126195;0;0;0;0.00
6400;ILP;120714;0;0;0;0.00
6400;ILP;126131;0;0;0;0.00
6400;ILP;121847;0;0;0;0.00
6400;ILP;120983;0;0;0;0.00
6400;ILP;126791;0;0;0;0.00
6400;ILP;120514;0;0;0;0.00
6400;ILP;120625;0;0;0;0.00
6400;ILP;119831;0;0;0;0.00
6400;ILP;121247;0;0;0;0.00
6400;ILP;121107;0;0;0;0.00
6400;ILP;119345;0;0;0;0.00
6400;ILP;130560;0;0;0;0.00
6400;ILP;123716;0;0;0;0.00
6400;ILP;124512;0;0;0;0.00
6400;ILP;125788;0;0;0;0.00
6400;ILP;126713;0;0;0;0.00
6400;ILP;124990;0;0;0;0.00
6400;ILP;124244;0;0;0;0.00
6400;ILP;123511;0;0;0;0.00
6400;ILP;123744;0;0;0;0.00
6400;ILP;123774;0;0;0;0.00
6400;ILP;123975;0;0;0;0.00
6400;ILP;124503;0;0;0;0.00
6400;ILP;124221;0;0;0;0.00
6400;ILP;124992;0;0;0;0.00
6400;ILP;125408;0;0;0;0.00
6400;ILP;126447;0;0;0;0.00
6400;ILP;126132;0;0;0;0.00
6400;ILP;128004;0;0;0;0.00
6400;ILP;126504;0;0;0;0.00
6400;ILP;126336;0;0;0;0.00
6400;ILP;127242;0;0;0;0.00
6400;ILP;126406;0;0;0;0.00
6400;ILP;127225;0;0;0;0.00
6400;ILP;126965;0;0;0;0.00
6400;ILP;126087;0;0;0;0.00
6400;ILP;126258;0;0;0;0.00
6400;ILP;127624;0;0;0;0.00
6400;ILP;126813;0;0;0;0.00
6400;ILP;126375;0;0;0;0.00
6400;ILP;128721;0;0;0;0.00
6400;ILP;131265;0;0;0;0.00
6400;ILP;130074;0;0;0;0.00
6400;ILP;125327;0;0;0;0.00
6400;ILP;131510;0;0;0;0.00
6400;ILP;130334;0;0;0;0.00
6400;CP;650625;0;0;0;0.00
6400;CP;648039;0;0;0;0.00
6400;CP;646496;0;0;0;0.00
6400;CP;647196;0;0;0;0.00
6400;CP;646157;0;0;0;0.00
6400;CP;635693;0;0;0;0.00
6400;CP;635704;0;0;0;0.00
6400;CP;634896;0;0;0;0.00
6400;CP;640837;0;0;0;0.00
6400;CP;638945;0;0;0;0.00
6400;CP;635418;0;0;0;0.00
6400;CP;677544;0;0;0;0.00
6400;CP;705914;0;0;0;0.00
6400;CP;705503;0;0;0;0.00
6400;CP;739921;0;0;0;0.00
6400;CP;665319;0;0;0;0.00
6400;CP;652588;0;0;0;0.00
6400;CP;651892;0;0;0;0.00
6400;CP;653361;0;0;0;0.00
6400;CP;650436;0;0;0;0.00
6400;CP;680246;0;0;0;0.00
6400;CP;680724;0;0;0;0.00
6400;CP;694965;0;0;0;0.00
6400;CP;706343;0;0;0;0.00
6400;CP;693947;0;0;0;0.00
6400;CP;691710;0;0;0;0.00
6400;CP;695974;0;0;0;0.00
6400;CP;701510;0;0;0;0.00
6400;CP;708193;0;0;0;0.00
6400;CP;700167;0;0;0;0.00
6400;CP;698379;0;0;0;0.00
6400;CP;696448;0;0;0;0.00
6400;CP;697982;0;0;0;0.00
6400;CP;710367;0;0;0;0.00
6400;CP;705644;0;0;0;0.00
6400;CP;702563;0;0;0;0.00
6400;CP;701779;0;0;0;0.00
6400;CP;699066;0;0;0;0.00
6400;CP;697975;0;0;0;0.00
6400;CP;702320;0;0;0;0.00
6400;CP;687993;0;0;0;0.00
6400;CP;688733;0;0;0;0.00
6400;CP;682348;0;0;0;0.00
6400;CP;675662;0;0;0;0.00
6400;CP;681572;0;0;0;0.00
6400;CP;685572;0;0;0;0.00
6400;CP;684608;0;0;0;0.00
6400;CP;685836;0;0;0;0.00
6400;CP;683202;0;0;0;0.00
6400;CP;679605;0;0;0;0.00
6400;CP;678993;0;0;0;0.00
6400;CP;680106;0;0;0;0.00
6400;CP;684692;0;0;0;0.00
6400;CP;688135;0;0;0;0.00
6400;CP;680271;0;0;0;0.00
6400;CP;674748;0;0;0;0.00
6400;CP;680332;0;0;0;0.00
6400;CP;685190;0;0;0;0.00
6400;CP;682626;0;0;0;0.00
6400;CP;668010;0;0;0;0.00
6400;SCP;969490;0;0;0;0.00
6400;SCP;980477;0;0;0;0.00
6400;SCP;970678;0;0;0;0.00
6400;SCP;985215;0;0;0;0.00
6400;SCP;970417;0;0;0;0.00
6400;SCP;971696;0;0;0;0.00
6400;SCP;981143;0;0;0;0.00
6400;SCP;972287;0;0;0;0.00
6400;SCP;980300;0;0;0;0.00
6400;SCP;979554;0;0;0;0.00
6400;SCP;960246;0;0;0;0.00
6400;SCP;972071;0;0;0;0.00
6400;SCP;970442;0;0;0;0.00
6400;SCP;1020629;0;0;0;0.00
6400;SCP;1015045;0;0;0;0.00
6400;SCP;1010737;0;0;0;0.00
6400;SCP;979913;0;0;0;0.00
6400;SCP;985445;0;0;0;0.00
6400;SCP;972733;0;0;0;0.00
6400;SCP;977543;0;0;0;0.00
6400;SCP;495310;0;0;0;0.00
6400;SCP;485272;0;0;0;0.00
6400;SCP;494676;0;0;0;0.00
6400;SCP;475766;0;0;0;0.00
6400;SCP;479053;0;0;0;0.00
6400;SCP;480427;0;0;0;0.00
6400;SCP;491924;0;0;0;0.00
6400;SCP;475641;0;0;0;0.00
6400;SCP;475437;0;0;0;0.00
6400;SCP;476115;0;0;0;0.00
6400;SCP;476308;0;0;0;0.00
6400;SCP;478454;0;0;0;0.00
6400;SCP;478763;0;0;0;0.00
6400;SCP;481545;0;0;0;0.00
6400;SCP;491059;0;0;0;0.00
6400;SCP;481799;0;0;0;0.00
6400;SCP;484126;0;0;0;0.00
6400;SCP;489553;0;0;0;0.00
6400;SCP;491294;0;0;0;0.00
6400;SCP;496795;0;0;0;0.00
6400;SCP;466504;0;0;0;0.00
6400;SCP;465279;0;0;0;0.00
6400;SCP;460934;0;0;0;0.00
6400;SCP;464781;0;0;0;0.00
6400;SCP;454105;0;0;0;0.00
6400;SCP;454995;0;0;0;0.00
6400;SCP;453805;0;0;0;0.00
6400;SCP;454606;0;0;0;0.00
6400;SCP;456940;0;0;0;0.00
6400;SCP;460512;0;0;0;0.00
6400;SCP;461936;0;0;0;0.00
6400;SCP;468548;0;0;0;0.00
6400;SCP;467863;0;0;0;0.00
6400;SCP;471875;0;0;0;0.00
6400;SCP;470905;0;0;0;0.00
6400;SCP;474188;0;0;0;0.00
6400;SCP;476296;0;0;0;0.00
6400;SCP;475797;0;0;0;0.00
6400;SCP;509055;0;0;0;0.00
6400;SCP;462232;0;0;0;0.00
6400;KAB;434;0;0;0;0.00
6400;KAB;376;0;0;0;0.00
6400;KAB;386;0;0;0;0.00
6400;KAB;373;0;0;0;0.00
6400;KAB;374;0;0;0;0.00
6400;KAB;371;0;0;0;0.00
6400;KAB;383;0;0;0;0.00
6400;KAB;371;0;0;0;0.00
6400;KAB;372;0;0;0;0.00
6400;KAB;374;0;0;0;0.00
6400;KAB;373;0;0;0;0.00
6400;KAB;374;0;0;0;0.00
6400;KAB;374;0;0;0;0.00
6400;KAB;370;0;0;0;0.00
6400;KAB;370;0;0;0;0.00
6400;KAB;370;0;0;0;0.00
6400;KAB;373;0;0;0;0.00
6400;KAB;374;0;0;0;0.00
6400;KAB;370;0;0;0;0.00
6400;KAB;387;0;0;0;0.00
6400;KAB;495;0;0;0;0.00
6400;KAB;433;0;0;0;0.00
6400;KAB;428;0;0;0;0.00
6400;KAB;431;0;0;0;0.00
6400;KAB;428;0;0;0;0.00
6400;KAB;442;0;0;0;0.00
6400;KAB;435;0;0;0;0.00
6400;KAB;430;0;0;0;0.00
6400;KAB;435;0;0;0;0.00
6400;KAB;424;0;0;0;0.00
6400;KAB;429;0;0;0;0.00
6400;KAB;430;0;0;0;0.00
6400;KAB;430;0;0;0;0.00
6400;KAB;428;0;0;0;0.00
6400;KAB;432;0;0;0;0.00
6400;KAB;431;0;0;0;0.00
6400;KAB;431;0;0;0;0.00
6400;KAB;432;0;0;0;0.00
6400;KAB;440;0;0;0;0.00
6400;KAB;430;0;0;0;0.00
6400;KAB;459;0;0;0;0.00
6400;KAB;401;0;0;0;0.00
6400;KAB;401;0;0;0;0.00
6400;KAB;399;0;0;0;0.00
6400;KAB;399;0;0;0;0.00
6400;KAB;399;0;0;0;0.00
6400;KAB;400;0;0;0;0.00
6400;KAB;401;0;0;0;0.00
6400;KAB;410;0;0;0;0.00
6400;KAB;402;0;0;0;0.00
6400;KAB;396;0;0;0;0.00
6400;KAB;402;0;0;0;0.00
6400;KAB;402;0;0;0;0.00
6400;KAB;398;0;0;0;0.00
6400;KAB;400;0;0;0;0.00
6400;KAB;403;0;0;0;0.00
6400;KAB;400;0;0;0;0.00
6400;KAB;407;0;0;0;0.00
6400;KAB;399;0;0;0;0.00
6400;KAB;401;0;0;0;0.00
6400;BFDC;615;0;0;0;1.32
6400;BFDC;619;0;0;0;1.32
6400;BFDC;612;0;0;0;1.32
6400;BFDC;611;0;0;0;1.32
6400;BFDC;611;0;0;0;1.32
6400;BFDC;621;0;0;0;1.32
6400;BFDC;612;0;0;0;1.32
6400;BFDC;610;0;0;0;1.32
6400;BFDC;611;0;0;0;1.32
6400;BFDC;616;0;0;0;1.32
6400;BFDC;612;0;0;0;1.32
6400;BFDC;610;0;0;0;1.32
6400;BFDC;612;0;0;0;1.32
6400;BFDC;612;0;0;0;1.32
6400;BFDC;610;0;0;0;1.32
6400;BFDC;612;0;0;0;1.32
6400;BFDC;610;0;0;0;1.32
6400;BFDC;630;0;0;0;1.32
6400;BFDC;628;0;0;0;1.32
6400;BFDC;611;0;0;0;1.32
6400;BFDC;409;0;0;0;0.84
6400;BFDC;404;0;0;0;0.84
6400;BFDC;407;0;0;0;0.84
6400;BFDC;406;0;0;0;0.84
6400;BFDC;402;0;0;0;0.84
6400;BFDC;402;0;0;0;0.84
6400;BFDC;408;0;0;0;0.84
6400;BFDC;403;0;0;0;0.84
6400;BFDC;404;0;0;0;0.84
6400;BFDC;403;0;0;0;0.84
6400;BFDC;401;0;0;0;0.84
6400;BFDC;407;0;0;0;0.84
6400;BFDC;402;0;0;0;0.84
6400;BFDC;402;0;0;0;0.84
6400;BFDC;403;0;0;0;0.84
6400;BFDC;404;0;0;0;0.84
6400;BFDC;404;0;0;0;0.84
6400;BFDC;403;0;0;0;0.84
6400;BFDC;402;0;0;0;0.84
6400;BFDC;402;0;0;0;0.84
6400;BFDC;625;0;0;0;1.29
6400;BFDC;618;0;0;0;1.29
6400;BFDC;616;0;0;0;1.29
6400;BFDC;618;0;0;0;1.29
6400;BFDC;620;0;0;0;1.29
6400;BFDC;616;0;0;0;1.29
6400;BFDC;615;0;0;0;1.29
6400;BFDC;616;0;0;0;1.29
6400;BFDC;620;0;0;0;1.29
6400;BFDC;615;0;0;0;1.29
6400;BFDC;616;0;0;0;1.29
6400;BFDC;616;0;0;0;1.29
6400;BFDC;617;0;0;0;1.29
6400;BFDC;616;0;0;0;1.29
6400;BFDC;615;0;0;0;1.29
6400;BFDC;627;0;0;0;1.29
6400;BFDC;615;0;0;0;1.29
6400;BFDC;618;0;0;0;1.29
6400;BFDC;616;0;0;0;1.29
6400;BFDC;625;0;0;0;1.29
6400;CRA;246;0;0;0;0.29
6400;CRA;198;0;0;0;0.29
6400;CRA;200;0;0;0;0.29
6400;CRA;198;0;0;0;0.29
6400;CRA;199;0;0;0;0.29
6400;CRA;199;0;0;0;0.29
6400;CRA;199;0;0;0;0.29
6400;CRA;198;0;0;0;0.29
6400;CRA;198;0;0;0;0.29
6400;CRA;199;0;0;0;0.29
6400;CRA;199;0;0;0;0.29
6400;CRA;199;0;0;0;0.29
6400;CRA;197;0;0;0;0.29
6400;CRA;197;0;0;0;0.29
6400;CRA;197;0;0;0;0.29
6400;CRA;197;0;0;0;0.29
6400;CRA;196;0;0;0;0.29
6400;CRA;197;0;0;0;0.29
6400;CRA;197;0;0;0;0.29
6400;CRA;197;0;0;0;0.29
6400;CRA;384;0;0;0;0.47
6400;CRA;279;0;0;0;0.47
6400;CRA;277;0;0;0;0.47
6400;CRA;278;0;0;0;0.47
6400;CRA;277;0;0;0;0.47
6400;CRA;278;0;0;0;0.47
6400;CRA;278;0;0;0;0.47
6400;CRA;277;0;0;0;0.47
6400;CRA;283;0;0;0;0.47
6400;CRA;277;0;0;0;0.47
6400;CRA;278;0;0;0;0.47
6400;CRA;277;0;0;0;0.47
6400;CRA;277;0;0;0;0.47
6400;CRA;278;0;0;0;0.47
6400;CRA;276;0;0;0;0.47
6400;CRA;277;0;0;0;0.47
6400;CRA;276;0;0;0;0.47
6400;CRA;277;0;0;0;0.47
6400;CRA;277;0;0;0;0.47
6400;CRA;281;0;0;0;0.47
6400;CRA;191;0;0;0;0.20
6400;CRA;161;0;0;0;0.20
6400;CRA;159;0;0;0;0.20
6400;CRA;158;0;0;0;0.20
6400;CRA;156;0;0;0;0.20
6400;CRA;158;0;0;0;0.20
6400;CRA;163;0;0;0;0.20
6400;CRA;157;0;0;0;0.20
6400;CRA;157;0;0;0;0.20
6400;CRA;156;0;0;0;0.20
6400;CRA;156;0;0;0;0.20
6400;CRA;156;0;0;0;0.20
6400;CRA;156;0;0;0;0.20
6400;CRA;155;0;0;0;0.20
6400;CRA;156;0;0;0;0.20
6400;CRA;155;0;0;0;0.20
6400;CRA;155;0;0;0;0.20
6400;CRA;157;0;0;0;0.20
6400;CRA;157;0;0;0;0.20
6400;CRA;157;0;0;0;0.20
25600;RULT;719;0;0;0;0.39
25600;RULT;677;0;0;0;0.39
25600;RULT;674;0;0;0;0.39
25600;RULT;664;0;0;0;0.39
25600;RULT;664;0;0;0;0.39
25600;RULT;663;0;0;0;0.39
25600;RULT;659;0;0;0;0.39
25600;RULT;666;0;0;0;0.39
25600;RULT;659;0;0;0;0.39
25600;RULT;661;0;0;0;0.39
25600;RULT;658;0;0;0;0.39
25600;RULT;664;0;0;0;0.39
25600;RULT;657;0;0;0;0.39
25600;RULT;659;0;0;0;0.39
25600;RULT;657;0;0;0;0.39
25600;RULT;679;0;0;0;0.39
25600;RULT;659;0;0;0;0.39
25600;RULT;656;0;0;0;0.39
25600;RULT;657;0;0;0;0.39
25600;RULT;657;0;0;0;0.39
25600;RULT;814;0;0;0;0.40
25600;RULT;773;0;0;0;0.40
25600;RULT;746;0;0;0;0.40
25600;RULT;762;0;0;0;0.40
25600;RULT;746;0;0;0;0.40
25600;RULT;749;0;0;0;0.40
25600;RULT;744;0;0;0;0.40
25600;RULT;740;0;0;0;0.40
25600;RULT;740;0;0;0;0.40
25600;RULT;735;0;0;0;0.40
25600;RULT;736;0;0;0;0.40
25600;RULT;744;0;0;0;0.40
25600;RULT;744;0;0;0;0.40
25600;RULT;739;0;0;0;0.40
25600;RULT;745;0;0;0;0.40
25600;RULT;745;0;0;0;0.40
25600;RULT;740;0;0;0;0.40
25600;RULT;736;0;0;0;0.40
25600;RULT;744;0;0;0;0.40
25600;RULT;740;0;0;0;0.40
25600;RULT;3452;0;0;0;1.87
25600;RULT;3281;0;0;0;1.87
25600;RULT;3261;0;0;0;1.87
25600;RULT;3262;0;0;0;1.87
25600;RULT;3250;0;0;0;1.87
25600;RULT;3301;0;0;0;1.87
25600;RULT;3259;0;0;0;1.87
25600;RULT;3256;0;0;0;1.87
25600;RULT;3247;0;0;0;1.87
25600;RULT;3245;0;0;0;1.87
25600;RULT;3239;0;0;0;1.87
25600;RULT;3249;0;0;0;1.87
25600;RULT;3252;0;0;0;1.87
25600;RULT;3245;0;0;0;1.87
25600;RULT;3249;0;0;0;1.87
25600;RULT;3248;0;0;0;1.87
25600;RULT;3246;0;0;0;1.87
25600;RULT;3248;0;0;0;1.87
25600;RULT;3249;0;0;0;1.87
25600;RULT;3257;0;0;0;1.87
25600;ILP;550540;0;0;0;0.00
25600;ILP;539390;0;0;0;0.00
25600;ILP;538403;0;0;0;0.00
25600;ILP;537536;0;0;0;0.00
25600;ILP;554251;0;0;0;0.00
25600;ILP;538025;0;0;0;0.00
25600;ILP;538657;0;0;0;0.00
25600;ILP;539343;0;0;0;0.00
25600;ILP;538546;0;0;0;0.00
25600;ILP;540561;0;0;0;0.00
25600;ILP;545325;0;0;0;0.00
25600;ILP;543552;0;0;0;0.00
25600;ILP;544813;0;0;0;0.00
25600;ILP;552875;0;0;0;0.00
25600;ILP;536675;0;0;0;0.00
25600;ILP;537665;0;0;0;0.00
25600;ILP;537546;0;0;0;0.00
25600;ILP;544520;0;0;0;0.00
25600;ILP;540884;0;0;0;0.00
25600;ILP;546830;0;0;0;0.00
25600;ILP;622571;0;0;0;0.00
25600;ILP;620629;0;0;0;0.00
25600;ILP;611401;0;0;0;0.00
25600;ILP;612057;0;0;0;0.00
25600;ILP;611523;0;0;0;0.00
25600;ILP;609551;0;0;0;0.00
25600;ILP;609865;0;0;0;0.00
25600;ILP;611583;0;0;0;0.00
25600;ILP;612620;0;0;0;0.00
25600;ILP;610902;0;0;0;0.00
25600;ILP;611313;0;0;0;0.00
25600;ILP;609531;0;0;0;0.00
25600;ILP;610985;0;0;0;0.00
25600;ILP;613085;0;0;0;0.00
25600;ILP;611290;0;0;0;0.00
25600;ILP;611925;0;0;0;0.00
25600;ILP;609927;0;0;0;0.00
25600;ILP;610092;0;0;0;0.00
25600;ILP;608713;0;0;0;0.00
25600;ILP;662272;0;0;0;0.00
25600;ILP;573126;0;0;0;0.00
25600;ILP;561612;0;0;0;0.00
25600;ILP;565752;0;0;0;0.00
25600;ILP;559472;0;0;0;0.00
25600;ILP;561147;0;0;0;0.00
25600;ILP;561864;0;0;0;0.00
25600;ILP;559024;0;0;0;0.00
25600;ILP;559160;0;0;0;0.00
25600;ILP;567385;0;0;0;0.00
25600;ILP;565434;0;0;0;0.00
25600;ILP;566866;0;0;0;0.00
25600;ILP;566319;0;0;0;0.00
25600;ILP;563581;0;0;0;0.00
25600;ILP;560784;0;0;0;0.00
25600;ILP;560137;0;0;0;0.00
25600;ILP;562363;0;0;0;0.00
25600;ILP;562522;0;0;0;0.00
25600;ILP;559288;0;0;0;0.00
25600;ILP;560967;0;0;0;0.00
25600;ILP;567008;0;0;0;0.00
25600;KAB;2982;0;0;0;0.00
25600;KAB;2316;0;0;0;0.00
25600;KAB;2346;0;0;0;0.00
25600;KAB;2321;0;0;0;0.00
25600;KAB;2315;0;0;0;0.00
25600;KAB;2335;0;0;0;0.00
25600;KAB;2329;0;0;0;0.00
25600;KAB;2329;0;0;0;0.00
25600;KAB;2315;0;0;0;0.00
25600;KAB;2326;0;0;0;0.00
25600;KAB;2318;0;0;0;0.00
25600;KAB;2313;0;0;0;0.00
25600;KAB;2307;0;0;0;0.00
25600;KAB;2315;0;0;0;0.00
25600;KAB;2319;0;0;0;0.00
25600;KAB;2328;0;0;0;0.00
25600;KAB;2332;0;0;0;0.00
25600;KAB;2319;0;0;0;0.00
25600;KAB;2325;0;0;0;0.00
25600;KAB;2325;0;0;0;0.00
25600;KAB;2878;0;0;0;0.00
25600;KAB;2225;0;0;0;0.00
25600;KAB;2210;0;0;0;0.00
25600;KAB;2218;0;0;0;0.00
25600;KAB;2220;0;0;0;0.00
25600;KAB;2228;0;0;0;0.00
25600;KAB;2228;0;0;0;0.00
25600;KAB;2229;0;0;0;0.00
25600;KAB;2206;0;0;0;0.00
25600;KAB;2234;0;0;0;0.00
25600;KAB;2224;0;0;0;0.00
25600;KAB;2219;0;0;0;0.00
25600;KAB;2218;0;0;0;0.00
25600;KAB;2220;0;0;0;0.00
25600;KAB;2221;0;0;0;0.00
25600;KAB;2234;0;0;0;0.00
25600;KAB;2234;0;0;0;0.00
25600;KAB;2213;0;0;0;0.00
25600;KAB;2228;0;0;0;0.00
25600;KAB;2234;0;0;0;0.00
25600;KAB;3490;0;0;0;0.00
25600;KAB;2810;0;0;0;0.00
25600;KAB;2819;0;0;0;0.00
25600;KAB;2819;0;0;0;0.00
25600;KAB;2828;0;0;0;0.00
25600;KAB;2807;0;0;0;0.00
25600;KAB;9096;0;0;0;0.00
25600;KAB;2822;0;0;0;0.00
25600;KAB;2836;0;0;0;0.00
25600;KAB;2822;0;0;0;0.00
25600;KAB;2825;0;0;0;0.00
25600;KAB;2818;0;0;0;0.00
25600;KAB;2830;0;0;0;0.00
25600;KAB;2826;0;0;0;0.00
25600;KAB;2829;0;0;0;0.00
25600;KAB;2832;0;0;0;0.00
25600;KAB;2812;0;0;0;0.00
25600;KAB;2820;0;0;0;0.00
25600;KAB;2816;0;0;0;0.00
25600;KAB;2829;0;0;0;0.00
25600;BFDC;1431;0;0;0;0.50
25600;BFDC;1149;0;0;0;0.50
25600;BFDC;1134;0;0;0;0.50
25600;BFDC;1137;0;0;0;0.50
25600;BFDC;1131;0;0;0;0.50
25600;BFDC;1132;0;0;0;0.50
25600;BFDC;1132;0;0;0;0.50
25600;BFDC;1138;0;0;0;0.50
25600;BFDC;1131;0;0;0;0.50
25600;BFDC;1132;0;0;0;0.50
25600;BFDC;1132;0;0;0;0.50
25600;BFDC;1137;0;0;0;0.50
25600;BFDC;1132;0;0;0;0.50
25600;BFDC;1130;0;0;0;0.50
25600;BFDC;1132;0;0;0;0.50
25600;BFDC;1136;0;0;0;0.50
25600;BFDC;1131;0;0;0;0.50
25600;BFDC;1129;0;0;0;0.50
25600;BFDC;1132;0;0;0;0.50
25600;BFDC;1134;0;0;0;0.50
25600;BFDC;1344;0;0;0;0.52
25600;BFDC;1179;0;0;0;0.52
25600;BFDC;1161;0;0;0;0.52
25600;BFDC;1163;0;0;0;0.52
25600;BFDC;1163;0;0;0;0.52
25600;BFDC;1170;0;0;0;0.52
25600;BFDC;1162;0;0;0;0.52
25600;BFDC;1161;0;0;0;0.52
25600;BFDC;1167;0;0;0;0.52
25600;BFDC;1176;0;0;0;0.52
25600;BFDC;1161;0;0;0;0.52
25600;BFDC;1158;0;0;0;0.52
25600;BFDC;1158;0;0;0;0.52
25600;BFDC;1166;0;0;0;0.52
25600;BFDC;1162;0;0;0;0.52
25600;BFDC;1157;0;0;0;0.52
25600;BFDC;1157;0;0;0;0.52
25600;BFDC;1157;0;0;0;0.52
25600;BFDC;1167;0;0;0;0.52
25600;BFDC;1162;0;0;0;0.52
25600;BFDC;6898;0;0;0;2.80
25600;BFDC;6608;0;0;0;2.80
25600;BFDC;6617;0;0;0;2.80
25600;BFDC;6631;0;0;0;2.80
25600;BFDC;6627;0;0;0;2.80
25600;BFDC;6619;0;0;0;2.80
25600;BFDC;6625;0;0;0;2.80
25600;BFDC;6614;0;0;0;2.80
25600;BFDC;6646;0;0;0;2.80
25600;BFDC;6627;0;0;0;2.80
25600;BFDC;6618;0;0;0;2.80
25600;BFDC;6603;0;0;0;2.80
25600;BFDC;6651;0;0;0;2.80
25600;BFDC;6630;0;0;0;2.80
25600;BFDC;6623;0;0;0;2.80
25600;BFDC;6624;0;0;0;2.80
25600;BFDC;6625;0;0;0;2.80
25600;BFDC;6635;0;0;0;2.80
25600;BFDC;6614;0;0;0;2.80
25600;BFDC;6622;0;0;0;2.80
25600;CRA;1251;0;0;0;0.15
25600;CRA;674;0;0;0;0.15
25600;CRA;613;0;0;0;0.15
25600;CRA;616;0;0;0;0.15
25600;CRA;611;0;0;0;0.15
25600;CRA;612;0;0;0;0.15
25600;CRA;613;0;0;0;0.15
25600;CRA;618;0;0;0;0.15
25600;CRA;611;0;0;0;0.15
25600;CRA;611;0;0;0;0.15
25600;CRA;612;0;0;0;0.15
25600;CRA;612;0;0;0;0.15
25600;CRA;613;0;0;0;0.15
25600;CRA;612;0;0;0;0.15
25600;CRA;613;0;0;0;0.15
25600;CRA;614;0;0;0;0.15
25600;CRA;617;0;0;0;0.15
25600;CRA;613;0;0;0;0.15
25600;CRA;612;0;0;0;0.15
25600;CRA;612;0;0;0;0.15
25600;CRA;2083;0;0;0;0.39
25600;CRA;1224;0;0;0;0.39
25600;CRA;1164;0;0;0;0.39
25600;CRA;1162;0;0;0;0.39
25600;CRA;1160;0;0;0;0.39
25600;CRA;1167;0;0;0;0.39
25600;CRA;1160;0;0;0;0.39
25600;CRA;1159;0;0;0;0.39
25600;CRA;1165;0;0;0;0.39
25600;CRA;1160;0;0;0;0.39
25600;CRA;1159;0;0;0;0.39
25600;CRA;1164;0;0;0;0.39
25600;CRA;1159;0;0;0;0.39
25600;CRA;1159;0;0;0;0.39
25600;CRA;1158;0;0;0;0.39
25600;CRA;1158;0;0;0;0.39
25600;CRA;1162;0;0;0;0.39
25600;CRA;1159;0;0;0;0.39
25600;CRA;1159;0;0;0;0.39
25600;CRA;1179;0;0;0;0.39
25600;CRA;1650;0;0;0;0.27
25600;CRA;941;0;0;0;0.27
25600;CRA;893;0;0;0;0.27
25600;CRA;897;0;0;0;0.27
25600;CRA;892;0;0;0;0.27
25600;CRA;893;0;0;0;0.27
25600;CRA;900;0;0;0;0.27
25600;CRA;893;0;0;0;0.27
25600;CRA;893;0;0;0;0.27
25600;CRA;894;0;0;0;0.27
25600;CRA;892;0;0;0;0.27
25600;CRA;894;0;0;0;0.27
25600;CRA;891;0;0;0;0.27
25600;CRA;895;0;0;0;0.27
25600;CRA;891;0;0;0;0.27
25600;CRA;897;0;0;0;0.27
25600;CRA;901;0;0;0;0.27
25600;CRA;894;0;0;0;0.27
25600;CRA;893;0;0;0;0.27
25600;CRA;894;0;0;0;0.27
100;ULT;123;0;0;0;7.87
100;ULT;129;0;0;0;7.87
100;ULT;123;0;0;0;7.87
100;ULT;124;0;0;0;7.87
100;ULT;122;0;0;0;7.87
100;ULT;122;0;0;0;7.87
100;ULT;124;0;0;0;7.87
100;ULT;123;0;0;0;7.87
100;ULT;123;0;0;0;7.87
100;ULT;122;0;0;0;7.87
100;ULT;116;0;0;0;7.87
100;ULT;123;0;0;0;7.87
100;ULT;125;0;0;0;7.87
100;ULT;123;0;0;0;7.87
100;ULT;123;0;0;0;7.87
100;ULT;123;0;0;0;7.87
100;ULT;123;0;0;0;7.87
100;ULT;122;0;0;0;7.87
100;ULT;122;0;0;0;7.87
100;ULT;123;0;0;0;7.87
100;ULT;334;0;0;0;24.48
100;ULT;333;0;0;0;24.48
100;ULT;333;0;0;0;24.48
100;ULT;333;0;0;0;24.48
100;ULT;333;0;0;0;24.48
100;ULT;332;0;0;0;24.48
100;ULT;338;0;0;0;24.48
100;ULT;333;0;0;0;24.48
100;ULT;333;0;0;0;24.48
100;ULT;339;0;0;0;24.48
100;ULT;340;0;0;0;24.48
100;ULT;334;0;0;0;24.48
100;ULT;338;0;0;0;24.48
100;ULT;334;0;0;0;24.48
100;ULT;333;0;0;0;24.48
100;ULT;336;0;0;0;24.48
100;ULT;341;0;0;0;24.48
100;ULT;334;0;0;0;24.48
100;ULT;338;0;0;0;24.48
100;ULT;338;0;0;0;24.48
100;ULT;198;0;0;0;11.77
100;ULT;161;0;0;0;11.77
100;ULT;161;0;0;0;11.77
100;ULT;173;0;0;0;11.77
100;ULT;175;0;0;0;11.77
100;ULT;174;0;0;0;11.77
100;ULT;173;0;0;0;11.77
100;ULT;173;0;0;0;11.77
100;ULT;173;0;0;0;11.77
100;ULT;173;0;0;0;11.77
100;ULT;174;0;0;0;11.77
100;ULT;180;0;0;0;11.77
100;ULT;176;0;0;0;11.77
100;ULT;174;0;0;0;11.77
100;ULT;173;0;0;0;11.77
100;ULT;174;0;0;0;11.77
100;ULT;173;0;0;0;11.77
100;ULT;173;0;0;0;11.77
100;ULT;174;0;0;0;11.77
100;ULT;173;0;0;0;11.77
100;RULT;5;0;0;0;0.87
100;RULT;4;0;0;0;0.87
100;RULT;4;0;0;0;0.87
100;RULT;4;0;0;0;0.87
100;RULT;3;0;0;0;0.87
100;RULT;3;0;0;0;0.87
100;RULT;3;0;0;0;0.87
100;RULT;3;0;0;0;0.87
100;RULT;3;0;0;0;0.87
100;RULT;3;0;0;0;0.87
100;RULT;3;0;0;0;0.87
100;RULT;3;0;0;0;0.87
100;RULT;3;0;0;0;0.87
100;RULT;3;0;0;0;0.87
100;RULT;3;0;0;0;0.87
100;RULT;3;0;0;0;0.87
100;RULT;3;0;0;0;0.87
100;RULT;3;0;0;0;0.87
100;RULT;3;0;0;0;0.87
100;RULT;3;0;0;0;0.87
100;RULT;5;0;0;0;0.91
100;RULT;5;0;0;0;0.91
100;RULT;4;0;0;0;0.91
100;RULT;4;0;0;0;0.91
100;RULT;4;0;0;0;0.91
100;RULT;4;0;0;0;0.91
100;RULT;4;0;0;0;0.91
100;RULT;4;0;0;0;0.91
100;RULT;3;0;0;0;0.91
100;RULT;4;0;0;0;0.91
100;RULT;3;0;0;0;0.91
100;RULT;3;0;0;0;0.91
100;RULT;4;0;0;0;0.91
100;RULT;4;0;0;0;0.91
100;RULT;3;0;0;0;0.91
100;RULT;3;0;0;0;0.91
100;RULT;3;0;0;0;0.91
100;RULT;3;0;0;0;0.91
100;RULT;3;0;0;0;0.91
100;RULT;3;0;0;0;0.91
100;RULT;4;0;0;0;0.75
100;RULT;4;0;0;0;0.75
100;RULT;3;0;0;0;0.75
100;RULT;3;0;0;0;0.75
100;RULT;3;0;0;0;0.75
100;RULT;3;0;0;0;0.75
100;RULT;3;0;0;0;0.75
100;RULT;3;0;0;0;0.75
100;RULT;3;0;0;0;0.75
100;RULT;3;0;0;0;0.75
100;RULT;3;0;0;0;0.75
100;RULT;3;0;0;0;0.75
100;RULT;3;0;0;0;0.75
100;RULT;3;0;0;0;0.75
100;RULT;3;0;0;0;0.75
100;RULT;3;0;0;0;0.75
100;RULT;3;0;0;0;0.75
100;RULT;3;0;0;0;0.75
100;RULT;3;0;0;0;0.75
100;RULT;3;0;0;0;0.75
100;ILP;2748;0;0;0;0.00
100;ILP;2466;0;0;0;0.00
100;ILP;2203;0;0;0;0.00
100;ILP;1542;0;0;0;0.00
100;ILP;1529;0;0;0;0.00
100;ILP;1572;0;0;0;0.00
100;ILP;3342;0;0;0;0.00
100;ILP;3308;0;0;0;0.00
100;ILP;1524;0;0;0;0.00
100;ILP;1531;0;0;0;0.00
100;ILP;1485;0;0;0;0.00
100;ILP;1536;0;0;0;0.00
100;ILP;1495;0;0;0;0.00
100;ILP;1537;0;0;0;0.00
100;ILP;1528;0;0;0;0.00
100;ILP;1517;0;0;0;0.00
100;ILP;1493;0;0;0;0.00
100;ILP;1531;0;0;0;0.00
100;ILP;1485;0;0;0;0.00
100;ILP;1538;0;0;0;0.00
100;ILP;2258;0;0;0;0.00
100;ILP;2008;0;0;0;0.00
100;ILP;1802;0;0;0;0.00
100;ILP;1810;0;0;0;0.00
100;ILP;1809;0;0;0;0.00
100;ILP;1774;0;0;0;0.00
100;ILP;1882;0;0;0;0.00
100;ILP;1805;0;0;0;0.00
100;ILP;1798;0;0;0;0.00
100;ILP;1857;0;0;0;0.00
100;ILP;1777;0;0;0;0.00
100;ILP;1814;0;0;0;0.00
100;ILP;3932;0;0;0;0.00
100;ILP;3048;0;0;0;0.00
100;ILP;2193;0;0;0;0.00
100;ILP;2243;0;0;0;0.00
100;ILP;2206;0;0;0;0.00
100;ILP;1820;0;0;0;0.00
100;ILP;1775;0;0;0;0.00
100;ILP;1812;0;0;0;0.00
100;ILP;2712;0;0;0;0.00
100;ILP;2483;0;0;0;0.00
100;ILP;2415;0;0;0;0.00
100;ILP;1733;0;0;0;0.00
100;ILP;1698;0;0;0;0.00
100;ILP;1660;0;0;0;0.00
100;ILP;1667;0;0;0;0.00
100;ILP;1659;0;0;0;0.00
100;ILP;1676;0;0;0;0.00
100;ILP;1665;0;0;0;0.00
100;ILP;1666;0;0;0;0.00
100;ILP;1680;0;0;0;0.00
100;ILP;1670;0;0;0;0.00
100;ILP;1671;0;0;0;0.00
100;ILP;1658;0;0;0;0.00
100;ILP;1668;0;0;0;0.00
100;ILP;1649;0;0;0;0.00
100;ILP;1650;0;0;0;0.00
100;ILP;1676;0;0;0;0.00
100;ILP;1685;0;0;0;0.00
100;CP;6982;0;0;0;0.00
100;CP;6114;0;0;0;0.00
100;CP;6030;0;0;0;0.00
100;CP;6032;0;0;0;0.00
100;CP;6033;0;0;0;0.00
100;CP;6028;0;0;0;0.00
100;CP;6047;0;0;0;0.00
100;CP;6149;0;0;0;0.00
100;CP;6071;0;0;0;0.00
100;CP;6103;0;0;0;0.00
100;CP;6044;0;0;0;0.00
100;CP;6127;0;0;0;0.00
100;CP;6054;0;0;0;0.00
100;CP;6075;0;0;0;0.00
100;CP;6162;0;0;0;0.00
100;CP;6042;0;0;0;0.00
100;CP;6013;0;0;0;0.00
100;CP;6114;0;0;0;0.00
100;CP;6022;0;0;0;0.00
100;CP;6107;0;0;0;0.00
100;CP;6936;0;0;0;0.00
100;CP;6161;0;0;0;0.00
100;CP;6060;0;0;0;0.00
100;CP;6149;0;0;0;0.00
100;CP;6164;0;0;0;0.00
100;CP;6144;0;0;0;0.00
100;CP;6124;0;0;0;0.00
100;CP;6116;0;0;0;0.00
100;CP;6135;0;0;0;0.00
100;CP;6221;0;0;0;0.00
100;CP;6146;0;0;0;0.00
100;CP;6220;0;0;0;0.00
100;CP;6095;0;0;0;0.00
100;CP;6112;0;0;0;0.00
100;CP;6111;0;0;0;0.00
100;CP;6090;0;0;0;0.00
100;CP;6167;0;0;0;0.00
100;CP;6067;0;0;0;0.00
100;CP;6169;0;0;0;0.00
100;CP;6089;0;0;0;0.00
100;CP;7133;0;0;0;0.00
100;CP;6031;0;0;0;0.00
100;CP;5970;0;0;0;0.00
100;CP;6037;0;0;0;0.00
100;CP;5981;0;0;0;0.00
100;CP;6165;0;0;0;0.00
100;CP;10715;0;0;0;0.00
100;CP;7189;0;0;0;0.00
100;CP;6051;0;0;0;0.00
100;CP;6055;0;0;0;0.00
100;CP;6016;0;0;0;0.00
100;CP;6028;0;0;0;0.00
100;CP;6128;0;0;0;0.00
100;CP;6017;0;0;0;0.00
100;CP;6044;0;0;0;0.00
100;CP;6143;0;0;0;0.00
100;CP;6129;0;0;0;0.00
100;CP;6063;0;0;0;0.00
100;CP;6100;0;0;0;0.00
100;CP;6053;0;0;0;0.00
100;SCP;16401;0;0;0;0.00
100;SCP;16139;0;0;0;0.00
100;SCP;14730;0;0;0;0.00
100;SCP;14870;0;0;0;0.00
100;SCP;14935;0;0;0;0.00
100;SCP;15097;0;0;0;0.00
100;SCP;14963;0;0;0;0.00
100;SCP;14837;0;0;0;0.00
100;SCP;15044;0;0;0;0.00
100;SCP;15039;0;0;0;0.00
100;SCP;15026;0;0;0;0.00
100;SCP;15073;0;0;0;0.00
100;SCP;14925;0;0;0;0.00
100;SCP;15052;0;0;0;0.00
100;SCP;14964;0;0;0;0.00
100;SCP;15028;0;0;0;0.00
100;SCP;14871;0;0;0;0.00
100;SCP;15295;0;0;0;0.00
100;SCP;15240;0;0;0;0.00
100;SCP;14974;0;0;0;0.00
100;SCP;13513;0;0;0;0.00
100;SCP;12300;0;0;0;0.00
100;SCP;13535;0;0;0;0.00
100;SCP;13412;0;0;0;0.00
100;SCP;13404;0;0;0;0.00
100;SCP;13421;0;0;0;0.00
100;SCP;13391;0;0;0;0.00
100;SCP;13563;0;0;0;0.00
100;SCP;13403;0;0;0;0.00
100;SCP;13518;0;0;0;0.00
100;SCP;12457;0;0;0;0.00
100;SCP;13306;0;0;0;0.00
100;SCP;13442;0;0;0;0.00
100;SCP;12272;0;0;0;0.00
100;SCP;13242;0;0;0;0.00
100;SCP;13307;0;0;0;0.00
100;SCP;13328;0;0;0;0.00
100;SCP;12406;0;0;0;0.00
100;SCP;12526;0;0;0;0.00
100;SCP;12600;0;0;0;0.00
100;SCP;11188;0;0;0;0.00
100;SCP;10662;0;0;0;0.00
100;SCP;10626;0;0;0;0.00
100;SCP;10652;0;0;0;0.00
100;SCP;10158;0;0;0;0.00
100;SCP;10605;0;0;0;0.00
100;SCP;10574;0;0;0;0.00
100;SCP;10649;0;0;0;0.00
100;SCP;10580;0;0;0;0.00
100;SCP;10603;0;0;0;0.00
100;SCP;10613;0;0;0;0.00
100;SCP;10662;0;0;0;0.00
100;SCP;10545;0;0;0;0.00
100;SCP;10614;0;0;0;0.00
100;SCP;10652;0;0;0;0.00
100;SCP;10149;0;0;0;0.00
100;SCP;10641;0;0;0;0.00
100;SCP;10112;0;0;0;0.00
100;SCP;9876;0;0;0;0.00
100;SCP;9864;0;0;0;0.00
100;KAB;6;0;0;0;0.00
100;KAB;5;0;0;0;0.00
100;KAB;4;0;0;0;0.00
100;KAB;3;0;0;0;0.00
100;KAB;3;0;0;0;0.00
100;KAB;2;0;0;0;0.00
100;KAB;2;0;0;0;0.00
100;KAB;2;0;0;0;0.00
100;KAB;2;0;0;0;0.00
100;KAB;2;0;0;0;0.00
100;KAB;2;0;0;0;0.00
100;KAB;2;0;0;0;0.00
100;KAB;2;0;0;0;0.00
100;KAB;2;0;0;0;0.00
100;KAB;2;0;0;0;0.00
100;KAB;2;0;0;0;0.00
100;KAB;2;0;0;0;0.00
100;KAB;2;0;0;0;0.00
100;KAB;2;0;0;0;0.00
100;KAB;2;0;0;0;0.00
100;KAB;4;0;0;0;0.00
100;KAB;2;0;0;0;0.00
100;KAB;2;0;0;0;0.00
100;KAB;2;0;0;0;0.00
100;KAB;1;0;0;0;0.00
100;KAB;1;0;0;0;0.00
100;KAB;1;0;0;0;0.00
100;KAB;1;0;0;0;0.00
100;KAB;1;0;0;0;0.00
100;KAB;1;0;0;0;0.00
100;KAB;1;0;0;0;0.00
100;KAB;1;0;0;0;0.00
100;KAB;1;0;0;0;0.00
100;KAB;1;0;0;0;0.00
100;KAB;1;0;0;0;0.00
100;KAB;1;0;0;0;0.00
100;KAB;1;0;0;0;0.00
100;KAB;1;0;0;0;0.00
100;KAB;1;0;0;0;0.00
100;KAB;1;0;0;0;0.00
100;KAB;6;0;0;0;0.00
100;KAB;4;0;0;0;0.00
100;KAB;3;0;0;0;0.00
100;KAB;2;0;0;0;0.00
100;KAB;2;0;0;0;0.00
100;KAB;2;0;0;0;0.00
100;KAB;2;0;0;0;0.00
100;KAB;2;0;0;0;0.00
100;KAB;2;0;0;0;0.00
100;KAB;2;0;0;0;0.00
100;KAB;2;0;0;0;0.00
100;KAB;2;0;0;0;0.00
100;KAB;2;0;0;0;0.00
100;KAB;2;0;0;0;0.00
100;KAB;2;0;0;0;0.00
100;KAB;2;0;0;0;0.00
100;KAB;2;0;0;0;0.00
100;KAB;2;0;0;0;0.00
100;KAB;2;0;0;0;0.00
100;KAB;2;0;0;0;0.00
100;BFDC;9;0;0;0;1.12
100;BFDC;7;0;0;0;1.12
100;BFDC;6;0;0;0;1.12
100;BFDC;5;0;0;0;1.12
100;BFDC;5;0;0;0;1.12
100;BFDC;5;0;0;0;1.12
100;BFDC;5;0;0;0;1.12
100;BFDC;5;0;0;0;1.12
100;BFDC;5;0;0;0;1.12
100;BFDC;5;0;0;0;1.12
100;BFDC;5;0;0;0;1.12
100;BFDC;5;0;0;0;1.12
100;BFDC;5;0;0;0;1.12
100;BFDC;5;0;0;0;1.12
100;BFDC;5;0;0;0;1.12
100;BFDC;5;0;0;0;1.12
100;BFDC;5;0;0;0;1.12
100;BFDC;5;0;0;0;1.12
100;BFDC;5;0;0;0;1.12
100;BFDC;5;0;0;0;1.12
100;BFDC;10;0;0;0;1.19
100;BFDC;9;0;0;0;1.19
100;BFDC;8;0;0;0;1.19
100;BFDC;7;0;0;0;1.19
100;BFDC;7;0;0;0;1.19
100;BFDC;7;0;0;0;1.19
100;BFDC;7;0;0;0;1.19
100;BFDC;6;0;0;0;1.19
100;BFDC;6;0;0;0;1.19
100;BFDC;6;0;0;0;1.19
100;BFDC;6;0;0;0;1.19
100;BFDC;6;0;0;0;1.19
100;BFDC;6;0;0;0;1.19
100;BFDC;6;0;0;0;1.19
100;BFDC;6;0;0;0;1.19
100;BFDC;6;0;0;0;1.19
100;BFDC;6;0;0;0;1.19
100;BFDC;6;0;0;0;1.19
100;BFDC;6;0;0;0;1.19
100;BFDC;6;0;0;0;1.19
100;BFDC;8;0;0;0;0.98
100;BFDC;6;0;0;0;0.98
100;BFDC;5;0;0;0;0.98
100;BFDC;5;0;0;0;0.98
100;BFDC;5;0;0;0;0.98
100;BFDC;5;0;0;0;0.98
100;BFDC;4;0;0;0;0.98
100;BFDC;4;0;0;0;0.98
100;BFDC;4;0;0;0;0.98
100;BFDC;4;0;0;0;0.98
100;BFDC;4;0;0;0;0.98
100;BFDC;4;0;0;0;0.98
100;BFDC;4;0;0;0;0.98
100;BFDC;4;0;0;0;0.98
100;BFDC;4;0;0;0;0.98
100;BFDC;4;0;0;0;0.98
100;BFDC;4;0;0;0;0.98
100;BFDC;4;0;0;0;0.98
100;BFDC;4;0;0;0;0.98
100;BFDC;4;0;0;0;0.98
100;CRA;2;0;0;0;0.08
100;CRA;1;0;0;0;0.08
100;CRA;1;0;0;0;0.08
100;CRA;0;0;0;0;0.08
100;CRA;0;0;0;0;0.08
100;CRA;0;0;0;0;0.08
100;CRA;0;0;0;0;0.08
100;CRA;0;0;0;0;0.08
100;CRA;0;0;0;0;0.08
100;CRA;0;0;0;0;0.08
100;CRA;0;0;0;0;0.08
100;CRA;0;0;0;0;0.08
100;CRA;0;0;0;0;0.08
100;CRA;0;0;0;0;0.08
100;CRA;0;0;0;0;0.08
100;CRA;0;0;0;0;0.08
100;CRA;0;0;0;0;0.08
100;CRA;0;0;0;0;0.08
100;CRA;0;0;0;0;0.08
100;CRA;0;0;0;0;0.08
100;CRA;3;0;0;0;0.24
100;CRA;1;0;0;0;0.24
100;CRA;1;0;0;0;0.24
100;CRA;1;0;0;0;0.24
100;CRA;1;0;0;0;0.24
100;CRA;1;0;0;0;0.24
100;CRA;1;0;0;0;0.24
100;CRA;1;0;0;0;0.24
100;CRA;1;0;0;0;0.24
100;CRA;1;0;0;0;0.24
100;CRA;1;0;0;0;0.24
100;CRA;1;0;0;0;0.24
100;CRA;1;0;0;0;0.24
100;CRA;1;0;0;0;0.24
100;CRA;1;0;0;0;0.24
100;CRA;1;0;0;0;0.24
100;CRA;1;0;0;0;0.24
100;CRA;1;0;0;0;0.24
100;CRA;1;0;0;0;0.24
100;CRA;1;0;0;0;0.24
100;CRA;2;0;0;0;0.12
100;CRA;1;0;0;0;0.12
100;CRA;1;0;0;0;0.12
100;CRA;1;0;0;0;0.12
100;CRA;1;0;0;0;0.12
100;CRA;1;0;0;0;0.12
100;CRA;1;0;0;0;0.12
100;CRA;1;0;0;0;0.12
100;CRA;1;0;0;0;0.12
100;CRA;1;0;0;0;0.12
100;CRA;1;0;0;0;0.12
100;CRA;1;0;0;0;0.12
100;CRA;0;0;0;0;0.12
100;CRA;1;0;0;0;0.12
100;CRA;1;0;0;0;0.12
100;CRA;0;0;0;0;0.12
100;CRA;1;0;0;0;0.12
100;CRA;1;0;0;0;0.12
100;CRA;1;0;0;0;0.12
100;CRA;1;0;0;0;0.12
