Size;Method;Time;Status;Solution;Timeout;Scans
0.7000;RULT;1281;0;0;0;4.84
0.7000;RULT;1242;0;0;0;4.84
0.7000;RULT;1251;0;0;0;4.84
0.7000;RULT;1245;0;0;0;4.84
0.7000;RULT;1247;0;0;0;4.84
0.7000;RULT;1243;0;0;0;4.84
0.7000;RULT;1246;0;0;0;4.84
0.7000;RULT;1241;0;0;0;4.84
0.7000;RULT;1252;0;0;0;4.84
0.7000;RULT;1242;0;0;0;4.84
0.7000;RULT;1241;0;0;0;4.84
0.7000;RULT;1240;0;0;0;4.84
0.7000;RULT;1243;0;0;0;4.84
0.7000;RULT;1244;0;0;0;4.84
0.7000;RULT;1240;0;0;0;4.84
0.7000;RULT;1243;0;0;0;4.84
0.7000;RULT;1241;0;0;0;4.84
0.7000;RULT;1250;0;0;0;4.84
0.7000;RULT;1240;0;0;0;4.84
0.7000;RULT;1247;0;0;0;4.84
0.7000;RULT;2641;0;0;0;10.30
0.7000;RULT;2630;0;0;0;10.30
0.7000;RULT;2628;0;0;0;10.30
0.7000;RULT;2640;0;0;0;10.30
0.7000;RULT;2633;0;0;0;10.30
0.7000;RULT;2634;0;0;0;10.30
0.7000;RULT;2636;0;0;0;10.30
0.7000;RULT;2633;0;0;0;10.30
0.7000;RULT;2628;0;0;0;10.30
0.7000;RULT;2634;0;0;0;10.30
0.7000;RULT;2633;0;0;0;10.30
0.7000;RULT;2640;0;0;0;10.30
0.7000;RULT;2633;0;0;0;10.30
0.7000;RULT;2627;0;0;0;10.30
0.7000;RULT;2627;0;0;0;10.30
0.7000;RULT;2635;0;0;0;10.30
0.7000;RULT;2632;0;0;0;10.30
0.7000;RULT;2634;0;0;0;10.30
0.7000;RULT;2636;0;0;0;10.30
0.7000;RULT;2624;0;0;0;10.30
0.7000;ILP;36334;0;0;0;0.00
0.7000;ILP;36245;0;0;0;0.00
0.7000;ILP;36012;0;0;0;0.00
0.7000;ILP;35586;0;0;0;0.00
0.7000;ILP;36045;0;0;0;0.00
0.7000;ILP;36026;0;0;0;0.00
0.7000;ILP;35563;0;0;0;0.00
0.7000;ILP;34835;0;0;0;0.00
0.7000;ILP;35105;0;0;0;0.00
0.7000;ILP;34761;0;0;0;0.00
0.7000;ILP;35735;0;0;0;0.00
0.7000;ILP;35165;0;0;0;0.00
0.7000;ILP;35770;0;0;0;0.00
0.7000;ILP;35790;0;0;0;0.00
0.7000;ILP;35785;0;0;0;0.00
0.7000;ILP;35785;0;0;0;0.00
0.7000;ILP;35844;0;0;0;0.00
0.7000;ILP;35857;0;0;0;0.00
0.7000;ILP;35818;0;0;0;0.00
0.7000;ILP;35801;0;0;0;0.00
0.7000;ILP;193214;0;0;0;0.00
0.7000;ILP;193183;0;0;0;0.00
0.7000;ILP;193027;0;0;0;0.00
0.7000;ILP;191412;0;0;0;0.00
0.7000;ILP;190672;0;0;0;0.00
0.7000;ILP;191277;0;0;0;0.00
0.7000;ILP;191538;0;0;0;0.00
0.7000;ILP;191101;0;0;0;0.00
0.7000;ILP;191016;0;0;0;0.00
0.7000;ILP;190820;0;0;0;0.00
0.7000;ILP;190932;0;0;0;0.00
0.7000;ILP;191170;0;0;0;0.00
0.7000;ILP;191651;0;0;0;0.00
0.7000;ILP;190603;0;0;0;0.00
0.7000;ILP;190871;0;0;0;0.00
0.7000;ILP;190359;0;0;0;0.00
0.7000;ILP;191002;0;0;0;0.00
0.7000;ILP;190519;0;0;0;0.00
0.7000;ILP;191390;0;0;0;0.00
0.7000;ILP;190798;0;0;0;0.00
0.7000;CP;214559;0;0;0;0.00
0.7000;CP;216028;0;0;0;0.00
0.7000;CP;214005;0;0;0;0.00
0.7000;CP;213530;0;0;0;0.00
0.7000;CP;213131;0;0;0;0.00
0.7000;CP;213036;0;0;0;0.00
0.7000;CP;198080;0;0;0;0.00
0.7000;CP;179732;0;0;0;0.00
0.7000;CP;214948;0;0;0;0.00
0.7000;CP;214758;0;0;0;0.00
0.7000;CP;216477;0;0;0;0.00
0.7000;CP;214317;0;0;0;0.00
0.7000;CP;214111;0;0;0;0.00
0.7000;CP;213393;0;0;0;0.00
0.7000;CP;212917;0;0;0;0.00
0.7000;CP;213813;0;0;0;0.00
0.7000;CP;210161;0;0;0;0.00
0.7000;CP;180719;0;0;0;0.00
0.7000;CP;211637;0;0;0;0.00
0.7000;CP;215531;0;0;0;0.00
0.7000;CP;193708;0;0;0;0.00
0.7000;CP;195019;0;0;0;0.00
0.7000;CP;180633;0;0;0;0.00
0.7000;CP;179721;0;0;0;0.00
0.7000;CP;180110;0;0;0;0.00
0.7000;CP;181933;0;0;0;0.00
0.7000;CP;191808;0;0;0;0.00
0.7000;CP;193202;0;0;0;0.00
0.7000;CP;192946;0;0;0;0.00
0.7000;CP;192981;0;0;0;0.00
0.7000;CP;194646;0;0;0;0.00
0.7000;CP;190754;0;0;0;0.00
0.7000;CP;179969;0;0;0;0.00
0.7000;CP;180118;0;0;0;0.00
0.7000;CP;180710;0;0;0;0.00
0.7000;CP;184729;0;0;0;0.00
0.7000;CP;193041;0;0;0;0.00
0.7000;CP;194006;0;0;0;0.00
0.7000;CP;193117;0;0;0;0.00
0.7000;CP;193027;0;0;0;0.00
0.7000;SCP;75857;0;0;0;0.00
0.7000;SCP;76702;0;0;0;0.00
0.7000;SCP;76683;0;0;0;0.00
0.7000;SCP;76560;0;0;0;0.00
0.7000;SCP;76442;0;0;0;0.00
0.7000;SCP;76398;0;0;0;0.00
0.7000;SCP;76408;0;0;0;0.00
0.7000;SCP;76486;0;0;0;0.00
0.7000;SCP;76546;0;0;0;0.00
0.7000;SCP;76530;0;0;0;0.00
0.7000;SCP;76383;0;0;0;0.00
0.7000;SCP;77428;0;0;0;0.00
0.7000;SCP;76809;0;0;0;0.00
0.7000;SCP;76441;0;0;0;0.00
0.7000;SCP;76666;0;0;0;0.00
0.7000;SCP;76435;0;0;0;0.00
0.7000;SCP;76567;0;0;0;0.00
0.7000;SCP;76640;0;0;0;0.00
0.7000;SCP;76609;0;0;0;0.00
0.7000;SCP;76376;0;0;0;0.00
0.7000;SCP;75473;0;0;0;0.00
0.7000;SCP;75930;0;0;0;0.00
0.7000;SCP;77043;0;0;0;0.00
0.7000;SCP;77192;0;0;0;0.00
0.7000;SCP;73533;0;0;0;0.00
0.7000;SCP;73647;0;0;0;0.00
0.7000;SCP;73694;0;0;0;0.00
0.7000;SCP;73207;0;0;0;0.00
0.7000;SCP;73153;0;0;0;0.00
0.7000;SCP;72481;0;0;0;0.00
0.7000;SCP;72654;0;0;0;0.00
0.7000;SCP;72844;0;0;0;0.00
0.7000;SCP;72382;0;0;0;0.00
0.7000;SCP;72696;0;0;0;0.00
0.7000;SCP;74487;0;0;0;0.00
0.7000;SCP;75273;0;0;0;0.00
0.7000;SCP;75347;0;0;0;0.00
0.7000;SCP;75543;0;0;0;0.00
0.7000;SCP;75482;0;0;0;0.00
0.7000;SCP;75349;0;0;0;0.00
0.7000;KAB;514997;0;0;0;0.00
0.7000;KAB;514163;0;0;0;0.00
0.7000;KAB;514338;0;0;0;0.00
0.7000;KAB;513636;0;0;0;0.00
0.7000;KAB;514370;0;0;0;0.00
0.7000;KAB;513221;0;0;0;0.00
0.7000;KAB;514137;0;0;0;0.00
0.7000;KAB;512961;0;0;0;0.00
0.7000;KAB;514092;0;0;0;0.00
0.7000;KAB;513459;0;0;0;0.00
0.7000;KAB;514559;0;0;0;0.00
0.7000;KAB;513461;0;0;0;0.00
0.7000;KAB;514461;0;0;0;0.00
0.7000;KAB;513741;0;0;0;0.00
0.7000;KAB;514314;0;0;0;0.00
0.7000;KAB;513743;0;0;0;0.00
0.7000;KAB;514429;0;0;0;0.00
0.7000;KAB;513237;0;0;0;0.00
0.7000;KAB;513888;0;0;0;0.00
0.7000;KAB;513014;0;0;0;0.00
0.7000;KAB;2000016;0;0;1;0.00
0.7000;KAB;2000003;0;0;1;0.00
0.7000;KAB;2000040;0;0;1;0.00
0.7000;KAB;2000010;0;0;1;0.00
0.7000;KAB;2000055;0;0;1;0.00
0.7000;KAB;2000031;0;0;1;0.00
0.7000;KAB;2000004;0;0;1;0.00
0.7000;KAB;2000148;0;0;1;0.00
0.7000;KAB;2000034;0;0;1;0.00
0.7000;KAB;2000020;0;0;1;0.00
0.7000;KAB;2000100;0;0;1;0.00
0.7000;KAB;2000043;0;0;1;0.00
0.7000;KAB;2000010;0;0;1;0.00
0.7000;KAB;2000109;0;0;1;0.00
0.7000;KAB;2000036;0;0;1;0.00
0.7000;KAB;2000049;0;0;1;0.00
0.7000;KAB;2000073;0;0;1;0.00
0.7000;KAB;2000051;0;0;1;0.00
0.7000;KAB;2000121;0;0;1;0.00
0.7000;KAB;2000002;0;0;1;0.00
0.7000;BFDC;276;0;0;0;2.02
0.7000;BFDC;277;0;0;0;2.02
0.7000;BFDC;277;0;0;0;2.02
0.7000;BFDC;276;0;0;0;2.02
0.7000;BFDC;286;0;0;0;2.02
0.7000;BFDC;276;0;0;0;2.02
0.7000;BFDC;276;0;0;0;2.02
0.7000;BFDC;276;0;0;0;2.02
0.7000;BFDC;276;0;0;0;2.02
0.7000;BFDC;275;0;0;0;2.02
0.7000;BFDC;276;0;0;0;2.02
0.7000;BFDC;275;0;0;0;2.02
0.7000;BFDC;277;0;0;0;2.02
0.7000;BFDC;276;0;0;0;2.02
0.7000;BFDC;282;0;0;0;2.02
0.7000;BFDC;277;0;0;0;2.02
0.7000;BFDC;278;0;0;0;2.02
0.7000;BFDC;277;0;0;0;2.02
0.7000;BFDC;277;0;0;0;2.02
0.7000;BFDC;276;0;0;0;2.02
0.7000;BFDC;271;0;0;0;1.96
0.7000;BFDC;269;0;0;0;1.96
0.7000;BFDC;270;0;0;0;1.96
0.7000;BFDC;270;0;0;0;1.96
0.7000;BFDC;270;0;0;0;1.96
0.7000;BFDC;268;0;0;0;1.96
0.7000;BFDC;268;0;0;0;1.96
0.7000;BFDC;271;0;0;0;1.96
0.7000;BFDC;270;0;0;0;1.96
0.7000;BFDC;269;0;0;0;1.96
0.7000;BFDC;270;0;0;0;1.96
0.7000;BFDC;270;0;0;0;1.96
0.7000;BFDC;269;0;0;0;1.96
0.7000;BFDC;269;0;0;0;1.96
0.7000;BFDC;270;0;0;0;1.96
0.7000;BFDC;270;0;0;0;1.96
0.7000;BFDC;270;0;0;0;1.96
0.7000;BFDC;269;0;0;0;1.96
0.7000;BFDC;268;0;0;0;1.96
0.7000;BFDC;270;0;0;0;1.96
0.7000;CRA;16447;0;0;0;49.99
0.7000;CRA;16303;0;0;0;49.99
0.7000;CRA;16313;0;0;0;49.99
0.7000;CRA;16301;0;0;0;49.99
0.7000;CRA;16335;0;0;0;49.99
0.7000;CRA;16308;0;0;0;49.99
0.7000;CRA;16301;0;0;0;49.99
0.7000;CRA;16315;0;0;0;49.99
0.7000;CRA;16309;0;0;0;49.99
0.7000;CRA;16307;0;0;0;49.99
0.7000;CRA;16303;0;0;0;49.99
0.7000;CRA;16315;0;0;0;49.99
0.7000;CRA;16307;0;0;0;49.99
0.7000;CRA;16314;0;0;0;49.99
0.7000;CRA;16294;0;0;0;49.99
0.7000;CRA;16313;0;0;0;49.99
0.7000;CRA;16316;0;0;0;49.99
0.7000;CRA;16308;0;0;0;49.99
0.7000;CRA;16302;0;0;0;49.99
0.7000;CRA;16364;0;0;0;49.99
0.7000;CRA;104715;0;0;0;280.43
0.7000;CRA;104216;0;0;0;280.43
0.7000;CRA;104149;0;0;0;280.43
0.7000;CRA;104168;0;0;0;280.43
0.7000;CRA;104173;0;0;0;280.43
0.7000;CRA;104192;0;0;0;280.43
0.7000;CRA;103855;0;0;0;280.43
0.7000;CRA;103223;0;0;0;280.43
0.7000;CRA;102917;0;0;0;280.43
0.7000;CRA;102933;0;0;0;280.43
0.7000;CRA;102966;0;0;0;280.43
0.7000;CRA;103045;0;0;0;280.43
0.7000;CRA;103417;0;0;0;280.43
0.7000;CRA;103490;0;0;0;280.43
0.7000;CRA;103436;0;0;0;280.43
0.7000;CRA;103517;0;0;0;280.43
0.7000;CRA;103453;0;0;0;280.43
0.7000;CRA;103425;0;0;0;280.43
0.7000;CRA;103458;0;0;0;280.43
0.7000;CRA;104266;0;0;0;280.43
0.9000;RULT;1346;0;0;0;5.62
0.9000;RULT;1333;0;0;0;5.62
0.9000;RULT;1336;0;0;0;5.62
0.9000;RULT;1338;0;0;0;5.62
0.9000;RULT;1337;0;0;0;5.62
0.9000;RULT;1330;0;0;0;5.62
0.9000;RULT;1338;0;0;0;5.62
0.9000;RULT;1331;0;0;0;5.62
0.9000;RULT;1337;0;0;0;5.62
0.9000;RULT;1330;0;0;0;5.62
0.9000;RULT;1338;0;0;0;5.62
0.9000;RULT;1330;0;0;0;5.62
0.9000;RULT;1338;0;0;0;5.62
0.9000;RULT;1333;0;0;0;5.62
0.9000;RULT;1341;0;0;0;5.62
0.9000;RULT;1331;0;0;0;5.62
0.9000;RULT;1343;0;0;0;5.62
0.9000;RULT;1333;0;0;0;5.62
0.9000;RULT;1338;0;0;0;5.62
0.9000;RULT;1332;0;0;0;5.62
0.9000;RULT;2870;0;0;0;8.41
0.9000;RULT;2833;0;0;0;8.41
0.9000;RULT;2823;0;0;0;8.41
0.9000;RULT;2824;0;0;0;8.41
0.9000;RULT;2814;0;0;0;8.41
0.9000;RULT;2823;0;0;0;8.41
0.9000;RULT;2830;0;0;0;8.41
0.9000;RULT;2824;0;0;0;8.41
0.9000;RULT;2825;0;0;0;8.41
0.9000;RULT;2823;0;0;0;8.41
0.9000;RULT;2825;0;0;0;8.41
0.9000;RULT;2819;0;0;0;8.41
0.9000;RULT;2822;0;0;0;8.41
0.9000;RULT;2829;0;0;0;8.41
0.9000;RULT;2827;0;0;0;8.41
0.9000;RULT;2829;0;0;0;8.41
0.9000;RULT;2822;0;0;0;8.41
0.9000;RULT;2825;0;0;0;8.41
0.9000;RULT;2818;0;0;0;8.41
0.9000;RULT;2818;0;0;0;8.41
0.9000;ILP;56844;0;0;0;0.00
0.9000;ILP;56402;0;0;0;0.00
0.9000;ILP;55965;0;0;0;0.00
0.9000;ILP;56411;0;0;0;0.00
0.9000;ILP;57067;0;0;0;0.00
0.9000;ILP;56802;0;0;0;0.00
0.9000;ILP;56636;0;0;0;0.00
0.9000;ILP;57662;0;0;0;0.00
0.9000;ILP;57166;0;0;0;0.00
0.9000;ILP;57027;0;0;0;0.00
0.9000;ILP;56725;0;0;0;0.00
0.9000;ILP;56728;0;0;0;0.00
0.9000;ILP;56566;0;0;0;0.00
0.9000;ILP;56651;0;0;0;0.00
0.9000;ILP;56683;0;0;0;0.00
0.9000;ILP;56797;0;0;0;0.00
0.9000;ILP;56815;0;0;0;0.00
0.9000;ILP;56797;0;0;0;0.00
0.9000;ILP;57278;0;0;0;0.00
0.9000;ILP;57957;0;0;0;0.00
0.9000;ILP;535738;0;0;0;0.00
0.9000;ILP;532968;0;0;0;0.00
0.9000;ILP;501346;0;0;0;0.00
0.9000;ILP;518919;0;0;0;0.00
0.9000;ILP;524707;0;0;0;0.00
0.9000;ILP;520995;0;0;0;0.00
0.9000;ILP;523752;0;0;0;0.00
0.9000;ILP;513115;0;0;0;0.00
0.9000;ILP;523198;0;0;0;0.00
0.9000;ILP;519572;0;0;0;0.00
0.9000;ILP;523022;0;0;0;0.00
0.9000;ILP;488234;0;0;0;0.00
0.9000;ILP;524327;0;0;0;0.00
0.9000;ILP;521964;0;0;0;0.00
0.9000;ILP;523036;0;0;0;0.00
0.9000;ILP;491458;0;0;0;0.00
0.9000;ILP;520261;0;0;0;0.00
0.9000;ILP;522905;0;0;0;0.00
0.9000;ILP;521000;0;0;0;0.00
0.9000;ILP;518513;0;0;0;0.00
0.9000;CP;227990;0;0;0;0.00
0.9000;CP;217734;0;0;0;0.00
0.9000;CP;224846;0;0;0;0.00
0.9000;CP;235572;0;0;0;0.00
0.9000;CP;235586;0;0;0;0.00
0.9000;CP;235602;0;0;0;0.00
0.9000;CP;238010;0;0;0;0.00
0.9000;CP;236520;0;0;0;0.00
0.9000;CP;230030;0;0;0;0.00
0.9000;CP;218920;0;0;0;0.00
0.9000;CP;222495;0;0;0;0.00
0.9000;CP;233992;0;0;0;0.00
0.9000;CP;236893;0;0;0;0.00
0.9000;CP;234329;0;0;0;0.00
0.9000;CP;236895;0;0;0;0.00
0.9000;CP;235692;0;0;0;0.00
0.9000;CP;233953;0;0;0;0.00
0.9000;CP;217582;0;0;0;0.00
0.9000;CP;221105;0;0;0;0.00
0.9000;CP;234832;0;0;0;0.00
0.9000;CP;222394;0;0;0;0.00
0.9000;CP;264688;0;0;0;0.00
0.9000;CP;268011;0;0;0;0.00
0.9000;CP;265507;0;0;0;0.00
0.9000;CP;265835;0;0;0;0.00
0.9000;CP;266056;0;0;0;0.00
0.9000;CP;266499;0;0;0;0.00
0.9000;CP;264083;0;0;0;0.00
0.9000;CP;222033;0;0;0;0.00
0.9000;CP;265194;0;0;0;0.00
0.9000;CP;268037;0;0;0;0.00
0.9000;CP;267836;0;0;0;0.00
0.9000;CP;264051;0;0;0;0.00
0.9000;CP;266389;0;0;0;0.00
0.9000;CP;264251;0;0;0;0.00
0.9000;CP;265251;0;0;0;0.00
0.9000;CP;227298;0;0;0;0.00
0.9000;CP;250178;0;0;0;0.00
0.9000;CP;266922;0;0;0;0.00
0.9000;CP;267346;0;0;0;0.00
0.9000;SCP;82234;0;0;0;0.00
0.9000;SCP;83368;0;0;0;0.00
0.9000;SCP;82253;0;0;0;0.00
0.9000;SCP;82863;0;0;0;0.00
0.9000;SCP;82328;0;0;0;0.00
0.9000;SCP;83360;0;0;0;0.00
0.9000;SCP;83133;0;0;0;0.00
0.9000;SCP;83093;0;0;0;0.00
0.9000;SCP;82083;0;0;0;0.00
0.9000;SCP;81440;0;0;0;0.00
0.9000;SCP;81613;0;0;0;0.00
0.9000;SCP;82948;0;0;0;0.00
0.9000;SCP;81757;0;0;0;0.00
0.9000;SCP;82434;0;0;0;0.00
0.9000;SCP;80352;0;0;0;0.00
0.9000;SCP;79720;0;0;0;0.00
0.9000;SCP;79517;0;0;0;0.00
0.9000;SCP;78715;0;0;0;0.00
0.9000;SCP;78602;0;0;0;0.00
0.9000;SCP;79556;0;0;0;0.00
0.9000;SCP;75596;0;0;0;0.00
0.9000;SCP;76145;0;0;0;0.00
0.9000;SCP;76890;0;0;0;0.00
0.9000;SCP;76199;0;0;0;0.00
0.9000;SCP;76210;0;0;0;0.00
0.9000;SCP;75773;0;0;0;0.00
0.9000;SCP;76353;0;0;0;0.00
0.9000;SCP;76917;0;0;0;0.00
0.9000;SCP;76567;0;0;0;0.00
0.9000;SCP;76321;0;0;0;0.00
0.9000;SCP;76304;0;0;0;0.00
0.9000;SCP;76102;0;0;0;0.00
0.9000;SCP;76381;0;0;0;0.00
0.9000;SCP;76301;0;0;0;0.00
0.9000;SCP;77596;0;0;0;0.00
0.9000;SCP;76856;0;0;0;0.00
0.9000;SCP;72682;0;0;0;0.00
0.9000;SCP;72204;0;0;0;0.00
0.9000;SCP;72328;0;0;0;0.00
0.9000;SCP;73378;0;0;0;0.00
0.9000;KAB;534204;0;0;0;0.00
0.9000;KAB;532634;0;0;0;0.00
0.9000;KAB;533600;0;0;0;0.00
0.9000;KAB;532136;0;0;0;0.00
0.9000;KAB;533641;0;0;0;0.00
0.9000;KAB;532646;0;0;0;0.00
0.9000;KAB;533251;0;0;0;0.00
0.9000;KAB;532518;0;0;0;0.00
0.9000;KAB;533321;0;0;0;0.00
0.9000;KAB;534128;0;0;0;0.00
0.9000;KAB;532673;0;0;0;0.00
0.9000;KAB;532908;0;0;0;0.00
0.9000;KAB;532561;0;0;0;0.00
0.9000;KAB;533908;0;0;0;0.00
0.9000;KAB;532376;0;0;0;0.00
0.9000;KAB;533159;0;0;0;0.00
0.9000;KAB;532579;0;0;0;0.00
0.9000;KAB;533214;0;0;0;0.00
0.9000;KAB;532359;0;0;0;0.00
0.9000;KAB;533087;0;0;0;0.00
0.9000;KAB;1035180;0;0;0;0.00
0.9000;KAB;1031951;0;0;0;0.00
0.9000;KAB;1034586;0;0;0;0.00
0.9000;KAB;1035184;0;0;0;0.00
0.9000;KAB;1035395;0;0;0;0.00
0.9000;KAB;1035572;0;0;0;0.00
0.9000;KAB;1035785;0;0;0;0.00
0.9000;KAB;1034961;0;0;0;0.00
0.9000;KAB;1034350;0;0;0;0.00
0.9000;KAB;1035320;0;0;0;0.00
0.9000;KAB;1032011;0;0;0;0.00
0.9000;KAB;1035727;0;0;0;0.00
0.9000;KAB;1034987;0;0;0;0.00
0.9000;KAB;1033624;0;0;0;0.00
0.9000;KAB;1033720;0;0;0;0.00
0.9000;KAB;1034027;0;0;0;0.00
0.9000;KAB;1033844;0;0;0;0.00
0.9000;KAB;1033226;0;0;0;0.00
0.9000;KAB;1034734;0;0;0;0.00
0.9000;KAB;1037438;0;0;0;0.00
0.9000;BFDC;212;0;0;0;1.74
0.9000;BFDC;212;0;0;0;1.74
0.9000;BFDC;212;0;0;0;1.74
0.9000;BFDC;211;0;0;0;1.74
0.9000;BFDC;211;0;0;0;1.74
0.9000;BFDC;212;0;0;0;1.74
0.9000;BFDC;211;0;0;0;1.74
0.9000;BFDC;211;0;0;0;1.74
0.9000;BFDC;212;0;0;0;1.74
0.9000;BFDC;212;0;0;0;1.74
0.9000;BFDC;212;0;0;0;1.74
0.9000;BFDC;211;0;0;0;1.74
0.9000;BFDC;211;0;0;0;1.74
0.9000;BFDC;211;0;0;0;1.74
0.9000;BFDC;212;0;0;0;1.74
0.9000;BFDC;211;0;0;0;1.74
0.9000;BFDC;212;0;0;0;1.74
0.9000;BFDC;211;0;0;0;1.74
0.9000;BFDC;211;0;0;0;1.74
0.9000;BFDC;211;0;0;0;1.74
0.9000;BFDC;253;0;0;0;2.02
0.9000;BFDC;252;0;0;0;2.02
0.9000;BFDC;251;0;0;0;2.02
0.9000;BFDC;250;0;0;0;2.02
0.9000;BFDC;250;0;0;0;2.02
0.9000;BFDC;250;0;0;0;2.02
0.9000;BFDC;251;0;0;0;2.02
0.9000;BFDC;252;0;0;0;2.02
0.9000;BFDC;256;0;0;0;2.02
0.9000;BFDC;251;0;0;0;2.02
0.9000;BFDC;250;0;0;0;2.02
0.9000;BFDC;250;0;0;0;2.02
0.9000;BFDC;251;0;0;0;2.02
0.9000;BFDC;249;0;0;0;2.02
0.9000;BFDC;250;0;0;0;2.02
0.9000;BFDC;250;0;0;0;2.02
0.9000;BFDC;250;0;0;0;2.02
0.9000;BFDC;250;0;0;0;2.02
0.9000;BFDC;250;0;0;0;2.02
0.9000;BFDC;258;0;0;0;2.02
0.9000;CRA;17405;0;0;0;59.51
0.9000;CRA;17310;0;0;0;59.51
0.9000;CRA;17293;0;0;0;59.51
0.9000;CRA;17307;0;0;0;59.51
0.9000;CRA;17305;0;0;0;59.51
0.9000;CRA;17297;0;0;0;59.51
0.9000;CRA;17338;0;0;0;59.51
0.9000;CRA;17346;0;0;0;59.51
0.9000;CRA;17323;0;0;0;59.51
0.9000;CRA;18170;0;0;0;59.51
0.9000;CRA;17318;0;0;0;59.51
0.9000;CRA;17319;0;0;0;59.51
0.9000;CRA;17333;0;0;0;59.51
0.9000;CRA;17334;0;0;0;59.51
0.9000;CRA;17331;0;0;0;59.51
0.9000;CRA;17332;0;0;0;59.51
0.9000;CRA;17333;0;0;0;59.51
0.9000;CRA;17313;0;0;0;59.51
0.9000;CRA;17327;0;0;0;59.51
0.9000;CRA;17326;0;0;0;59.51
0.9000;CRA;641580;0;0;0;2002.57
0.9000;CRA;638620;0;0;0;2002.57
0.9000;CRA;637682;0;0;0;2002.57
0.9000;CRA;638195;0;0;0;2002.57
0.9000;CRA;638540;0;0;0;2002.57
0.9000;CRA;637556;0;0;0;2002.57
0.9000;CRA;638183;0;0;0;2002.57
0.9000;CRA;637352;0;0;0;2002.57
0.9000;CRA;638598;0;0;0;2002.57
0.9000;CRA;638272;0;0;0;2002.57
0.9000;CRA;637222;0;0;0;2002.57
0.9000;CRA;638569;0;0;0;2002.57
0.9000;CRA;638560;0;0;0;2002.57
0.9000;CRA;637290;0;0;0;2002.57
0.9000;CRA;638733;0;0;0;2002.57
0.9000;CRA;638654;0;0;0;2002.57
0.9000;CRA;637465;0;0;0;2002.57
0.9000;CRA;638642;0;0;0;2002.57
0.9000;CRA;637789;0;0;0;2002.57
0.9000;CRA;638331;0;0;0;2002.57
0.2000;RULT;1380;0;0;0;6.47
0.2000;RULT;1377;0;0;0;6.47
0.2000;RULT;1375;0;0;0;6.47
0.2000;RULT;1374;0;0;0;6.47
0.2000;RULT;1380;0;0;0;6.47
0.2000;RULT;1374;0;0;0;6.47
0.2000;RULT;1383;0;0;0;6.47
0.2000;RULT;1374;0;0;0;6.47
0.2000;RULT;1380;0;0;0;6.47
0.2000;RULT;1376;0;0;0;6.47
0.2000;RULT;1384;0;0;0;6.47
0.2000;RULT;1384;0;0;0;6.47
0.2000;RULT;1378;0;0;0;6.47
0.2000;RULT;1375;0;0;0;6.47
0.2000;RULT;1379;0;0;0;6.47
0.2000;RULT;1374;0;0;0;6.47
0.2000;RULT;1376;0;0;0;6.47
0.2000;RULT;1380;0;0;0;6.47
0.2000;RULT;1386;0;0;0;6.47
0.2000;RULT;1383;0;0;0;6.47
0.2000;RULT;1180;0;0;0;4.57
0.2000;RULT;1171;0;0;0;4.57
0.2000;RULT;1172;0;0;0;4.57
0.2000;RULT;1170;0;0;0;4.57
0.2000;RULT;1173;0;0;0;4.57
0.2000;RULT;1172;0;0;0;4.57
0.2000;RULT;1175;0;0;0;4.57
0.2000;RULT;1172;0;0;0;4.57
0.2000;RULT;1178;0;0;0;4.57
0.2000;RULT;1174;0;0;0;4.57
0.2000;RULT;1180;0;0;0;4.57
0.2000;RULT;1170;0;0;0;4.57
0.2000;RULT;1176;0;0;0;4.57
0.2000;RULT;1173;0;0;0;4.57
0.2000;RULT;1173;0;0;0;4.57
0.2000;RULT;1174;0;0;0;4.57
0.2000;RULT;1172;0;0;0;4.57
0.2000;RULT;1178;0;0;0;4.57
0.2000;RULT;1173;0;0;0;4.57
0.2000;RULT;1176;0;0;0;4.57
0.2000;ILP;41923;0;0;0;0.00
0.2000;ILP;40788;0;0;0;0.00
0.2000;ILP;40883;0;0;0;0.00
0.2000;ILP;40915;0;0;0;0.00
0.2000;ILP;41242;0;0;0;0.00
0.2000;ILP;41136;0;0;0;0.00
0.2000;ILP;41313;0;0;0;0.00
0.2000;ILP;41175;0;0;0;0.00
0.2000;ILP;41620;0;0;0;0.00
0.2000;ILP;41520;0;0;0;0.00
0.2000;ILP;40995;0;0;0;0.00
0.2000;ILP;41159;0;0;0;0.00
0.2000;ILP;41894;0;0;0;0.00
0.2000;ILP;41000;0;0;0;0.00
0.2000;ILP;40917;0;0;0;0.00
0.2000;ILP;40995;0;0;0;0.00
0.2000;ILP;41495;0;0;0;0.00
0.2000;ILP;41017;0;0;0;0.00
0.2000;ILP;40888;0;0;0;0.00
0.2000;ILP;40966;0;0;0;0.00
0.2000;ILP;40660;0;0;0;0.00
0.2000;ILP;39824;0;0;0;0.00
0.2000;ILP;39453;0;0;0;0.00
0.2000;ILP;39869;0;0;0;0.00
0.2000;ILP;39721;0;0;0;0.00
0.2000;ILP;39645;0;0;0;0.00
0.2000;ILP;39576;0;0;0;0.00
0.2000;ILP;39195;0;0;0;0.00
0.2000;ILP;39520;0;0;0;0.00
0.2000;ILP;39994;0;0;0;0.00
0.2000;ILP;39990;0;0;0;0.00
0.2000;ILP;40087;0;0;0;0.00
0.2000;ILP;39929;0;0;0;0.00
0.2000;ILP;39347;0;0;0;0.00
0.2000;ILP;39810;0;0;0;0.00
0.2000;ILP;39708;0;0;0;0.00
0.2000;ILP;39264;0;0;0;0.00
0.2000;ILP;39882;0;0;0;0.00
0.2000;ILP;39149;0;0;0;0.00
0.2000;ILP;39362;0;0;0;0.00
0.2000;CP;101951;0;0;0;0.00
0.2000;CP;103520;0;0;0;0.00
0.2000;CP;102929;0;0;0;0.00
0.2000;CP;104527;0;0;0;0.00
0.2000;CP;107488;0;0;0;0.00
0.2000;CP;106940;0;0;0;0.00
0.2000;CP;107323;0;0;0;0.00
0.2000;CP;107362;0;0;0;0.00
0.2000;CP;107514;0;0;0;0.00
0.2000;CP;107157;0;0;0;0.00
0.2000;CP;106826;0;0;0;0.00
0.2000;CP;107405;0;0;0;0.00
0.2000;CP;108270;0;0;0;0.00
0.2000;CP;107367;0;0;0;0.00
0.2000;CP;106862;0;0;0;0.00
0.2000;CP;107215;0;0;0;0.00
0.2000;CP;107649;0;0;0;0.00
0.2000;CP;108046;0;0;0;0.00
0.2000;CP;107715;0;0;0;0.00
0.2000;CP;107953;0;0;0;0.00
0.2000;CP;99528;0;0;0;0.00
0.2000;CP;102484;0;0;0;0.00
0.2000;CP;101244;0;0;0;0.00
0.2000;CP;101635;0;0;0;0.00
0.2000;CP;101995;0;0;0;0.00
0.2000;CP;104177;0;0;0;0.00
0.2000;CP;101773;0;0;0;0.00
0.2000;CP;103417;0;0;0;0.00
0.2000;CP;102676;0;0;0;0.00
0.2000;CP;103379;0;0;0;0.00
0.2000;CP;102498;0;0;0;0.00
0.2000;CP;102610;0;0;0;0.00
0.2000;CP;102311;0;0;0;0.00
0.2000;CP;103723;0;0;0;0.00
0.2000;CP;102902;0;0;0;0.00
0.2000;CP;102826;0;0;0;0.00
0.2000;CP;101801;0;0;0;0.00
0.2000;CP;105612;0;0;0;0.00
0.2000;CP;105522;0;0;0;0.00
0.2000;CP;105717;0;0;0;0.00
0.2000;SCP;68040;0;0;0;0.00
0.2000;SCP;69855;0;0;0;0.00
0.2000;SCP;69598;0;0;0;0.00
0.2000;SCP;69056;0;0;0;0.00
0.2000;SCP;69465;0;0;0;0.00
0.2000;SCP;69527;0;0;0;0.00
0.2000;SCP;69217;0;0;0;0.00
0.2000;SCP;69259;0;0;0;0.00
0.2000;SCP;69502;0;0;0;0.00
0.2000;SCP;69380;0;0;0;0.00
0.2000;SCP;69319;0;0;0;0.00
0.2000;SCP;68518;0;0;0;0.00
0.2000;SCP;68825;0;0;0;0.00
0.2000;SCP;69249;0;0;0;0.00
0.2000;SCP;69390;0;0;0;0.00
0.2000;SCP;68976;0;0;0;0.00
0.2000;SCP;69793;0;0;0;0.00
0.2000;SCP;69935;0;0;0;0.00
0.2000;SCP;70117;0;0;0;0.00
0.2000;SCP;69370;0;0;0;0.00
0.2000;SCP;65966;0;0;0;0.00
0.2000;SCP;67687;0;0;0;0.00
0.2000;SCP;67310;0;0;0;0.00
0.2000;SCP;67686;0;0;0;0.00
0.2000;SCP;67217;0;0;0;0.00
0.2000;SCP;68428;0;0;0;0.00
0.2000;SCP;67165;0;0;0;0.00
0.2000;SCP;67546;0;0;0;0.00
0.2000;SCP;67645;0;0;0;0.00
0.2000;SCP;66946;0;0;0;0.00
0.2000;SCP;68332;0;0;0;0.00
0.2000;SCP;66981;0;0;0;0.00
0.2000;SCP;67610;0;0;0;0.00
0.2000;SCP;67245;0;0;0;0.00
0.2000;SCP;67532;0;0;0;0.00
0.2000;SCP;67518;0;0;0;0.00
0.2000;SCP;67338;0;0;0;0.00
0.2000;SCP;67755;0;0;0;0.00
0.2000;SCP;66946;0;0;0;0.00
0.2000;SCP;69211;0;0;0;0.00
0.2000;KAB;564797;0;0;0;0.00
0.2000;KAB;561732;0;0;0;0.00
0.2000;KAB;562827;0;0;0;0.00
0.2000;KAB;564633;0;0;0;0.00
0.2000;KAB;565518;0;0;0;0.00
0.2000;KAB;561661;0;0;0;0.00
0.2000;KAB;561800;0;0;0;0.00
0.2000;KAB;560867;0;0;0;0.00
0.2000;KAB;564664;0;0;0;0.00
0.2000;KAB;564534;0;0;0;0.00
0.2000;KAB;561216;0;0;0;0.00
0.2000;KAB;564336;0;0;0;0.00
0.2000;KAB;565599;0;0;0;0.00
0.2000;KAB;562859;0;0;0;0.00
0.2000;KAB;562362;0;0;0;0.00
0.2000;KAB;563726;0;0;0;0.00
0.2000;KAB;561294;0;0;0;0.00
0.2000;KAB;561111;0;0;0;0.00
0.2000;KAB;561417;0;0;0;0.00
0.2000;KAB;560097;0;0;0;0.00
0.2000;KAB;517716;0;0;0;0.00
0.2000;KAB;519019;0;0;0;0.00
0.2000;KAB;510341;0;0;0;0.00
0.2000;KAB;509762;0;0;0;0.00
0.2000;KAB;511909;0;0;0;0.00
0.2000;KAB;512972;0;0;0;0.00
0.2000;KAB;511206;0;0;0;0.00
0.2000;KAB;512082;0;0;0;0.00
0.2000;KAB;513597;0;0;0;0.00
0.2000;KAB;510138;0;0;0;0.00
0.2000;KAB;510201;0;0;0;0.00
0.2000;KAB;514075;0;0;0;0.00
0.2000;KAB;511146;0;0;0;0.00
0.2000;KAB;509916;0;0;0;0.00
0.2000;KAB;509263;0;0;0;0.00
0.2000;KAB;513095;0;0;0;0.00
0.2000;KAB;510682;0;0;0;0.00
0.2000;KAB;511377;0;0;0;0.00
0.2000;KAB;508658;0;0;0;0.00
0.2000;KAB;511620;0;0;0;0.00
0.2000;BFDC;302;0;0;0;1.99
0.2000;BFDC;301;0;0;0;1.99
0.2000;BFDC;300;0;0;0;1.99
0.2000;BFDC;300;0;0;0;1.99
0.2000;BFDC;300;0;0;0;1.99
0.2000;BFDC;300;0;0;0;1.99
0.2000;BFDC;300;0;0;0;1.99
0.2000;BFDC;300;0;0;0;1.99
0.2000;BFDC;300;0;0;0;1.99
0.2000;BFDC;300;0;0;0;1.99
0.2000;BFDC;308;0;0;0;1.99
0.2000;BFDC;305;0;0;0;1.99
0.2000;BFDC;303;0;0;0;1.99
0.2000;BFDC;300;0;0;0;1.99
0.2000;BFDC;300;0;0;0;1.99
0.2000;BFDC;300;0;0;0;1.99
0.2000;BFDC;301;0;0;0;1.99
0.2000;BFDC;300;0;0;0;1.99
0.2000;BFDC;300;0;0;0;1.99
0.2000;BFDC;304;0;0;0;1.99
0.2000;BFDC;248;0;0;0;1.68
0.2000;BFDC;252;0;0;0;1.68
0.2000;BFDC;246;0;0;0;1.68
0.2000;BFDC;246;0;0;0;1.68
0.2000;BFDC;247;0;0;0;1.68
0.2000;BFDC;246;0;0;0;1.68
0.2000;BFDC;247;0;0;0;1.68
0.2000;BFDC;246;0;0;0;1.68
0.2000;BFDC;247;0;0;0;1.68
0.2000;BFDC;247;0;0;0;1.68
0.2000;BFDC;247;0;0;0;1.68
0.2000;BFDC;247;0;0;0;1.68
0.2000;BFDC;250;0;0;0;1.68
0.2000;BFDC;247;0;0;0;1.68
0.2000;BFDC;246;0;0;0;1.68
0.2000;BFDC;247;0;0;0;1.68
0.2000;BFDC;247;0;0;0;1.68
0.2000;BFDC;246;0;0;0;1.68
0.2000;BFDC;246;0;0;0;1.68
0.2000;BFDC;247;0;0;0;1.68
0.2000;CRA;98033;0;0;0;217.70
0.2000;CRA;97569;0;0;0;217.70
0.2000;CRA;97540;0;0;0;217.70
0.2000;CRA;97533;0;0;0;217.70
0.2000;CRA;97555;0;0;0;217.70
0.2000;CRA;97528;0;0;0;217.70
0.2000;CRA;97532;0;0;0;217.70
0.2000;CRA;97836;0;0;0;217.70
0.2000;CRA;97654;0;0;0;217.70
0.2000;CRA;97363;0;0;0;217.70
0.2000;CRA;97469;0;0;0;217.70
0.2000;CRA;97627;0;0;0;217.70
0.2000;CRA;97557;0;0;0;217.70
0.2000;CRA;97582;0;0;0;217.70
0.2000;CRA;97623;0;0;0;217.70
0.2000;CRA;97594;0;0;0;217.70
0.2000;CRA;97575;0;0;0;217.70
0.2000;CRA;97517;0;0;0;217.70
0.2000;CRA;97541;0;0;0;217.70
0.2000;CRA;97584;0;0;0;217.70
0.2000;CRA;117547;0;0;0;261.16
0.2000;CRA;117179;0;0;0;261.16
0.2000;CRA;117977;0;0;0;261.16
0.2000;CRA;117152;0;0;0;261.16
0.2000;CRA;117105;0;0;0;261.16
0.2000;CRA;117138;0;0;0;261.16
0.2000;CRA;117142;0;0;0;261.16
0.2000;CRA;117178;0;0;0;261.16
0.2000;CRA;117128;0;0;0;261.16
0.2000;CRA;117141;0;0;0;261.16
0.2000;CRA;117790;0;0;0;261.16
0.2000;CRA;117169;0;0;0;261.16
0.2000;CRA;117160;0;0;0;261.16
0.2000;CRA;117154;0;0;0;261.16
0.2000;CRA;117184;0;0;0;261.16
0.2000;CRA;117136;0;0;0;261.16
0.2000;CRA;117114;0;0;0;261.16
0.2000;CRA;117260;0;0;0;261.16
0.2000;CRA;117393;0;0;0;261.16
0.2000;CRA;117825;0;0;0;261.16
0.4000;RULT;1411;0;0;0;6.72
0.4000;RULT;1395;0;0;0;6.72
0.4000;RULT;1401;0;0;0;6.72
0.4000;RULT;1397;0;0;0;6.72
0.4000;RULT;1401;0;0;0;6.72
0.4000;RULT;1395;0;0;0;6.72
0.4000;RULT;1404;0;0;0;6.72
0.4000;RULT;1397;0;0;0;6.72
0.4000;RULT;1403;0;0;0;6.72
0.4000;RULT;1401;0;0;0;6.72
0.4000;RULT;1403;0;0;0;6.72
0.4000;RULT;1405;0;0;0;6.72
0.4000;RULT;1403;0;0;0;6.72
0.4000;RULT;1397;0;0;0;6.72
0.4000;RULT;1398;0;0;0;6.72
0.4000;RULT;1403;0;0;0;6.72
0.4000;RULT;1397;0;0;0;6.72
0.4000;RULT;1398;0;0;0;6.72
0.4000;RULT;1399;0;0;0;6.72
0.4000;RULT;1396;0;0;0;6.72
0.4000;RULT;2788;0;0;0;10.93
0.4000;RULT;2763;0;0;0;10.93
0.4000;RULT;2762;0;0;0;10.93
0.4000;RULT;2758;0;0;0;10.93
0.4000;RULT;2761;0;0;0;10.93
0.4000;RULT;2763;0;0;0;10.93
0.4000;RULT;2765;0;0;0;10.93
0.4000;RULT;2767;0;0;0;10.93
0.4000;RULT;2809;0;0;0;10.93
0.4000;RULT;2775;0;0;0;10.93
0.4000;RULT;2769;0;0;0;10.93
0.4000;RULT;2758;0;0;0;10.93
0.4000;RULT;2760;0;0;0;10.93
0.4000;RULT;2768;0;0;0;10.93
0.4000;RULT;2766;0;0;0;10.93
0.4000;RULT;2767;0;0;0;10.93
0.4000;RULT;2761;0;0;0;10.93
0.4000;RULT;2763;0;0;0;10.93
0.4000;RULT;2761;0;0;0;10.93
0.4000;RULT;2759;0;0;0;10.93
0.4000;ILP;138469;0;0;0;0.00
0.4000;ILP;137989;0;0;0;0.00
0.4000;ILP;137541;0;0;0;0.00
0.4000;ILP;137747;0;0;0;0.00
0.4000;ILP;138374;0;0;0;0.00
0.4000;ILP;137323;0;0;0;0.00
0.4000;ILP;138431;0;0;0;0.00
0.4000;ILP;137152;0;0;0;0.00
0.4000;ILP;138666;0;0;0;0.00
0.4000;ILP;137098;0;0;0;0.00
0.4000;ILP;138378;0;0;0;0.00
0.4000;ILP;137170;0;0;0;0.00
0.4000;ILP;137160;0;0;0;0.00
0.4000;ILP;137361;0;0;0;0.00
0.4000;ILP;136863;0;0;0;0.00
0.4000;ILP;137040;0;0;0;0.00
0.4000;ILP;136933;0;0;0;0.00
0.4000;ILP;137705;0;0;0;0.00
0.4000;ILP;136905;0;0;0;0.00
0.4000;ILP;137690;0;0;0;0.00
0.4000;ILP;157758;0;0;0;0.00
0.4000;ILP;156349;0;0;0;0.00
0.4000;ILP;156915;0;0;0;0.00
0.4000;ILP;156959;0;0;0;0.00
0.4000;ILP;157414;0;0;0;0.00
0.4000;ILP;156202;0;0;0;0.00
0.4000;ILP;156980;0;0;0;0.00
0.4000;ILP;157077;0;0;0;0.00
0.4000;ILP;155570;0;0;0;0.00
0.4000;ILP;157154;0;0;0;0.00
0.4000;ILP;156205;0;0;0;0.00
0.4000;ILP;156670;0;0;0;0.00
0.4000;ILP;156716;0;0;0;0.00
0.4000;ILP;156334;0;0;0;0.00
0.4000;ILP;155882;0;0;0;0.00
0.4000;ILP;155960;0;0;0;0.00
0.4000;ILP;154550;0;0;0;0.00
0.4000;ILP;154928;0;0;0;0.00
0.4000;ILP;154758;0;0;0;0.00
0.4000;ILP;155958;0;0;0;0.00
0.4000;CP;136241;0;0;0;0.00
0.4000;CP;143685;0;0;0;0.00
0.4000;CP;143686;0;0;0;0.00
0.4000;CP;137909;0;0;0;0.00
0.4000;CP;136559;0;0;0;0.00
0.4000;CP;137690;0;0;0;0.00
0.4000;CP;142980;0;0;0;0.00
0.4000;CP;147653;0;0;0;0.00
0.4000;CP;138255;0;0;0;0.00
0.4000;CP;138341;0;0;0;0.00
0.4000;CP;137490;0;0;0;0.00
0.4000;CP;140391;0;0;0;0.00
0.4000;CP;143615;0;0;0;0.00
0.4000;CP;137872;0;0;0;0.00
0.4000;CP;137293;0;0;0;0.00
0.4000;CP;136701;0;0;0;0.00
0.4000;CP;138442;0;0;0;0.00
0.4000;CP;142058;0;0;0;0.00
0.4000;CP;144399;0;0;0;0.00
0.4000;CP;138171;0;0;0;0.00
0.4000;CP;156616;0;0;0;0.00
0.4000;CP;141170;0;0;0;0.00
0.4000;CP;136813;0;0;0;0.00
0.4000;CP;138043;0;0;0;0.00
0.4000;CP;140607;0;0;0;0.00
0.4000;CP;143113;0;0;0;0.00
0.4000;CP;161870;0;0;0;0.00
0.4000;CP;136432;0;0;0;0.00
0.4000;CP;136690;0;0;0;0.00
0.4000;CP;137170;0;0;0;0.00
0.4000;CP;141561;0;0;0;0.00
0.4000;CP;142631;0;0;0;0.00
0.4000;CP;159922;0;0;0;0.00
0.4000;CP;138794;0;0;0;0.00
0.4000;CP;136635;0;0;0;0.00
0.4000;CP;137115;0;0;0;0.00
0.4000;CP;140961;0;0;0;0.00
0.4000;CP;144714;0;0;0;0.00
0.4000;CP;155886;0;0;0;0.00
0.4000;CP;137888;0;0;0;0.00
0.4000;SCP;62504;0;0;0;0.00
0.4000;SCP;63691;0;0;0;0.00
0.4000;SCP;63559;0;0;0;0.00
0.4000;SCP;63698;0;0;0;0.00
0.4000;SCP;65590;0;0;0;0.00
0.4000;SCP;65736;0;0;0;0.00
0.4000;SCP;65886;0;0;0;0.00
0.4000;SCP;67560;0;0;0;0.00
0.4000;SCP;65723;0;0;0;0.00
0.4000;SCP;63890;0;0;0;0.00
0.4000;SCP;64007;0;0;0;0.00
0.4000;SCP;63677;0;0;0;0.00
0.4000;SCP;63684;0;0;0;0.00
0.4000;SCP;63211;0;0;0;0.00
0.4000;SCP;63863;0;0;0;0.00
0.4000;SCP;64798;0;0;0;0.00
0.4000;SCP;65506;0;0;0;0.00
0.4000;SCP;66074;0;0;0;0.00
0.4000;SCP;65663;0;0;0;0.00
0.4000;SCP;69141;0;0;0;0.00
0.4000;SCP;64118;0;0;0;0.00
0.4000;SCP;64833;0;0;0;0.00
0.4000;SCP;65170;0;0;0;0.00
0.4000;SCP;65114;0;0;0;0.00
0.4000;SCP;67372;0;0;0;0.00
0.4000;SCP;67862;0;0;0;0.00
0.4000;SCP;67513;0;0;0;0.00
0.4000;SCP;68357;0;0;0;0.00
0.4000;SCP;72099;0;0;0;0.00
0.4000;SCP;70477;0;0;0;0.00
0.4000;SCP;65303;0;0;0;0.00
0.4000;SCP;64001;0;0;0;0.00
0.4000;SCP;64184;0;0;0;0.00
0.4000;SCP;64408;0;0;0;0.00
0.4000;SCP;63735;0;0;0;0.00
0.4000;SCP;64493;0;0;0;0.00
0.4000;SCP;65722;0;0;0;0.00
0.4000;SCP;66643;0;0;0;0.00
0.4000;SCP;66677;0;0;0;0.00
0.4000;SCP;66904;0;0;0;0.00
0.4000;KAB;1063787;0;0;0;0.00
0.4000;KAB;1058899;0;0;0;0.00
0.4000;KAB;1058355;0;0;0;0.00
0.4000;KAB;1067915;0;0;0;0.00
0.4000;KAB;1057545;0;0;0;0.00
0.4000;KAB;1060976;0;0;0;0.00
0.4000;KAB;1064127;0;0;0;0.00
0.4000;KAB;1053593;0;0;0;0.00
0.4000;KAB;1059376;0;0;0;0.00
0.4000;KAB;1063725;0;0;0;0.00
0.4000;KAB;1064412;0;0;0;0.00
0.4000;KAB;1063149;0;0;0;0.00
0.4000;KAB;1059920;0;0;0;0.00
0.4000;KAB;1059015;0;0;0;0.00
0.4000;KAB;1059037;0;0;0;0.00
0.4000;KAB;1056632;0;0;0;0.00
0.4000;KAB;1051100;0;0;0;0.00
0.4000;KAB;1050402;0;0;0;0.00
0.4000;KAB;1050299;0;0;0;0.00
0.4000;KAB;1052549;0;0;0;0.00
0.4000;KAB;1435062;0;0;0;0.00
0.4000;KAB;1423114;0;0;0;0.00
0.4000;KAB;1433774;0;0;0;0.00
0.4000;KAB;1427152;0;0;0;0.00
0.4000;KAB;1425553;0;0;0;0.00
0.4000;KAB;1431581;0;0;0;0.00
0.4000;KAB;1420975;0;0;0;0.00
0.4000;KAB;1432599;0;0;0;0.00
0.4000;KAB;1429914;0;0;0;0.00
0.4000;KAB;1431846;0;0;0;0.00
0.4000;KAB;1428714;0;0;0;0.00
0.4000;KAB;1414704;0;0;0;0.00
0.4000;KAB;1421988;0;0;0;0.00
0.4000;KAB;1423955;0;0;0;0.00
0.4000;KAB;1432047;0;0;0;0.00
0.4000;KAB;1429022;0;0;0;0.00
0.4000;KAB;1426021;0;0;0;0.00
0.4000;KAB;1415365;0;0;0;0.00
0.4000;KAB;1421654;0;0;0;0.00
0.4000;KAB;1422561;0;0;0;0.00
0.4000;BFDC;158;0;0;0;1.14
0.4000;BFDC;152;0;0;0;1.14
0.4000;BFDC;152;0;0;0;1.14
0.4000;BFDC;151;0;0;0;1.14
0.4000;BFDC;151;0;0;0;1.14
0.4000;BFDC;151;0;0;0;1.14
0.4000;BFDC;151;0;0;0;1.14
0.4000;BFDC;151;0;0;0;1.14
0.4000;BFDC;151;0;0;0;1.14
0.4000;BFDC;150;0;0;0;1.14
0.4000;BFDC;151;0;0;0;1.14
0.4000;BFDC;151;0;0;0;1.14
0.4000;BFDC;151;0;0;0;1.14
0.4000;BFDC;151;0;0;0;1.14
0.4000;BFDC;156;0;0;0;1.14
0.4000;BFDC;152;0;0;0;1.14
0.4000;BFDC;152;0;0;0;1.14
0.4000;BFDC;151;0;0;0;1.14
0.4000;BFDC;151;0;0;0;1.14
0.4000;BFDC;151;0;0;0;1.14
0.4000;BFDC;214;0;0;0;1.51
0.4000;BFDC;212;0;0;0;1.51
0.4000;BFDC;218;0;0;0;1.51
0.4000;BFDC;213;0;0;0;1.51
0.4000;BFDC;214;0;0;0;1.51
0.4000;BFDC;213;0;0;0;1.51
0.4000;BFDC;213;0;0;0;1.51
0.4000;BFDC;213;0;0;0;1.51
0.4000;BFDC;214;0;0;0;1.51
0.4000;BFDC;213;0;0;0;1.51
0.4000;BFDC;212;0;0;0;1.51
0.4000;BFDC;213;0;0;0;1.51
0.4000;BFDC;213;0;0;0;1.51
0.4000;BFDC;214;0;0;0;1.51
0.4000;BFDC;217;0;0;0;1.51
0.4000;BFDC;213;0;0;0;1.51
0.4000;BFDC;213;0;0;0;1.51
0.4000;BFDC;213;0;0;0;1.51
0.4000;BFDC;213;0;0;0;1.51
0.4000;BFDC;213;0;0;0;1.51
0.4000;CRA;65160;0;0;0;151.82
0.4000;CRA;65002;0;0;0;151.82
0.4000;CRA;65010;0;0;0;151.82
0.4000;CRA;65020;0;0;0;151.82
0.4000;CRA;65006;0;0;0;151.82
0.4000;CRA;64978;0;0;0;151.82
0.4000;CRA;65010;0;0;0;151.82
0.4000;CRA;65154;0;0;0;151.82
0.4000;CRA;65250;0;0;0;151.82
0.4000;CRA;65296;0;0;0;151.82
0.4000;CRA;65274;0;0;0;151.82
0.4000;CRA;65302;0;0;0;151.82
0.4000;CRA;65296;0;0;0;151.82
0.4000;CRA;64906;0;0;0;151.82
0.4000;CRA;64704;0;0;0;151.82
0.4000;CRA;64661;0;0;0;151.82
0.4000;CRA;64643;0;0;0;151.82
0.4000;CRA;64690;0;0;0;151.82
0.4000;CRA;64717;0;0;0;151.82
0.4000;CRA;64664;0;0;0;151.82
0.4000;CRA;79447;0;0;0;179.99
0.4000;CRA;78987;0;0;0;179.99
0.4000;CRA;78977;0;0;0;179.99
0.4000;CRA;79024;0;0;0;179.99
0.4000;CRA;78970;0;0;0;179.99
0.4000;CRA;78975;0;0;0;179.99
0.4000;CRA;78987;0;0;0;179.99
0.4000;CRA;78973;0;0;0;179.99
0.4000;CRA;78980;0;0;0;179.99
0.4000;CRA;78983;0;0;0;179.99
0.4000;CRA;79008;0;0;0;179.99
0.4000;CRA;79008;0;0;0;179.99
0.4000;CRA;78986;0;0;0;179.99
0.4000;CRA;78992;0;0;0;179.99
0.4000;CRA;79322;0;0;0;179.99
0.4000;CRA;79010;0;0;0;179.99
0.4000;CRA;78901;0;0;0;179.99
0.4000;CRA;78894;0;0;0;179.99
0.4000;CRA;79037;0;0;0;179.99
0.4000;CRA;79006;0;0;0;179.99
0.6000;RULT;2685;0;0;0;10.10
0.6000;RULT;2678;0;0;0;10.10
0.6000;RULT;2665;0;0;0;10.10
0.6000;RULT;2667;0;0;0;10.10
0.6000;RULT;2683;0;0;0;10.10
0.6000;RULT;2687;0;0;0;10.10
0.6000;RULT;2689;0;0;0;10.10
0.6000;RULT;2678;0;0;0;10.10
0.6000;RULT;2668;0;0;0;10.10
0.6000;RULT;2673;0;0;0;10.10
0.6000;RULT;2665;0;0;0;10.10
0.6000;RULT;2676;0;0;0;10.10
0.6000;RULT;2673;0;0;0;10.10
0.6000;RULT;2672;0;0;0;10.10
0.6000;RULT;2670;0;0;0;10.10
0.6000;RULT;2679;0;0;0;10.10
0.6000;RULT;2674;0;0;0;10.10
0.6000;RULT;2674;0;0;0;10.10
0.6000;RULT;2679;0;0;0;10.10
0.6000;RULT;2677;0;0;0;10.10
0.6000;RULT;2066;0;0;0;6.36
0.6000;RULT;2063;0;0;0;6.36
0.6000;RULT;2054;0;0;0;6.36
0.6000;RULT;2060;0;0;0;6.36
0.6000;RULT;2058;0;0;0;6.36
0.6000;RULT;2054;0;0;0;6.36
0.6000;RULT;2053;0;0;0;6.36
0.6000;RULT;2050;0;0;0;6.36
0.6000;RULT;2048;0;0;0;6.36
0.6000;RULT;2050;0;0;0;6.36
0.6000;RULT;2053;0;0;0;6.36
0.6000;RULT;2048;0;0;0;6.36
0.6000;RULT;2047;0;0;0;6.36
0.6000;RULT;2053;0;0;0;6.36
0.6000;RULT;2051;0;0;0;6.36
0.6000;RULT;2049;0;0;0;6.36
0.6000;RULT;2057;0;0;0;6.36
0.6000;RULT;2051;0;0;0;6.36
0.6000;RULT;2049;0;0;0;6.36
0.6000;RULT;2050;0;0;0;6.36
0.6000;ILP;91127;0;0;0;0.00
0.6000;ILP;91042;0;0;0;0.00
0.6000;ILP;91293;0;0;0;0.00
0.6000;ILP;94554;0;0;0;0.00
0.6000;ILP;93094;0;0;0;0.00
0.6000;ILP;90089;0;0;0;0.00
0.6000;ILP;90674;0;0;0;0.00
0.6000;ILP;90872;0;0;0;0.00
0.6000;ILP;90558;0;0;0;0.00
0.6000;ILP;91737;0;0;0;0.00
0.6000;ILP;91873;0;0;0;0.00
0.6000;ILP;92088;0;0;0;0.00
0.6000;ILP;91775;0;0;0;0.00
0.6000;ILP;91667;0;0;0;0.00
0.6000;ILP;94907;0;0;0;0.00
0.6000;ILP;93954;0;0;0;0.00
0.6000;ILP;90528;0;0;0;0.00
0.6000;ILP;90748;0;0;0;0.00
0.6000;ILP;90402;0;0;0;0.00
0.6000;ILP;90944;0;0;0;0.00
0.6000;ILP;161543;0;0;0;0.00
0.6000;ILP;161018;0;0;0;0.00
0.6000;ILP;160925;0;0;0;0.00
0.6000;ILP;163479;0;0;0;0.00
0.6000;ILP;161833;0;0;0;0.00
0.6000;ILP;161715;0;0;0;0.00
0.6000;ILP;165838;0;0;0;0.00
0.6000;ILP;165943;0;0;0;0.00
0.6000;ILP;166622;0;0;0;0.00
0.6000;ILP;166469;0;0;0;0.00
0.6000;ILP;162592;0;0;0;0.00
0.6000;ILP;160406;0;0;0;0.00
0.6000;ILP;159715;0;0;0;0.00
0.6000;ILP;161471;0;0;0;0.00
0.6000;ILP;161730;0;0;0;0.00
0.6000;ILP;161775;0;0;0;0.00
0.6000;ILP;162432;0;0;0;0.00
0.6000;ILP;164206;0;0;0;0.00
0.6000;ILP;165378;0;0;0;0.00
0.6000;ILP;166385;0;0;0;0.00
0.6000;CP;181008;0;0;0;0.00
0.6000;CP;180839;0;0;0;0.00
0.6000;CP;183233;0;0;0;0.00
0.6000;CP;204262;0;0;0;0.00
0.6000;CP;174684;0;0;0;0.00
0.6000;CP;173337;0;0;0;0.00
0.6000;CP;172260;0;0;0;0.00
0.6000;CP;175547;0;0;0;0.00
0.6000;CP;180546;0;0;0;0.00
0.6000;CP;181158;0;0;0;0.00
0.6000;CP;182379;0;0;0;0.00
0.6000;CP;211343;0;0;0;0.00
0.6000;CP;173783;0;0;0;0.00
0.6000;CP;173691;0;0;0;0.00
0.6000;CP;173666;0;0;0;0.00
0.6000;CP;175111;0;0;0;0.00
0.6000;CP;180640;0;0;0;0.00
0.6000;CP;181123;0;0;0;0.00
0.6000;CP;181674;0;0;0;0.00
0.6000;CP;210032;0;0;0;0.00
0.6000;CP;215579;0;0;0;0.00
0.6000;CP;190773;0;0;0;0.00
0.6000;CP;171446;0;0;0;0.00
0.6000;CP;172659;0;0;0;0.00
0.6000;CP;176212;0;0;0;0.00
0.6000;CP;181181;0;0;0;0.00
0.6000;CP;180589;0;0;0;0.00
0.6000;CP;180195;0;0;0;0.00
0.6000;CP;201319;0;0;0;0.00
0.6000;CP;213205;0;0;0;0.00
0.6000;CP;212532;0;0;0;0.00
0.6000;CP;215366;0;0;0;0.00
0.6000;CP;174072;0;0;0;0.00
0.6000;CP;171495;0;0;0;0.00
0.6000;CP;172568;0;0;0;0.00
0.6000;CP;180517;0;0;0;0.00
0.6000;CP;180638;0;0;0;0.00
0.6000;CP;179568;0;0;0;0.00
0.6000;CP;182620;0;0;0;0.00
0.6000;CP;212640;0;0;0;0.00
0.6000;SCP;68332;0;0;0;0.00
0.6000;SCP;70647;0;0;0;0.00
0.6000;SCP;70424;0;0;0;0.00
0.6000;SCP;70125;0;0;0;0.00
0.6000;SCP;70411;0;0;0;0.00
0.6000;SCP;70647;0;0;0;0.00
0.6000;SCP;70115;0;0;0;0.00
0.6000;SCP;70201;0;0;0;0.00
0.6000;SCP;70578;0;0;0;0.00
0.6000;SCP;71307;0;0;0;0.00
0.6000;SCP;72783;0;0;0;0.00
0.6000;SCP;72717;0;0;0;0.00
0.6000;SCP;72672;0;0;0;0.00
0.6000;SCP;72269;0;0;0;0.00
0.6000;SCP;72755;0;0;0;0.00
0.6000;SCP;73055;0;0;0;0.00
0.6000;SCP;73065;0;0;0;0.00
0.6000;SCP;73883;0;0;0;0.00
0.6000;SCP;76848;0;0;0;0.00
0.6000;SCP;77341;0;0;0;0.00
0.6000;SCP;73422;0;0;0;0.00
0.6000;SCP;73269;0;0;0;0.00
0.6000;SCP;73517;0;0;0;0.00
0.6000;SCP;73477;0;0;0;0.00
0.6000;SCP;73528;0;0;0;0.00
0.6000;SCP;73170;0;0;0;0.00
0.6000;SCP;73325;0;0;0;0.00
0.6000;SCP;71959;0;0;0;0.00
0.6000;SCP;66206;0;0;0;0.00
0.6000;SCP;65749;0;0;0;0.00
0.6000;SCP;65748;0;0;0;0.00
0.6000;SCP;65683;0;0;0;0.00
0.6000;SCP;65590;0;0;0;0.00
0.6000;SCP;67703;0;0;0;0.00
0.6000;SCP;66483;0;0;0;0.00
0.6000;SCP;68028;0;0;0;0.00
0.6000;SCP;69093;0;0;0;0.00
0.6000;SCP;69089;0;0;0;0.00
0.6000;SCP;68999;0;0;0;0.00
0.6000;SCP;69025;0;0;0;0.00
0.6000;KAB;2901626;0;0;1;0.00
0.6000;KAB;2903081;0;0;1;0.00
0.6000;KAB;2897614;0;0;1;0.00
0.6000;KAB;2904484;0;0;1;0.00
0.6000;KAB;2906990;0;0;1;0.00
0.6000;KAB;2908077;0;0;1;0.00
0.6000;KAB;2905597;0;0;1;0.00
0.6000;KAB;2907669;0;0;1;0.00
0.6000;KAB;2902434;0;0;1;0.00
0.6000;KAB;2878393;0;0;1;0.00
0.6000;KAB;2929979;0;0;1;0.00
0.6000;KAB;2951838;0;0;1;0.00
0.6000;KAB;2941979;0;0;1;0.00
0.6000;KAB;2944381;0;0;1;0.00
0.6000;KAB;2936903;0;0;1;0.00
0.6000;KAB;2952263;0;0;1;0.00
0.6000;KAB;2944161;0;0;1;0.00
0.6000;KAB;2945440;0;0;1;0.00
0.6000;KAB;2952118;0;0;1;0.00
0.6000;KAB;2946657;0;0;1;0.00
0.6000;KAB;650690;0;0;0;0.00
0.6000;KAB;649115;0;0;0;0.00
0.6000;KAB;645155;0;0;0;0.00
0.6000;KAB;648957;0;0;0;0.00
0.6000;KAB;651177;0;0;0;0.00
0.6000;KAB;644611;0;0;0;0.00
0.6000;KAB;648067;0;0;0;0.00
0.6000;KAB;650963;0;0;0;0.00
0.6000;KAB;644784;0;0;0;0.00
0.6000;KAB;646663;0;0;0;0.00
0.6000;KAB;651248;0;0;0;0.00
0.6000;KAB;646880;0;0;0;0.00
0.6000;KAB;645761;0;0;0;0.00
0.6000;KAB;650768;0;0;0;0.00
0.6000;KAB;649407;0;0;0;0.00
0.6000;KAB;644692;0;0;0;0.00
0.6000;KAB;649619;0;0;0;0.00
0.6000;KAB;651340;0;0;0;0.00
0.6000;KAB;643378;0;0;0;0.00
0.6000;KAB;648267;0;0;0;0.00
0.6000;BFDC;263;0;0;0;1.86
0.6000;BFDC;262;0;0;0;1.86
0.6000;BFDC;262;0;0;0;1.86
0.6000;BFDC;262;0;0;0;1.86
0.6000;BFDC;262;0;0;0;1.86
0.6000;BFDC;268;0;0;0;1.86
0.6000;BFDC;261;0;0;0;1.86
0.6000;BFDC;263;0;0;0;1.86
0.6000;BFDC;262;0;0;0;1.86
0.6000;BFDC;261;0;0;0;1.86
0.6000;BFDC;263;0;0;0;1.86
0.6000;BFDC;262;0;0;0;1.86
0.6000;BFDC;263;0;0;0;1.86
0.6000;BFDC;263;0;0;0;1.86
0.6000;BFDC;262;0;0;0;1.86
0.6000;BFDC;263;0;0;0;1.86
0.6000;BFDC;262;0;0;0;1.86
0.6000;BFDC;264;0;0;0;1.86
0.6000;BFDC;262;0;0;0;1.86
0.6000;BFDC;262;0;0;0;1.86
0.6000;BFDC;345;0;0;0;2.52
0.6000;BFDC;343;0;0;0;2.52
0.6000;BFDC;343;0;0;0;2.52
0.6000;BFDC;342;0;0;0;2.52
0.6000;BFDC;344;0;0;0;2.52
0.6000;BFDC;343;0;0;0;2.52
0.6000;BFDC;342;0;0;0;2.52
0.6000;BFDC;343;0;0;0;2.52
0.6000;BFDC;343;0;0;0;2.52
0.6000;BFDC;346;0;0;0;2.52
0.6000;BFDC;343;0;0;0;2.52
0.6000;BFDC;343;0;0;0;2.52
0.6000;BFDC;342;0;0;0;2.52
0.6000;BFDC;343;0;0;0;2.52
0.6000;BFDC;343;0;0;0;2.52
0.6000;BFDC;343;0;0;0;2.52
0.6000;BFDC;343;0;0;0;2.52
0.6000;BFDC;343;0;0;0;2.52
0.6000;BFDC;342;0;0;0;2.52
0.6000;BFDC;343;0;0;0;2.52
0.6000;CRA;44975;0;0;0;118.55
0.6000;CRA;44840;0;0;0;118.55
0.6000;CRA;44821;0;0;0;118.55
0.6000;CRA;44825;0;0;0;118.55
0.6000;CRA;44855;0;0;0;118.55
0.6000;CRA;44846;0;0;0;118.55
0.6000;CRA;44828;0;0;0;118.55
0.6000;CRA;44833;0;0;0;118.55
0.6000;CRA;44855;0;0;0;118.55
0.6000;CRA;44830;0;0;0;118.55
0.6000;CRA;44853;0;0;0;118.55
0.6000;CRA;44844;0;0;0;118.55
0.6000;CRA;44835;0;0;0;118.55
0.6000;CRA;44841;0;0;0;118.55
0.6000;CRA;44844;0;0;0;118.55
0.6000;CRA;44816;0;0;0;118.55
0.6000;CRA;44847;0;0;0;118.55
0.6000;CRA;44836;0;0;0;118.55
0.6000;CRA;44833;0;0;0;118.55
0.6000;CRA;44834;0;0;0;118.55
0.6000;CRA;330364;0;0;0;909.72
0.6000;CRA;330013;0;0;0;909.72
0.6000;CRA;329794;0;0;0;909.72
0.6000;CRA;330049;0;0;0;909.72
0.6000;CRA;331564;0;0;0;909.72
0.6000;CRA;330751;0;0;0;909.72
0.6000;CRA;329806;0;0;0;909.72
0.6000;CRA;329502;0;0;0;909.72
0.6000;CRA;329195;0;0;0;909.72
0.6000;CRA;329783;0;0;0;909.72
0.6000;CRA;330746;0;0;0;909.72
0.6000;CRA;330745;0;0;0;909.72
0.6000;CRA;330787;0;0;0;909.72
0.6000;CRA;330854;0;0;0;909.72
0.6000;CRA;328904;0;0;0;909.72
0.6000;CRA;328766;0;0;0;909.72
0.6000;CRA;330560;0;0;0;909.72
0.6000;CRA;329866;0;0;0;909.72
0.6000;CRA;330704;0;0;0;909.72
0.6000;CRA;331689;0;0;0;909.72
0.1000;RULT;2465;0;0;0;8.86
0.1000;RULT;2441;0;0;0;8.86
0.1000;RULT;2439;0;0;0;8.86
0.1000;RULT;2451;0;0;0;8.86
0.1000;RULT;2451;0;0;0;8.86
0.1000;RULT;2442;0;0;0;8.86
0.1000;RULT;2444;0;0;0;8.86
0.1000;RULT;2450;0;0;0;8.86
0.1000;RULT;2461;0;0;0;8.86
0.1000;RULT;2448;0;0;0;8.86
0.1000;RULT;2442;0;0;0;8.86
0.1000;RULT;2438;0;0;0;8.86
0.1000;RULT;2444;0;0;0;8.86
0.1000;RULT;2448;0;0;0;8.86
0.1000;RULT;2451;0;0;0;8.86
0.1000;RULT;2435;0;0;0;8.86
0.1000;RULT;2453;0;0;0;8.86
0.1000;RULT;2445;0;0;0;8.86
0.1000;RULT;2445;0;0;0;8.86
0.1000;RULT;2436;0;0;0;8.86
0.1000;RULT;3471;0;0;0;11.62
0.1000;RULT;3475;0;0;0;11.62
0.1000;RULT;3478;0;0;0;11.62
0.1000;RULT;3474;0;0;0;11.62
0.1000;RULT;3492;0;0;0;11.62
0.1000;RULT;3522;0;0;0;11.62
0.1000;RULT;3535;0;0;0;11.62
0.1000;RULT;3479;0;0;0;11.62
0.1000;RULT;3475;0;0;0;11.62
0.1000;RULT;3472;0;0;0;11.62
0.1000;RULT;3471;0;0;0;11.62
0.1000;RULT;3472;0;0;0;11.62
0.1000;RULT;3466;0;0;0;11.62
0.1000;RULT;3473;0;0;0;11.62
0.1000;RULT;3464;0;0;0;11.62
0.1000;RULT;3476;0;0;0;11.62
0.1000;RULT;3484;0;0;0;11.62
0.1000;RULT;3473;0;0;0;11.62
0.1000;RULT;3475;0;0;0;11.62
0.1000;RULT;3476;0;0;0;11.62
0.1000;ILP;59287;0;0;0;0.00
0.1000;ILP;59449;0;0;0;0.00
0.1000;ILP;58850;0;0;0;0.00
0.1000;ILP;58974;0;0;0;0.00
0.1000;ILP;60297;0;0;0;0.00
0.1000;ILP;59680;0;0;0;0.00
0.1000;ILP;58838;0;0;0;0.00
0.1000;ILP;59168;0;0;0;0.00
0.1000;ILP;59092;0;0;0;0.00
0.1000;ILP;59029;0;0;0;0.00
0.1000;ILP;58399;0;0;0;0.00
0.1000;ILP;59304;0;0;0;0.00
0.1000;ILP;58943;0;0;0;0.00
0.1000;ILP;58723;0;0;0;0.00
0.1000;ILP;59363;0;0;0;0.00
0.1000;ILP;58951;0;0;0;0.00
0.1000;ILP;58931;0;0;0;0.00
0.1000;ILP;59562;0;0;0;0.00
0.1000;ILP;59859;0;0;0;0.00
0.1000;ILP;59057;0;0;0;0.00
0.1000;ILP;133660;0;0;0;0.00
0.1000;ILP;134434;0;0;0;0.00
0.1000;ILP;133435;0;0;0;0.00
0.1000;ILP;134095;0;0;0;0.00
0.1000;ILP;133304;0;0;0;0.00
0.1000;ILP;132939;0;0;0;0.00
0.1000;ILP;134704;0;0;0;0.00
0.1000;ILP;133589;0;0;0;0.00
0.1000;ILP;133602;0;0;0;0.00
0.1000;ILP;133255;0;0;0;0.00
0.1000;ILP;134559;0;0;0;0.00
0.1000;ILP;133831;0;0;0;0.00
0.1000;ILP;134633;0;0;0;0.00
0.1000;ILP;133736;0;0;0;0.00
0.1000;ILP;133238;0;0;0;0.00
0.1000;ILP;133576;0;0;0;0.00
0.1000;ILP;133415;0;0;0;0.00
0.1000;ILP;134594;0;0;0;0.00
0.1000;ILP;134110;0;0;0;0.00
0.1000;ILP;134598;0;0;0;0.00
0.1000;CP;88776;0;0;0;0.00
0.1000;CP;90166;0;0;0;0.00
0.1000;CP;88932;0;0;0;0.00
0.1000;CP;90765;0;0;0;0.00
0.1000;CP;88847;0;0;0;0.00
0.1000;CP;90262;0;0;0;0.00
0.1000;CP;90398;0;0;0;0.00
0.1000;CP;90042;0;0;0;0.00
0.1000;CP;88667;0;0;0;0.00
0.1000;CP;90754;0;0;0;0.00
0.1000;CP;89314;0;0;0;0.00
0.1000;CP;90391;0;0;0;0.00
0.1000;CP;90220;0;0;0;0.00
0.1000;CP;89328;0;0;0;0.00
0.1000;CP;89690;0;0;0;0.00
0.1000;CP;90187;0;0;0;0.00
0.1000;CP;89679;0;0;0;0.00
0.1000;CP;90086;0;0;0;0.00
0.1000;CP;89647;0;0;0;0.00
0.1000;CP;89887;0;0;0;0.00
0.1000;CP;86042;0;0;0;0.00
0.1000;CP;87685;0;0;0;0.00
0.1000;CP;87387;0;0;0;0.00
0.1000;CP;87470;0;0;0;0.00
0.1000;CP;86294;0;0;0;0.00
0.1000;CP;87215;0;0;0;0.00
0.1000;CP;87168;0;0;0;0.00
0.1000;CP;87030;0;0;0;0.00
0.1000;CP;86949;0;0;0;0.00
0.1000;CP;86123;0;0;0;0.00
0.1000;CP;87011;0;0;0;0.00
0.1000;CP;86506;0;0;0;0.00
0.1000;CP;87277;0;0;0;0.00
0.1000;CP;86645;0;0;0;0.00
0.1000;CP;85807;0;0;0;0.00
0.1000;CP;86938;0;0;0;0.00
0.1000;CP;86058;0;0;0;0.00
0.1000;CP;86791;0;0;0;0.00
0.1000;CP;87125;0;0;0;0.00
0.1000;CP;86614;0;0;0;0.00
0.1000;SCP;64316;0;0;0;0.00
0.1000;SCP;64859;0;0;0;0.00
0.1000;SCP;64864;0;0;0;0.00
0.1000;SCP;64724;0;0;0;0.00
0.1000;SCP;65194;0;0;0;0.00
0.1000;SCP;65842;0;0;0;0.00
0.1000;SCP;65608;0;0;0;0.00
0.1000;SCP;65097;0;0;0;0.00
0.1000;SCP;65093;0;0;0;0.00
0.1000;SCP;64782;0;0;0;0.00
0.1000;SCP;64049;0;0;0;0.00
0.1000;SCP;64611;0;0;0;0.00
0.1000;SCP;65298;0;0;0;0.00
0.1000;SCP;65218;0;0;0;0.00
0.1000;SCP;65709;0;0;0;0.00
0.1000;SCP;65485;0;0;0;0.00
0.1000;SCP;65705;0;0;0;0.00
0.1000;SCP;65178;0;0;0;0.00
0.1000;SCP;64848;0;0;0;0.00
0.1000;SCP;65155;0;0;0;0.00
0.1000;SCP;59587;0;0;0;0.00
0.1000;SCP;60618;0;0;0;0.00
0.1000;SCP;60140;0;0;0;0.00
0.1000;SCP;60887;0;0;0;0.00
0.1000;SCP;60885;0;0;0;0.00
0.1000;SCP;62958;0;0;0;0.00
0.1000;SCP;65046;0;0;0;0.00
0.1000;SCP;61789;0;0;0;0.00
0.1000;SCP;60346;0;0;0;0.00
0.1000;SCP;60125;0;0;0;0.00
0.1000;SCP;60833;0;0;0;0.00
0.1000;SCP;60336;0;0;0;0.00
0.1000;SCP;60909;0;0;0;0.00
0.1000;SCP;63720;0;0;0;0.00
0.1000;SCP;64662;0;0;0;0.00
0.1000;SCP;61604;0;0;0;0.00
0.1000;SCP;60870;0;0;0;0.00
0.1000;SCP;60670;0;0;0;0.00
0.1000;SCP;60331;0;0;0;0.00
0.1000;SCP;60663;0;0;0;0.00
0.1000;KAB;460067;0;0;0;0.00
0.1000;KAB;458834;0;0;0;0.00
0.1000;KAB;460132;0;0;0;0.00
0.1000;KAB;460807;0;0;0;0.00
0.1000;KAB;463714;0;0;0;0.00
0.1000;KAB;460875;0;0;0;0.00
0.1000;KAB;459253;0;0;0;0.00
0.1000;KAB;459683;0;0;0;0.00
0.1000;KAB;458405;0;0;0;0.00
0.1000;KAB;461738;0;0;0;0.00
0.1000;KAB;461355;0;0;0;0.00
0.1000;KAB;459642;0;0;0;0.00
0.1000;KAB;458408;0;0;0;0.00
0.1000;KAB;460148;0;0;0;0.00
0.1000;KAB;461743;0;0;0;0.00
0.1000;KAB;463266;0;0;0;0.00
0.1000;KAB;460909;0;0;0;0.00
0.1000;KAB;459208;0;0;0;0.00
0.1000;KAB;459296;0;0;0;0.00
0.1000;KAB;459590;0;0;0;0.00
0.1000;KAB;397101;0;0;0;0.00
0.1000;KAB;398042;0;0;0;0.00
0.1000;KAB;400111;0;0;0;0.00
0.1000;KAB;397305;0;0;0;0.00
0.1000;KAB;396275;0;0;0;0.00
0.1000;KAB;396921;0;0;0;0.00
0.1000;KAB;399552;0;0;0;0.00
0.1000;KAB;397382;0;0;0;0.00
0.1000;KAB;397266;0;0;0;0.00
0.1000;KAB;396415;0;0;0;0.00
0.1000;KAB;397267;0;0;0;0.00
0.1000;KAB;400912;0;0;0;0.00
0.1000;KAB;396712;0;0;0;0.00
0.1000;KAB;395974;0;0;0;0.00
0.1000;KAB;398026;0;0;0;0.00
0.1000;KAB;398402;0;0;0;0.00
0.1000;KAB;398585;0;0;0;0.00
0.1000;KAB;396410;0;0;0;0.00
0.1000;KAB;396988;0;0;0;0.00
0.1000;KAB;398538;0;0;0;0.00
0.1000;BFDC;365;0;0;0;2.30
0.1000;BFDC;364;0;0;0;2.30
0.1000;BFDC;364;0;0;0;2.30
0.1000;BFDC;364;0;0;0;2.30
0.1000;BFDC;363;0;0;0;2.30
0.1000;BFDC;370;0;0;0;2.30
0.1000;BFDC;364;0;0;0;2.30
0.1000;BFDC;365;0;0;0;2.30
0.1000;BFDC;363;0;0;0;2.30
0.1000;BFDC;364;0;0;0;2.30
0.1000;BFDC;365;0;0;0;2.30
0.1000;BFDC;365;0;0;0;2.30
0.1000;BFDC;364;0;0;0;2.30
0.1000;BFDC;369;0;0;0;2.30
0.1000;BFDC;364;0;0;0;2.30
0.1000;BFDC;364;0;0;0;2.30
0.1000;BFDC;364;0;0;0;2.30
0.1000;BFDC;364;0;0;0;2.30
0.1000;BFDC;363;0;0;0;2.30
0.1000;BFDC;362;0;0;0;2.30
0.1000;BFDC;376;0;0;0;2.37
0.1000;BFDC;369;0;0;0;2.37
0.1000;BFDC;369;0;0;0;2.37
0.1000;BFDC;369;0;0;0;2.37
0.1000;BFDC;369;0;0;0;2.37
0.1000;BFDC;370;0;0;0;2.37
0.1000;BFDC;369;0;0;0;2.37
0.1000;BFDC;369;0;0;0;2.37
0.1000;BFDC;373;0;0;0;2.37
0.1000;BFDC;368;0;0;0;2.37
0.1000;BFDC;370;0;0;0;2.37
0.1000;BFDC;368;0;0;0;2.37
0.1000;BFDC;369;0;0;0;2.37
0.1000;BFDC;370;0;0;0;2.37
0.1000;BFDC;369;0;0;0;2.37
0.1000;BFDC;368;0;0;0;2.37
0.1000;BFDC;373;0;0;0;2.37
0.1000;BFDC;369;0;0;0;2.37
0.1000;BFDC;369;0;0;0;2.37
0.1000;BFDC;368;0;0;0;2.37
0.1000;CRA;78527;0;0;0;163.11
0.1000;CRA;78104;0;0;0;163.11
0.1000;CRA;78093;0;0;0;163.11
0.1000;CRA;78101;0;0;0;163.11
0.1000;CRA;78055;0;0;0;163.11
0.1000;CRA;78105;0;0;0;163.11
0.1000;CRA;78111;0;0;0;163.11
0.1000;CRA;78141;0;0;0;163.11
0.1000;CRA;78118;0;0;0;163.11
0.1000;CRA;78238;0;0;0;163.11
0.1000;CRA;79408;0;0;0;163.11
0.1000;CRA;78325;0;0;0;163.11
0.1000;CRA;78110;0;0;0;163.11
0.1000;CRA;78115;0;0;0;163.11
0.1000;CRA;78131;0;0;0;163.11
0.1000;CRA;78085;0;0;0;163.11
0.1000;CRA;78091;0;0;0;163.11
0.1000;CRA;78138;0;0;0;163.11
0.1000;CRA;78115;0;0;0;163.11
0.1000;CRA;78146;0;0;0;163.11
0.1000;CRA;73636;0;0;0;152.88
0.1000;CRA;74218;0;0;0;152.88
0.1000;CRA;73680;0;0;0;152.88
0.1000;CRA;73617;0;0;0;152.88
0.1000;CRA;73301;0;0;0;152.88
0.1000;CRA;73293;0;0;0;152.88
0.1000;CRA;73263;0;0;0;152.88
0.1000;CRA;73298;0;0;0;152.88
0.1000;CRA;73284;0;0;0;152.88
0.1000;CRA;73270;0;0;0;152.88
0.1000;CRA;73273;0;0;0;152.88
0.1000;CRA;73300;0;0;0;152.88
0.1000;CRA;73295;0;0;0;152.88
0.1000;CRA;73428;0;0;0;152.88
0.1000;CRA;74545;0;0;0;152.88
0.1000;CRA;73557;0;0;0;152.88
0.1000;CRA;73293;0;0;0;152.88
0.1000;CRA;73284;0;0;0;152.88
0.1000;CRA;73279;0;0;0;152.88
0.1000;CRA;73316;0;0;0;152.88
1.0000;RULT;2816;0;0;0;8.38
1.0000;RULT;2781;0;0;0;8.38
1.0000;RULT;2775;0;0;0;8.38
1.0000;RULT;2773;0;0;0;8.38
1.0000;RULT;2769;0;0;0;8.38
1.0000;RULT;2774;0;0;0;8.38
1.0000;RULT;2776;0;0;0;8.38
1.0000;RULT;2776;0;0;0;8.38
1.0000;RULT;2771;0;0;0;8.38
1.0000;RULT;2775;0;0;0;8.38
1.0000;RULT;2775;0;0;0;8.38
1.0000;RULT;2771;0;0;0;8.38
1.0000;RULT;2767;0;0;0;8.38
1.0000;RULT;2784;0;0;0;8.38
1.0000;RULT;2778;0;0;0;8.38
1.0000;RULT;2771;0;0;0;8.38
1.0000;RULT;2776;0;0;0;8.38
1.0000;RULT;2777;0;0;0;8.38
1.0000;RULT;2772;0;0;0;8.38
1.0000;RULT;2774;0;0;0;8.38
1.0000;RULT;2566;0;0;0;9.92
1.0000;RULT;2556;0;0;0;9.92
1.0000;RULT;2553;0;0;0;9.92
1.0000;RULT;2552;0;0;0;9.92
1.0000;RULT;2551;0;0;0;9.92
1.0000;RULT;2557;0;0;0;9.92
1.0000;RULT;2557;0;0;0;9.92
1.0000;RULT;2563;0;0;0;9.92
1.0000;RULT;2551;0;0;0;9.92
1.0000;RULT;2556;0;0;0;9.92
1.0000;RULT;2554;0;0;0;9.92
1.0000;RULT;3374;0;0;0;9.92
1.0000;RULT;2557;0;0;0;9.92
1.0000;RULT;2559;0;0;0;9.92
1.0000;RULT;2555;0;0;0;9.92
1.0000;RULT;2548;0;0;0;9.92
1.0000;RULT;2555;0;0;0;9.92
1.0000;RULT;2553;0;0;0;9.92
1.0000;RULT;2552;0;0;0;9.92
1.0000;RULT;2554;0;0;0;9.92
1.0000;ILP;226882;0;0;0;0.00
1.0000;ILP;225980;0;0;0;0.00
1.0000;ILP;227213;0;0;0;0.00
1.0000;ILP;225312;0;0;0;0.00
1.0000;ILP;216228;0;0;0;0.00
1.0000;ILP;216046;0;0;0;0.00
1.0000;ILP;217591;0;0;0;0.00
1.0000;ILP;217874;0;0;0;0.00
1.0000;ILP;216038;0;0;0;0.00
1.0000;ILP;216292;0;0;0;0.00
1.0000;ILP;217960;0;0;0;0.00
1.0000;ILP;219442;0;0;0;0.00
1.0000;ILP;225011;0;0;0;0.00
1.0000;ILP;225861;0;0;0;0.00
1.0000;ILP;226339;0;0;0;0.00
1.0000;ILP;226927;0;0;0;0.00
1.0000;ILP;227809;0;0;0;0.00
1.0000;ILP;227213;0;0;0;0.00
1.0000;ILP;227408;0;0;0;0.00
1.0000;ILP;226871;0;0;0;0.00
1.0000;ILP;251965;0;0;0;0.00
1.0000;ILP;252836;0;0;0;0.00
1.0000;ILP;250364;0;0;0;0.00
1.0000;ILP;251527;0;0;0;0.00
1.0000;ILP;251357;0;0;0;0.00
1.0000;ILP;253648;0;0;0;0.00
1.0000;ILP;252417;0;0;0;0.00
1.0000;ILP;253386;0;0;0;0.00
1.0000;ILP;252588;0;0;0;0.00
1.0000;ILP;251822;0;0;0;0.00
1.0000;ILP;251629;0;0;0;0.00
1.0000;ILP;252466;0;0;0;0.00
1.0000;ILP;252656;0;0;0;0.00
1.0000;ILP;253306;0;0;0;0.00
1.0000;ILP;251671;0;0;0;0.00
1.0000;ILP;251485;0;0;0;0.00
1.0000;ILP;252663;0;0;0;0.00
1.0000;ILP;251744;0;0;0;0.00
1.0000;ILP;252445;0;0;0;0.00
1.0000;ILP;250146;0;0;0;0.00
1.0000;CP;311253;0;0;0;0.00
1.0000;CP;231211;0;0;0;0.00
1.0000;CP;230136;0;0;0;0.00
1.0000;CP;248696;0;0;0;0.00
1.0000;CP;249025;0;0;0;0.00
1.0000;CP;249047;0;0;0;0.00
1.0000;CP;250715;0;0;0;0.00
1.0000;CP;249009;0;0;0;0.00
1.0000;CP;250258;0;0;0;0.00
1.0000;CP;231081;0;0;0;0.00
1.0000;CP;229865;0;0;0;0.00
1.0000;CP;230548;0;0;0;0.00
1.0000;CP;249786;0;0;0;0.00
1.0000;CP;248786;0;0;0;0.00
1.0000;CP;249616;0;0;0;0.00
1.0000;CP;249956;0;0;0;0.00
1.0000;CP;239676;0;0;0;0.00
1.0000;CP;230061;0;0;0;0.00
1.0000;CP;229615;0;0;0;0.00
1.0000;CP;237401;0;0;0;0.00
1.0000;CP;232675;0;0;0;0.00
1.0000;CP;231861;0;0;0;0.00
1.0000;CP;229911;0;0;0;0.00
1.0000;CP;229304;0;0;0;0.00
1.0000;CP;233892;0;0;0;0.00
1.0000;CP;229039;0;0;0;0.00
1.0000;CP;230268;0;0;0;0.00
1.0000;CP;231323;0;0;0;0.00
1.0000;CP;230853;0;0;0;0.00
1.0000;CP;229238;0;0;0;0.00
1.0000;CP;230117;0;0;0;0.00
1.0000;CP;230845;0;0;0;0.00
1.0000;CP;229921;0;0;0;0.00
1.0000;CP;236574;0;0;0;0.00
1.0000;CP;228191;0;0;0;0.00
1.0000;CP;229938;0;0;0;0.00
1.0000;CP;231835;0;0;0;0.00
1.0000;CP;229971;0;0;0;0.00
1.0000;CP;236826;0;0;0;0.00
1.0000;CP;230063;0;0;0;0.00
1.0000;SCP;76663;0;0;0;0.00
1.0000;SCP;77817;0;0;0;0.00
1.0000;SCP;77675;0;0;0;0.00
1.0000;SCP;76244;0;0;0;0.00
1.0000;SCP;77088;0;0;0;0.00
1.0000;SCP;77116;0;0;0;0.00
1.0000;SCP;77041;0;0;0;0.00
1.0000;SCP;77445;0;0;0;0.00
1.0000;SCP;77262;0;0;0;0.00
1.0000;SCP;75871;0;0;0;0.00
1.0000;SCP;76438;0;0;0;0.00
1.0000;SCP;76270;0;0;0;0.00
1.0000;SCP;76676;0;0;0;0.00
1.0000;SCP;77295;0;0;0;0.00
1.0000;SCP;74089;0;0;0;0.00
1.0000;SCP;73828;0;0;0;0.00
1.0000;SCP;73971;0;0;0;0.00
1.0000;SCP;73703;0;0;0;0.00
1.0000;SCP;73610;0;0;0;0.00
1.0000;SCP;74114;0;0;0;0.00
1.0000;SCP;82674;0;0;0;0.00
1.0000;SCP;86098;0;0;0;0.00
1.0000;SCP;85390;0;0;0;0.00
1.0000;SCP;86151;0;0;0;0.00
1.0000;SCP;85432;0;0;0;0.00
1.0000;SCP;84845;0;0;0;0.00
1.0000;SCP;85644;0;0;0;0.00
1.0000;SCP;85669;0;0;0;0.00
1.0000;SCP;85675;0;0;0;0.00
1.0000;SCP;87940;0;0;0;0.00
1.0000;SCP;85444;0;0;0;0.00
1.0000;SCP;85456;0;0;0;0.00
1.0000;SCP;85535;0;0;0;0.00
1.0000;SCP;85902;0;0;0;0.00
1.0000;SCP;87079;0;0;0;0.00
1.0000;SCP;86076;0;0;0;0.00
1.0000;SCP;84949;0;0;0;0.00
1.0000;SCP;85543;0;0;0;0.00
1.0000;SCP;85442;0;0;0;0.00
1.0000;SCP;85533;0;0;0;0.00
1.0000;KAB;1217797;0;0;0;0.00
1.0000;KAB;1213532;0;0;0;0.00
1.0000;KAB;1215248;0;0;0;0.00
1.0000;KAB;1214584;0;0;0;0.00
1.0000;KAB;1212074;0;0;0;0.00
1.0000;KAB;1218469;0;0;0;0.00
1.0000;KAB;1213445;0;0;0;0.00
1.0000;KAB;1215570;0;0;0;0.00
1.0000;KAB;1215017;0;0;0;0.00
1.0000;KAB;1212428;0;0;0;0.00
1.0000;KAB;1218617;0;0;0;0.00
1.0000;KAB;1214824;0;0;0;0.00
1.0000;KAB;1215141;0;0;0;0.00
1.0000;KAB;1215301;0;0;0;0.00
1.0000;KAB;1212144;0;0;0;0.00
1.0000;KAB;1218430;0;0;0;0.00
1.0000;KAB;1213679;0;0;0;0.00
1.0000;KAB;1214292;0;0;0;0.00
1.0000;KAB;1215088;0;0;0;0.00
1.0000;KAB;1211265;0;0;0;0.00
1.0000;KAB;2000032;0;0;1;0.00
1.0000;KAB;2000043;0;0;1;0.00
1.0000;KAB;2000153;0;0;1;0.00
1.0000;KAB;2000050;0;0;1;0.00
1.0000;KAB;2000032;0;0;1;0.00
1.0000;KAB;2000127;0;0;1;0.00
1.0000;KAB;2000014;0;0;1;0.00
1.0000;KAB;2000125;0;0;1;0.00
1.0000;KAB;2000119;0;0;1;0.00
1.0000;KAB;2000225;0;0;1;0.00
1.0000;KAB;2000069;0;0;1;0.00
1.0000;KAB;2000205;0;0;1;0.00
1.0000;KAB;2000155;0;0;1;0.00
1.0000;KAB;2000262;0;0;1;0.00
1.0000;KAB;2000196;0;0;1;0.00
1.0000;KAB;2000180;0;0;1;0.00
1.0000;KAB;2000128;0;0;1;0.00
1.0000;KAB;2000197;0;0;1;0.00
1.0000;KAB;2000080;0;0;1;0.00
1.0000;KAB;2000003;0;0;1;0.00
1.0000;BFDC;320;0;0;0;2.70
1.0000;BFDC;318;0;0;0;2.70
1.0000;BFDC;323;0;0;0;2.70
1.0000;BFDC;321;0;0;0;2.70
1.0000;BFDC;318;0;0;0;2.70
1.0000;BFDC;317;0;0;0;2.70
1.0000;BFDC;317;0;0;0;2.70
1.0000;BFDC;316;0;0;0;2.70
1.0000;BFDC;317;0;0;0;2.70
1.0000;BFDC;317;0;0;0;2.70
1.0000;BFDC;317;0;0;0;2.70
1.0000;BFDC;317;0;0;0;2.70
1.0000;BFDC;320;0;0;0;2.70
1.0000;BFDC;317;0;0;0;2.70
1.0000;BFDC;318;0;0;0;2.70
1.0000;BFDC;317;0;0;0;2.70
1.0000;BFDC;318;0;0;0;2.70
1.0000;BFDC;318;0;0;0;2.70
1.0000;BFDC;317;0;0;0;2.70
1.0000;BFDC;317;0;0;0;2.70
1.0000;BFDC;128;0;0;0;1.08
1.0000;BFDC;123;0;0;0;1.08
1.0000;BFDC;123;0;0;0;1.08
1.0000;BFDC;123;0;0;0;1.08
1.0000;BFDC;123;0;0;0;1.08
1.0000;BFDC;123;0;0;0;1.08
1.0000;BFDC;123;0;0;0;1.08
1.0000;BFDC;123;0;0;0;1.08
1.0000;BFDC;123;0;0;0;1.08
1.0000;BFDC;122;0;0;0;1.08
1.0000;BFDC;123;0;0;0;1.08
1.0000;BFDC;123;0;0;0;1.08
1.0000;BFDC;123;0;0;0;1.08
1.0000;BFDC;123;0;0;0;1.08
1.0000;BFDC;122;0;0;0;1.08
1.0000;BFDC;123;0;0;0;1.08
1.0000;BFDC;123;0;0;0;1.08
1.0000;BFDC;123;0;0;0;1.08
1.0000;BFDC;123;0;0;0;1.08
1.0000;BFDC;123;0;0;0;1.08
1.0000;CRA;708324;0;0;0;2200.03
1.0000;CRA;704239;0;0;0;2200.03
1.0000;CRA;704113;0;0;0;2200.03
1.0000;CRA;704134;0;0;0;2200.03
1.0000;CRA;704129;0;0;0;2200.03
1.0000;CRA;704204;0;0;0;2200.03
1.0000;CRA;704194;0;0;0;2200.03
1.0000;CRA;704051;0;0;0;2200.03
1.0000;CRA;704201;0;0;0;2200.03
1.0000;CRA;704060;0;0;0;2200.03
1.0000;CRA;704193;0;0;0;2200.03
1.0000;CRA;704070;0;0;0;2200.03
1.0000;CRA;704254;0;0;0;2200.03
1.0000;CRA;705196;0;0;0;2200.03
1.0000;CRA;704381;0;0;0;2200.03
1.0000;CRA;704229;0;0;0;2200.03
1.0000;CRA;704177;0;0;0;2200.03
1.0000;CRA;704006;0;0;0;2200.03
1.0000;CRA;704134;0;0;0;2200.03
1.0000;CRA;704083;0;0;0;2200.03
1.0000;CRA;253279;0;0;0;701.76
1.0000;CRA;251853;0;0;0;701.76
1.0000;CRA;252736;0;0;0;701.76
1.0000;CRA;251883;0;0;0;701.76
1.0000;CRA;251893;0;0;0;701.76
1.0000;CRA;251839;0;0;0;701.76
1.0000;CRA;251868;0;0;0;701.76
1.0000;CRA;251869;0;0;0;701.76
1.0000;CRA;251892;0;0;0;701.76
1.0000;CRA;251935;0;0;0;701.76
1.0000;CRA;252296;0;0;0;701.76
1.0000;CRA;251898;0;0;0;701.76
1.0000;CRA;251907;0;0;0;701.76
1.0000;CRA;251904;0;0;0;701.76
1.0000;CRA;251878;0;0;0;701.76
1.0000;CRA;251919;0;0;0;701.76
1.0000;CRA;251901;0;0;0;701.76
1.0000;CRA;251889;0;0;0;701.76
1.0000;CRA;252275;0;0;0;701.76
1.0000;CRA;251845;0;0;0;701.76
0.8000;RULT;1275;0;0;0;5.00
0.8000;RULT;1266;0;0;0;5.00
0.8000;RULT;1268;0;0;0;5.00
0.8000;RULT;1267;0;0;0;5.00
0.8000;RULT;1271;0;0;0;5.00
0.8000;RULT;1264;0;0;0;5.00
0.8000;RULT;1263;0;0;0;5.00
0.8000;RULT;1265;0;0;0;5.00
0.8000;RULT;1262;0;0;0;5.00
0.8000;RULT;1265;0;0;0;5.00
0.8000;RULT;1266;0;0;0;5.00
0.8000;RULT;1264;0;0;0;5.00
0.8000;RULT;1262;0;0;0;5.00
0.8000;RULT;1261;0;0;0;5.00
0.8000;RULT;1265;0;0;0;5.00
0.8000;RULT;1266;0;0;0;5.00
0.8000;RULT;1265;0;0;0;5.00
0.8000;RULT;1263;0;0;0;5.00
0.8000;RULT;1265;0;0;0;5.00
0.8000;RULT;1263;0;0;0;5.00
0.8000;RULT;1422;0;0;0;6.39
0.8000;RULT;1392;0;0;0;6.39
0.8000;RULT;1383;0;0;0;6.39
0.8000;RULT;1390;0;0;0;6.39
0.8000;RULT;1379;0;0;0;6.39
0.8000;RULT;1385;0;0;0;6.39
0.8000;RULT;1386;0;0;0;6.39
0.8000;RULT;1386;0;0;0;6.39
0.8000;RULT;1383;0;0;0;6.39
0.8000;RULT;1382;0;0;0;6.39
0.8000;RULT;1383;0;0;0;6.39
0.8000;RULT;1380;0;0;0;6.39
0.8000;RULT;1379;0;0;0;6.39
0.8000;RULT;1380;0;0;0;6.39
0.8000;RULT;1380;0;0;0;6.39
0.8000;RULT;1385;0;0;0;6.39
0.8000;RULT;1387;0;0;0;6.39
0.8000;RULT;1381;0;0;0;6.39
0.8000;RULT;1388;0;0;0;6.39
0.8000;RULT;1385;0;0;0;6.39
0.8000;ILP;51964;0;0;0;0.00
0.8000;ILP;51219;0;0;0;0.00
0.8000;ILP;51474;0;0;0;0.00
0.8000;ILP;51404;0;0;0;0.00
0.8000;ILP;51304;0;0;0;0.00
0.8000;ILP;51073;0;0;0;0.00
0.8000;ILP;50991;0;0;0;0.00
0.8000;ILP;51062;0;0;0;0.00
0.8000;ILP;51039;0;0;0;0.00
0.8000;ILP;50893;0;0;0;0.00
0.8000;ILP;51651;0;0;0;0.00
0.8000;ILP;51093;0;0;0;0.00
0.8000;ILP;51629;0;0;0;0.00
0.8000;ILP;51854;0;0;0;0.00
0.8000;ILP;51604;0;0;0;0.00
0.8000;ILP;51847;0;0;0;0.00
0.8000;ILP;51740;0;0;0;0.00
0.8000;ILP;52037;0;0;0;0.00
0.8000;ILP;51882;0;0;0;0.00
0.8000;ILP;51792;0;0;0;0.00
0.8000;ILP;55757;0;0;0;0.00
0.8000;ILP;55295;0;0;0;0.00
0.8000;ILP;55356;0;0;0;0.00
0.8000;ILP;55392;0;0;0;0.00
0.8000;ILP;55475;0;0;0;0.00
0.8000;ILP;55546;0;0;0;0.00
0.8000;ILP;55406;0;0;0;0.00
0.8000;ILP;55624;0;0;0;0.00
0.8000;ILP;55615;0;0;0;0.00
0.8000;ILP;55821;0;0;0;0.00
0.8000;ILP;55907;0;0;0;0.00
0.8000;ILP;56014;0;0;0;0.00
0.8000;ILP;55858;0;0;0;0.00
0.8000;ILP;55951;0;0;0;0.00
0.8000;ILP;56110;0;0;0;0.00
0.8000;ILP;56075;0;0;0;0.00
0.8000;ILP;55895;0;0;0;0.00
0.8000;ILP;55906;0;0;0;0.00
0.8000;ILP;56932;0;0;0;0.00
0.8000;ILP;54562;0;0;0;0.00
0.8000;CP;218142;0;0;0;0.00
0.8000;CP;217394;0;0;0;0.00
0.8000;CP;209627;0;0;0;0.00
0.8000;CP;200921;0;0;0;0.00
0.8000;CP;200869;0;0;0;0.00
0.8000;CP;201322;0;0;0;0.00
0.8000;CP;212784;0;0;0;0.00
0.8000;CP;217669;0;0;0;0.00
0.8000;CP;218201;0;0;0;0.00
0.8000;CP;217635;0;0;0;0.00
0.8000;CP;218692;0;0;0;0.00
0.8000;CP;206684;0;0;0;0.00
0.8000;CP;201446;0;0;0;0.00
0.8000;CP;200921;0;0;0;0.00
0.8000;CP;201959;0;0;0;0.00
0.8000;CP;216363;0;0;0;0.00
0.8000;CP;218123;0;0;0;0.00
0.8000;CP;217469;0;0;0;0.00
0.8000;CP;216743;0;0;0;0.00
0.8000;CP;216264;0;0;0;0.00
0.8000;CP;203946;0;0;0;0.00
0.8000;CP;242940;0;0;0;0.00
0.8000;CP;243144;0;0;0;0.00
0.8000;CP;242478;0;0;0;0.00
0.8000;CP;242917;0;0;0;0.00
0.8000;CP;241635;0;0;0;0.00
0.8000;CP;241846;0;0;0;0.00
0.8000;CP;243571;0;0;0;0.00
0.8000;CP;224250;0;0;0;0.00
0.8000;CP;206635;0;0;0;0.00
0.8000;CP;242637;0;0;0;0.00
0.8000;CP;242774;0;0;0;0.00
0.8000;CP;242523;0;0;0;0.00
0.8000;CP;242493;0;0;0;0.00
0.8000;CP;241939;0;0;0;0.00
0.8000;CP;242273;0;0;0;0.00
0.8000;CP;241754;0;0;0;0.00
0.8000;CP;224024;0;0;0;0.00
0.8000;CP;205219;0;0;0;0.00
0.8000;CP;242858;0;0;0;0.00
0.8000;SCP;79285;0;0;0;0.00
0.8000;SCP;77121;0;0;0;0.00
0.8000;SCP;76289;0;0;0;0.00
0.8000;SCP;76227;0;0;0;0.00
0.8000;SCP;76153;0;0;0;0.00
0.8000;SCP;76385;0;0;0;0.00
0.8000;SCP;76513;0;0;0;0.00
0.8000;SCP;76608;0;0;0;0.00
0.8000;SCP;76211;0;0;0;0.00
0.8000;SCP;76907;0;0;0;0.00
0.8000;SCP;77002;0;0;0;0.00
0.8000;SCP;78803;0;0;0;0.00
0.8000;SCP;78832;0;0;0;0.00
0.8000;SCP;79140;0;0;0;0.00
0.8000;SCP;79382;0;0;0;0.00
0.8000;SCP;78831;0;0;0;0.00
0.8000;SCP;79324;0;0;0;0.00
0.8000;SCP;79216;0;0;0;0.00
0.8000;SCP;79562;0;0;0;0.00
0.8000;SCP;79557;0;0;0;0.00
0.8000;SCP;80391;0;0;0;0.00
0.8000;SCP;80860;0;0;0;0.00
0.8000;SCP;81261;0;0;0;0.00
0.8000;SCP;80646;0;0;0;0.00
0.8000;SCP;81505;0;0;0;0.00
0.8000;SCP;81108;0;0;0;0.00
0.8000;SCP;81235;0;0;0;0.00
0.8000;SCP;81297;0;0;0;0.00
0.8000;SCP;82120;0;0;0;0.00
0.8000;SCP;80937;0;0;0;0.00
0.8000;SCP;81274;0;0;0;0.00
0.8000;SCP;80761;0;0;0;0.00
0.8000;SCP;81362;0;0;0;0.00
0.8000;SCP;81899;0;0;0;0.00
0.8000;SCP;80274;0;0;0;0.00
0.8000;SCP;81200;0;0;0;0.00
0.8000;SCP;80866;0;0;0;0.00
0.8000;SCP;80842;0;0;0;0.00
0.8000;SCP;81049;0;0;0;0.00
0.8000;SCP;82018;0;0;0;0.00
0.8000;BFDC;236;0;0;0;1.82
0.8000;BFDC;234;0;0;0;1.82
0.8000;BFDC;234;0;0;0;1.82
0.8000;BFDC;234;0;0;0;1.82
0.8000;BFDC;234;0;0;0;1.82
0.8000;BFDC;234;0;0;0;1.82
0.8000;BFDC;234;0;0;0;1.82
0.8000;BFDC;233;0;0;0;1.82
0.8000;BFDC;234;0;0;0;1.82
0.8000;BFDC;233;0;0;0;1.82
0.8000;BFDC;234;0;0;0;1.82
0.8000;BFDC;234;0;0;0;1.82
0.8000;BFDC;235;0;0;0;1.82
0.8000;BFDC;234;0;0;0;1.82
0.8000;BFDC;234;0;0;0;1.82
0.8000;BFDC;234;0;0;0;1.82
0.8000;BFDC;234;0;0;0;1.82
0.8000;BFDC;234;0;0;0;1.82
0.8000;BFDC;234;0;0;0;1.82
0.8000;BFDC;234;0;0;0;1.82
0.8000;BFDC;182;0;0;0;1.45
0.8000;BFDC;180;0;0;0;1.45
0.8000;BFDC;180;0;0;0;1.45
0.8000;BFDC;180;0;0;0;1.45
0.8000;BFDC;180;0;0;0;1.45
0.8000;BFDC;180;0;0;0;1.45
0.8000;BFDC;180;0;0;0;1.45
0.8000;BFDC;180;0;0;0;1.45
0.8000;BFDC;180;0;0;0;1.45
0.8000;BFDC;181;0;0;0;1.45
0.8000;BFDC;180;0;0;0;1.45
0.8000;BFDC;180;0;0;0;1.45
0.8000;BFDC;180;0;0;0;1.45
0.8000;BFDC;180;0;0;0;1.45
0.8000;BFDC;180;0;0;0;1.45
0.8000;BFDC;180;0;0;0;1.45
0.8000;BFDC;180;0;0;0;1.45
0.8000;BFDC;180;0;0;0;1.45
0.8000;BFDC;180;0;0;0;1.45
0.8000;BFDC;180;0;0;0;1.45
0.8000;CRA;39619;0;0;0;124.82
0.8000;CRA;39455;0;0;0;124.82
0.8000;CRA;39439;0;0;0;124.82
0.8000;CRA;39442;0;0;0;124.82
0.8000;CRA;39444;0;0;0;124.82
0.8000;CRA;39444;0;0;0;124.82
0.8000;CRA;39498;0;0;0;124.82
0.8000;CRA;39463;0;0;0;124.82
0.8000;CRA;39461;0;0;0;124.82
0.8000;CRA;39460;0;0;0;124.82
0.8000;CRA;39449;0;0;0;124.82
0.8000;CRA;39438;0;0;0;124.82
0.8000;CRA;39439;0;0;0;124.82
0.8000;CRA;39450;0;0;0;124.82
0.8000;CRA;39479;0;0;0;124.82
0.8000;CRA;39472;0;0;0;124.82
0.8000;CRA;39457;0;0;0;124.82
0.8000;CRA;39452;0;0;0;124.82
0.8000;CRA;39480;0;0;0;124.82
0.8000;CRA;39432;0;0;0;124.82
0.8000;CRA;73037;0;0;0;219.66
0.8000;CRA;72740;0;0;0;219.66
0.8000;CRA;72772;0;0;0;219.66
0.8000;CRA;72764;0;0;0;219.66
0.8000;CRA;72752;0;0;0;219.66
0.8000;CRA;72757;0;0;0;219.66
0.8000;CRA;72746;0;0;0;219.66
0.8000;CRA;72741;0;0;0;219.66
0.8000;CRA;72809;0;0;0;219.66
0.8000;CRA;72809;0;0;0;219.66
0.8000;CRA;72767;0;0;0;219.66
0.8000;CRA;72796;0;0;0;219.66
0.8000;CRA;72819;0;0;0;219.66
0.8000;CRA;72799;0;0;0;219.66
0.8000;CRA;72758;0;0;0;219.66
0.8000;CRA;72790;0;0;0;219.66
0.8000;CRA;72783;0;0;0;219.66
0.8000;CRA;72823;0;0;0;219.66
0.8000;CRA;72977;0;0;0;219.66
0.8000;CRA;73028;0;0;0;219.66
0.3000;RULT;3584;0;0;0;12.17
0.3000;RULT;3572;0;0;0;12.17
0.3000;RULT;3574;0;0;0;12.17
0.3000;RULT;3579;0;0;0;12.17
0.3000;RULT;3572;0;0;0;12.17
0.3000;RULT;3581;0;0;0;12.17
0.3000;RULT;3567;0;0;0;12.17
0.3000;RULT;3572;0;0;0;12.17
0.3000;RULT;3566;0;0;0;12.17
0.3000;RULT;3566;0;0;0;12.17
0.3000;RULT;3567;0;0;0;12.17
0.3000;RULT;3560;0;0;0;12.17
0.3000;RULT;3568;0;0;0;12.17
0.3000;RULT;3567;0;0;0;12.17
0.3000;RULT;3574;0;0;0;12.17
0.3000;RULT;3572;0;0;0;12.17
0.3000;RULT;3573;0;0;0;12.17
0.3000;RULT;3577;0;0;0;12.17
0.3000;RULT;3575;0;0;0;12.17
0.3000;RULT;3574;0;0;0;12.17
0.3000;RULT;2564;0;0;0;9.48
0.3000;RULT;2528;0;0;0;9.48
0.3000;RULT;2533;0;0;0;9.48
0.3000;RULT;2537;0;0;0;9.48
0.3000;RULT;2529;0;0;0;9.48
0.3000;RULT;2526;0;0;0;9.48
0.3000;RULT;2532;0;0;0;9.48
0.3000;RULT;2535;0;0;0;9.48
0.3000;RULT;2534;0;0;0;9.48
0.3000;RULT;2533;0;0;0;9.48
0.3000;RULT;2527;0;0;0;9.48
0.3000;RULT;2524;0;0;0;9.48
0.3000;RULT;2537;0;0;0;9.48
0.3000;RULT;2534;0;0;0;9.48
0.3000;RULT;2531;0;0;0;9.48
0.3000;RULT;2525;0;0;0;9.48
0.3000;RULT;2525;0;0;0;9.48
0.3000;RULT;2536;0;0;0;9.48
0.3000;RULT;2535;0;0;0;9.48
0.3000;RULT;2534;0;0;0;9.48
0.3000;ILP;124544;0;0;0;0.00
0.3000;ILP;123237;0;0;0;0.00
0.3000;ILP;124240;0;0;0;0.00
0.3000;ILP;125237;0;0;0;0.00
0.3000;ILP;126039;0;0;0;0.00
0.3000;ILP;125012;0;0;0;0.00
0.3000;ILP;124824;0;0;0;0.00
0.3000;ILP;124284;0;0;0;0.00
0.3000;ILP;123698;0;0;0;0.00
0.3000;ILP;125403;0;0;0;0.00
0.3000;ILP;124508;0;0;0;0.00
0.3000;ILP;126054;0;0;0;0.00
0.3000;ILP;125260;0;0;0;0.00
0.3000;ILP;125411;0;0;0;0.00
0.3000;ILP;125249;0;0;0;0.00
0.3000;ILP;124912;0;0;0;0.00
0.3000;ILP;125920;0;0;0;0.00
0.3000;ILP;123262;0;0;0;0.00
0.3000;ILP;123569;0;0;0;0.00
0.3000;ILP;124386;0;0;0;0.00
0.3000;ILP;110774;0;0;0;0.00
0.3000;ILP;109154;0;0;0;0.00
0.3000;ILP;109458;0;0;0;0.00
0.3000;ILP;108973;0;0;0;0.00
0.3000;ILP;109441;0;0;0;0.00
0.3000;ILP;109227;0;0;0;0.00
0.3000;ILP;109077;0;0;0;0.00
0.3000;ILP;109260;0;0;0;0.00
0.3000;ILP;109883;0;0;0;0.00
0.3000;ILP;108645;0;0;0;0.00
0.3000;ILP;108628;0;0;0;0.00
0.3000;ILP;110297;0;0;0;0.00
0.3000;ILP;108735;0;0;0;0.00
0.3000;ILP;108994;0;0;0;0.00
0.3000;ILP;110102;0;0;0;0.00
0.3000;ILP;109491;0;0;0;0.00
0.3000;ILP;108822;0;0;0;0.00
0.3000;ILP;108792;0;0;0;0.00
0.3000;ILP;109558;0;0;0;0.00
0.3000;ILP;110353;0;0;0;0.00
0.3000;CP;129686;0;0;0;0.00
0.3000;CP;131017;0;0;0;0.00
0.3000;CP;130742;0;0;0;0.00
0.3000;CP;130592;0;0;0;0.00
0.3000;CP;130205;0;0;0;0.00
0.3000;CP;131856;0;0;0;0.00
0.3000;CP;130734;0;0;0;0.00
0.3000;CP;130790;0;0;0;0.00
0.3000;CP;130506;0;0;0;0.00
0.3000;CP;130473;0;0;0;0.00
0.3000;CP;130783;0;0;0;0.00
0.3000;CP;130390;0;0;0;0.00
0.3000;CP;131263;0;0;0;0.00
0.3000;CP;127195;0;0;0;0.00
0.3000;CP;120124;0;0;0;0.00
0.3000;CP;123647;0;0;0;0.00
0.3000;CP;122888;0;0;0;0.00
0.3000;CP;123079;0;0;0;0.00
0.3000;CP;123586;0;0;0;0.00
0.3000;CP;122392;0;0;0;0.00
0.3000;CP;131114;0;0;0;0.00
0.3000;CP;131344;0;0;0;0.00
0.3000;CP;130921;0;0;0;0.00
0.3000;CP;130602;0;0;0;0.00
0.3000;CP;131523;0;0;0;0.00
0.3000;CP;131101;0;0;0;0.00
0.3000;CP;126884;0;0;0;0.00
0.3000;CP;120851;0;0;0;0.00
0.3000;CP;125708;0;0;0;0.00
0.3000;CP;124539;0;0;0;0.00
0.3000;CP;124210;0;0;0;0.00
0.3000;CP;123324;0;0;0;0.00
0.3000;CP;125419;0;0;0;0.00
0.3000;CP;123244;0;0;0;0.00
0.3000;CP;124731;0;0;0;0.00
0.3000;CP;123541;0;0;0;0.00
0.3000;CP;125153;0;0;0;0.00
0.3000;CP;123455;0;0;0;0.00
0.3000;CP;124796;0;0;0;0.00
0.3000;CP;122684;0;0;0;0.00
0.3000;SCP;62679;0;0;0;0.00
0.3000;SCP;63706;0;0;0;0.00
0.3000;SCP;63798;0;0;0;0.00
0.3000;SCP;62953;0;0;0;0.00
0.3000;SCP;64639;0;0;0;0.00
0.3000;SCP;63587;0;0;0;0.00
0.3000;SCP;63703;0;0;0;0.00
0.3000;SCP;62933;0;0;0;0.00
0.3000;SCP;63758;0;0;0;0.00
0.3000;SCP;63005;0;0;0;0.00
0.3000;SCP;63130;0;0;0;0.00
0.3000;SCP;64310;0;0;0;0.00
0.3000;SCP;63025;0;0;0;0.00
0.3000;SCP;63961;0;0;0;0.00
0.3000;SCP;63204;0;0;0;0.00
0.3000;SCP;64289;0;0;0;0.00
0.3000;SCP;63075;0;0;0;0.00
0.3000;SCP;64111;0;0;0;0.00
0.3000;SCP;63882;0;0;0;0.00
0.3000;SCP;62781;0;0;0;0.00
0.3000;SCP;63786;0;0;0;0.00
0.3000;SCP;64532;0;0;0;0.00
0.3000;SCP;65099;0;0;0;0.00
0.3000;SCP;64734;0;0;0;0.00
0.3000;SCP;64626;0;0;0;0.00
0.3000;SCP;65365;0;0;0;0.00
0.3000;SCP;64302;0;0;0;0.00
0.3000;SCP;64969;0;0;0;0.00
0.3000;SCP;64162;0;0;0;0.00
0.3000;SCP;64798;0;0;0;0.00
0.3000;SCP;65179;0;0;0;0.00
0.3000;SCP;64216;0;0;0;0.00
0.3000;SCP;65093;0;0;0;0.00
0.3000;SCP;64422;0;0;0;0.00
0.3000;SCP;65138;0;0;0;0.00
0.3000;SCP;65310;0;0;0;0.00
0.3000;SCP;64264;0;0;0;0.00
0.3000;SCP;64485;0;0;0;0.00
0.3000;SCP;64453;0;0;0;0.00
0.3000;SCP;64870;0;0;0;0.00
0.3000;KAB;787575;0;0;0;0.00
0.3000;KAB;793906;0;0;0;0.00
0.3000;KAB;792653;0;0;0;0.00
0.3000;KAB;792673;0;0;0;0.00
0.3000;KAB;793320;0;0;0;0.00
0.3000;KAB;792860;0;0;0;0.00
0.3000;KAB;796055;0;0;0;0.00
0.3000;KAB;787536;0;0;0;0.00
0.3000;KAB;780839;0;0;0;0.00
0.3000;KAB;794908;0;0;0;0.00
0.3000;KAB;793642;0;0;0;0.00
0.3000;KAB;786129;0;0;0;0.00
0.3000;KAB;778462;0;0;0;0.00
0.3000;KAB;793697;0;0;0;0.00
0.3000;KAB;796834;0;0;0;0.00
0.3000;KAB;784279;0;0;0;0.00
0.3000;KAB;775746;0;0;0;0.00
0.3000;KAB;796587;0;0;0;0.00
0.3000;KAB;793559;0;0;0;0.00
0.3000;KAB;785680;0;0;0;0.00
0.3000;KAB;879369;0;0;0;0.00
0.3000;KAB;887670;0;0;0;0.00
0.3000;KAB;886613;0;0;0;0.00
0.3000;KAB;886810;0;0;0;0.00
0.3000;KAB;883116;0;0;0;0.00
0.3000;KAB;881302;0;0;0;0.00
0.3000;KAB;881248;0;0;0;0.00
0.3000;KAB;869200;0;0;0;0.00
0.3000;KAB;891395;0;0;0;0.00
0.3000;KAB;873418;0;0;0;0.00
0.3000;KAB;889034;0;0;0;0.00
0.3000;KAB;882369;0;0;0;0.00
0.3000;KAB;869581;0;0;0;0.00
0.3000;KAB;895829;0;0;0;0.00
0.3000;KAB;879201;0;0;0;0.00
0.3000;KAB;874577;0;0;0;0.00
0.3000;KAB;887783;0;0;0;0.00
0.3000;KAB;872913;0;0;0;0.00
0.3000;KAB;896358;0;0;0;0.00
0.3000;KAB;881985;0;0;0;0.00
0.3000;BFDC;231;0;0;0;1.61
0.3000;BFDC;234;0;0;0;1.61
0.3000;BFDC;230;0;0;0;1.61
0.3000;BFDC;230;0;0;0;1.61
0.3000;BFDC;230;0;0;0;1.61
0.3000;BFDC;229;0;0;0;1.61
0.3000;BFDC;230;0;0;0;1.61
0.3000;BFDC;229;0;0;0;1.61
0.3000;BFDC;229;0;0;0;1.61
0.3000;BFDC;229;0;0;0;1.61
0.3000;BFDC;229;0;0;0;1.61
0.3000;BFDC;229;0;0;0;1.61
0.3000;BFDC;229;0;0;0;1.61
0.3000;BFDC;230;0;0;0;1.61
0.3000;BFDC;229;0;0;0;1.61
0.3000;BFDC;229;0;0;0;1.61
0.3000;BFDC;230;0;0;0;1.61
0.3000;BFDC;229;0;0;0;1.61
0.3000;BFDC;230;0;0;0;1.61
0.3000;BFDC;230;0;0;0;1.61
0.3000;BFDC;176;0;0;0;1.24
0.3000;BFDC;174;0;0;0;1.24
0.3000;BFDC;175;0;0;0;1.24
0.3000;BFDC;174;0;0;0;1.24
0.3000;BFDC;175;0;0;0;1.24
0.3000;BFDC;175;0;0;0;1.24
0.3000;BFDC;174;0;0;0;1.24
0.3000;BFDC;174;0;0;0;1.24
0.3000;BFDC;174;0;0;0;1.24
0.3000;BFDC;175;0;0;0;1.24
0.3000;BFDC;175;0;0;0;1.24
0.3000;BFDC;175;0;0;0;1.24
0.3000;BFDC;174;0;0;0;1.24
0.3000;BFDC;174;0;0;0;1.24
0.3000;BFDC;173;0;0;0;1.24
0.3000;BFDC;174;0;0;0;1.24
0.3000;BFDC;174;0;0;0;1.24
0.3000;BFDC;175;0;0;0;1.24
0.3000;BFDC;175;0;0;0;1.24
0.3000;BFDC;175;0;0;0;1.24
0.3000;CRA;95832;0;0;0;204.03
0.3000;CRA;95348;0;0;0;204.03
0.3000;CRA;95344;0;0;0;204.03
0.3000;CRA;96120;0;0;0;204.03
0.3000;CRA;95398;0;0;0;204.03
0.3000;CRA;95358;0;0;0;204.03
0.3000;CRA;95603;0;0;0;204.03
0.3000;CRA;95831;0;0;0;204.03
0.3000;CRA;95852;0;0;0;204.03
0.3000;CRA;95903;0;0;0;204.03
0.3000;CRA;95909;0;0;0;204.03
0.3000;CRA;96160;0;0;0;204.03
0.3000;CRA;96223;0;0;0;204.03
0.3000;CRA;95723;0;0;0;204.03
0.3000;CRA;96174;0;0;0;204.03
0.3000;CRA;95395;0;0;0;204.03
0.3000;CRA;95377;0;0;0;204.03
0.3000;CRA;95336;0;0;0;204.03
0.3000;CRA;95356;0;0;0;204.03
0.3000;CRA;95394;0;0;0;204.03
0.3000;CRA;40087;0;0;0;87.79
0.3000;CRA;39956;0;0;0;87.79
0.3000;CRA;39960;0;0;0;87.79
0.3000;CRA;39951;0;0;0;87.79
0.3000;CRA;39960;0;0;0;87.79
0.3000;CRA;39931;0;0;0;87.79
0.3000;CRA;39993;0;0;0;87.79
0.3000;CRA;39861;0;0;0;87.79
0.3000;CRA;39628;0;0;0;87.79
0.3000;CRA;39534;0;0;0;87.79
0.3000;CRA;39526;0;0;0;87.79
0.3000;CRA;39507;0;0;0;87.79
0.3000;CRA;39500;0;0;0;87.79
0.3000;CRA;39517;0;0;0;87.79
0.3000;CRA;39530;0;0;0;87.79
0.3000;CRA;39522;0;0;0;87.79
0.3000;CRA;39514;0;0;0;87.79
0.3000;CRA;39500;0;0;0;87.79
0.3000;CRA;39527;0;0;0;87.79
0.3000;CRA;39531;0;0;0;87.79
0.5000;RULT;1603;0;0;0;8.36
0.5000;RULT;1565;0;0;0;8.36
0.5000;RULT;1573;0;0;0;8.36
0.5000;RULT;1564;0;0;0;8.36
0.5000;RULT;1571;0;0;0;8.36
0.5000;RULT;1566;0;0;0;8.36
0.5000;RULT;1564;0;0;0;8.36
0.5000;RULT;1562;0;0;0;8.36
0.5000;RULT;1564;0;0;0;8.36
0.5000;RULT;1571;0;0;0;8.36
0.5000;RULT;1564;0;0;0;8.36
0.5000;RULT;1568;0;0;0;8.36
0.5000;RULT;1562;0;0;0;8.36
0.5000;RULT;1570;0;0;0;8.36
0.5000;RULT;1566;0;0;0;8.36
0.5000;RULT;1564;0;0;0;8.36
0.5000;RULT;1563;0;0;0;8.36
0.5000;RULT;1563;0;0;0;8.36
0.5000;RULT;1573;0;0;0;8.36
0.5000;RULT;1564;0;0;0;8.36
0.5000;RULT;3898;0;0;0;13.59
0.5000;RULT;3862;0;0;0;13.59
0.5000;RULT;3854;0;0;0;13.59
0.5000;RULT;3861;0;0;0;13.59
0.5000;RULT;3868;0;0;0;13.59
0.5000;RULT;3859;0;0;0;13.59
0.5000;RULT;3850;0;0;0;13.59
0.5000;RULT;3862;0;0;0;13.59
0.5000;RULT;3856;0;0;0;13.59
0.5000;RULT;3850;0;0;0;13.59
0.5000;RULT;3852;0;0;0;13.59
0.5000;RULT;3851;0;0;0;13.59
0.5000;RULT;3855;0;0;0;13.59
0.5000;RULT;3852;0;0;0;13.59
0.5000;RULT;3858;0;0;0;13.59
0.5000;RULT;3872;0;0;0;13.59
0.5000;RULT;3855;0;0;0;13.59
0.5000;RULT;3847;0;0;0;13.59
0.5000;RULT;3855;0;0;0;13.59
0.5000;RULT;3859;0;0;0;13.59
0.5000;ILP;82525;0;0;0;0.00
0.5000;ILP;82248;0;0;0;0.00
0.5000;ILP;82393;0;0;0;0.00
0.5000;ILP;81911;0;0;0;0.00
0.5000;ILP;82283;0;0;0;0.00
0.5000;ILP;82195;0;0;0;0.00
0.5000;ILP;82253;0;0;0;0.00
0.5000;ILP;81549;0;0;0;0.00
0.5000;ILP;81790;0;0;0;0.00
0.5000;ILP;82201;0;0;0;0.00
0.5000;ILP;81744;0;0;0;0.00
0.5000;ILP;82082;0;0;0;0.00
0.5000;ILP;81834;0;0;0;0.00
0.5000;ILP;82259;0;0;0;0.00
0.5000;ILP;82423;0;0;0;0.00
0.5000;ILP;82471;0;0;0;0.00
0.5000;ILP;82892;0;0;0;0.00
0.5000;ILP;82075;0;0;0;0.00
0.5000;ILP;82244;0;0;0;0.00
0.5000;ILP;81297;0;0;0;0.00
0.5000;ILP;179170;0;0;0;0.00
0.5000;ILP;178201;0;0;0;0.00
0.5000;ILP;175401;0;0;0;0.00
0.5000;ILP;176610;0;0;0;0.00
0.5000;ILP;177514;0;0;0;0.00
0.5000;ILP;177917;0;0;0;0.00
0.5000;ILP;178105;0;0;0;0.00
0.5000;ILP;177086;0;0;0;0.00
0.5000;ILP;177406;0;0;0;0.00
0.5000;ILP;177365;0;0;0;0.00
0.5000;ILP;177435;0;0;0;0.00
0.5000;ILP;176863;0;0;0;0.00
0.5000;ILP;176846;0;0;0;0.00
0.5000;ILP;177657;0;0;0;0.00
0.5000;ILP;176062;0;0;0;0.00
0.5000;ILP;176883;0;0;0;0.00
0.5000;ILP;176975;0;0;0;0.00
0.5000;ILP;176987;0;0;0;0.00
0.5000;ILP;177580;0;0;0;0.00
0.5000;ILP;176750;0;0;0;0.00
0.5000;CP;149322;0;0;0;0.00
0.5000;CP;170524;0;0;0;0.00
0.5000;CP;170515;0;0;0;0.00
0.5000;CP;171835;0;0;0;0.00
0.5000;CP;170832;0;0;0;0.00
0.5000;CP;170776;0;0;0;0.00
0.5000;CP;170675;0;0;0;0.00
0.5000;CP;171379;0;0;0;0.00
0.5000;CP;171432;0;0;0;0.00
0.5000;CP;171122;0;0;0;0.00
0.5000;CP;170480;0;0;0;0.00
0.5000;CP;170627;0;0;0;0.00
0.5000;CP;152282;0;0;0;0.00
0.5000;CP;155102;0;0;0;0.00
0.5000;CP;172458;0;0;0;0.00
0.5000;CP;171151;0;0;0;0.00
0.5000;CP;171616;0;0;0;0.00
0.5000;CP;171087;0;0;0;0.00
0.5000;CP;170442;0;0;0;0.00
0.5000;CP;171986;0;0;0;0.00
0.5000;CP;166534;0;0;0;0.00
0.5000;CP;165984;0;0;0;0.00
0.5000;CP;165916;0;0;0;0.00
0.5000;CP;166126;0;0;0;0.00
0.5000;CP;165754;0;0;0;0.00
0.5000;CP;164226;0;0;0;0.00
0.5000;CP;145734;0;0;0;0.00
0.5000;CP;158551;0;0;0;0.00
0.5000;CP;166010;0;0;0;0.00
0.5000;CP;165806;0;0;0;0.00
0.5000;CP;166317;0;0;0;0.00
0.5000;CP;166003;0;0;0;0.00
0.5000;CP;166224;0;0;0;0.00
0.5000;CP;165974;0;0;0;0.00
0.5000;CP;165865;0;0;0;0.00
0.5000;CP;166147;0;0;0;0.00
0.5000;CP;165627;0;0;0;0.00
0.5000;CP;165210;0;0;0;0.00
0.5000;CP;165493;0;0;0;0.00
0.5000;CP;146831;0;0;0;0.00
0.5000;SCP;69641;0;0;0;0.00
0.5000;SCP;69946;0;0;0;0.00
0.5000;SCP;70182;0;0;0;0.00
0.5000;SCP;69875;0;0;0;0.00
0.5000;SCP;70038;0;0;0;0.00
0.5000;SCP;70301;0;0;0;0.00
0.5000;SCP;70304;0;0;0;0.00
0.5000;SCP;69886;0;0;0;0.00
0.5000;SCP;70514;0;0;0;0.00
0.5000;SCP;69910;0;0;0;0.00
0.5000;SCP;70692;0;0;0;0.00
0.5000;SCP;71130;0;0;0;0.00
0.5000;SCP;66287;0;0;0;0.00
0.5000;SCP;67436;0;0;0;0.00
0.5000;SCP;66310;0;0;0;0.00
0.5000;SCP;67613;0;0;0;0.00
0.5000;SCP;70025;0;0;0;0.00
0.5000;SCP;70108;0;0;0;0.00
0.5000;SCP;70098;0;0;0;0.00
0.5000;SCP;70110;0;0;0;0.00
0.5000;SCP;66704;0;0;0;0.00
0.5000;SCP;72252;0;0;0;0.00
0.5000;SCP;71807;0;0;0;0.00
0.5000;SCP;72137;0;0;0;0.00
0.5000;SCP;72028;0;0;0;0.00
0.5000;SCP;72035;0;0;0;0.00
0.5000;SCP;71933;0;0;0;0.00
0.5000;SCP;71805;0;0;0;0.00
0.5000;SCP;72016;0;0;0;0.00
0.5000;SCP;72451;0;0;0;0.00
0.5000;SCP;72329;0;0;0;0.00
0.5000;SCP;72701;0;0;0;0.00
0.5000;SCP;72095;0;0;0;0.00
0.5000;SCP;72419;0;0;0;0.00
0.5000;SCP;72266;0;0;0;0.00
0.5000;SCP;72280;0;0;0;0.00
0.5000;SCP;72014;0;0;0;0.00
0.5000;SCP;72498;0;0;0;0.00
0.5000;SCP;72624;0;0;0;0.00
0.5000;SCP;72494;0;0;0;0.00
0.5000;KAB;2134130;0;0;1;0.00
0.5000;KAB;2137042;0;0;1;0.00
0.5000;KAB;2138939;0;0;1;0.00
0.5000;KAB;2114063;0;0;1;0.00
0.5000;KAB;2117694;0;0;1;0.00
0.5000;KAB;2140668;0;0;1;0.00
0.5000;KAB;2138330;0;0;1;0.00
0.5000;KAB;2107376;0;0;1;0.00
0.5000;KAB;2094409;0;0;1;0.00
0.5000;KAB;2095338;0;0;1;0.00
0.5000;KAB;2094136;0;0;1;0.00
0.5000;KAB;2096923;0;0;1;0.00
0.5000;KAB;2093621;0;0;1;0.00
0.5000;KAB;2094543;0;0;1;0.00
0.5000;KAB;2091479;0;0;1;0.00
0.5000;KAB;2093816;0;0;1;0.00
0.5000;KAB;2093061;0;0;1;0.00
0.5000;KAB;2090825;0;0;1;0.00
0.5000;KAB;2091340;0;0;1;0.00
0.5000;KAB;2091026;0;0;1;0.00
0.5000;KAB;1221681;0;0;0;0.00
0.5000;KAB;1232963;0;0;0;0.00
0.5000;KAB;1218082;0;0;0;0.00
0.5000;KAB;1233043;0;0;0;0.00
0.5000;KAB;1226508;0;0;0;0.00
0.5000;KAB;1233999;0;0;0;0.00
0.5000;KAB;1234246;0;0;0;0.00
0.5000;KAB;1232159;0;0;0;0.00
0.5000;KAB;1233870;0;0;0;0.00
0.5000;KAB;1229136;0;0;0;0.00
0.5000;KAB;1234896;0;0;0;0.00
0.5000;KAB;1222727;0;0;0;0.00
0.5000;KAB;1237142;0;0;0;0.00
0.5000;KAB;1220964;0;0;0;0.00
0.5000;KAB;1234124;0;0;0;0.00
0.5000;KAB;1219430;0;0;0;0.00
0.5000;KAB;1234619;0;0;0;0.00
0.5000;KAB;1213659;0;0;0;0.00
0.5000;KAB;1217489;0;0;0;0.00
0.5000;KAB;1232162;0;0;0;0.00
0.5000;BFDC;168;0;0;0;1.26
0.5000;BFDC;167;0;0;0;1.26
0.5000;BFDC;166;0;0;0;1.26
0.5000;BFDC;167;0;0;0;1.26
0.5000;BFDC;166;0;0;0;1.26
0.5000;BFDC;167;0;0;0;1.26
0.5000;BFDC;166;0;0;0;1.26
0.5000;BFDC;167;0;0;0;1.26
0.5000;BFDC;166;0;0;0;1.26
0.5000;BFDC;172;0;0;0;1.26
0.5000;BFDC;166;0;0;0;1.26
0.5000;BFDC;166;0;0;0;1.26
0.5000;BFDC;166;0;0;0;1.26
0.5000;BFDC;166;0;0;0;1.26
0.5000;BFDC;166;0;0;0;1.26
0.5000;BFDC;166;0;0;0;1.26
0.5000;BFDC;166;0;0;0;1.26
0.5000;BFDC;166;0;0;0;1.26
0.5000;BFDC;166;0;0;0;1.26
0.5000;BFDC;166;0;0;0;1.26
0.5000;BFDC;238;0;0;0;1.63
0.5000;BFDC;232;0;0;0;1.63
0.5000;BFDC;232;0;0;0;1.63
0.5000;BFDC;240;0;0;0;1.63
0.5000;BFDC;233;0;0;0;1.63
0.5000;BFDC;233;0;0;0;1.63
0.5000;BFDC;233;0;0;0;1.63
0.5000;BFDC;233;0;0;0;1.63
0.5000;BFDC;232;0;0;0;1.63
0.5000;BFDC;233;0;0;0;1.63
0.5000;BFDC;233;0;0;0;1.63
0.5000;BFDC;235;0;0;0;1.63
0.5000;BFDC;233;0;0;0;1.63
0.5000;BFDC;233;0;0;0;1.63
0.5000;BFDC;235;0;0;0;1.63
0.5000;BFDC;233;0;0;0;1.63
0.5000;BFDC;233;0;0;0;1.63
0.5000;BFDC;232;0;0;0;1.63
0.5000;BFDC;232;0;0;0;1.63
0.5000;BFDC;232;0;0;0;1.63
0.5000;CRA;63102;0;0;0;156.85
0.5000;CRA;62795;0;0;0;156.85
0.5000;CRA;62790;0;0;0;156.85
0.5000;CRA;62793;0;0;0;156.85
0.5000;CRA;62783;0;0;0;156.85
0.5000;CRA;62783;0;0;0;156.85
0.5000;CRA;62790;0;0;0;156.85
0.5000;CRA;62787;0;0;0;156.85
0.5000;CRA;62807;0;0;0;156.85
0.5000;CRA;62789;0;0;0;156.85
0.5000;CRA;63559;0;0;0;156.85
0.5000;CRA;63077;0;0;0;156.85
0.5000;CRA;62798;0;0;0;156.85
0.5000;CRA;62707;0;0;0;156.85
0.5000;CRA;62712;0;0;0;156.85
0.5000;CRA;62691;0;0;0;156.85
0.5000;CRA;62794;0;0;0;156.85
0.5000;CRA;62818;0;0;0;156.85
0.5000;CRA;62791;0;0;0;156.85
0.5000;CRA;62799;0;0;0;156.85
0.5000;CRA;151144;0;0;0;357.41
0.5000;CRA;150441;0;0;0;357.41
0.5000;CRA;151132;0;0;0;357.41
0.5000;CRA;151156;0;0;0;357.41
0.5000;CRA;151156;0;0;0;357.41
0.5000;CRA;151098;0;0;0;357.41
0.5000;CRA;151187;0;0;0;357.41
0.5000;CRA;151213;0;0;0;357.41
0.5000;CRA;151237;0;0;0;357.41
0.5000;CRA;151149;0;0;0;357.41
0.5000;CRA;151670;0;0;0;357.41
0.5000;CRA;151858;0;0;0;357.41
0.5000;CRA;151966;0;0;0;357.41
0.5000;CRA;151997;0;0;0;357.41
0.5000;CRA;151941;0;0;0;357.41
0.5000;CRA;151997;0;0;0;357.41
0.5000;CRA;151992;0;0;0;357.41
0.5000;CRA;151765;0;0;0;357.41
0.5000;CRA;150743;0;0;0;357.41
0.5000;CRA;150352;0;0;0;357.41
