Size;Method;Time;Status;Solution;Timeout;Scans
1600;RULT;1733;0;0;0;7.02
1600;RULT;1738;0;0;0;7.02
1600;RULT;1737;0;0;0;7.02
1600;RULT;1743;0;0;0;7.02
1600;RULT;1734;0;0;0;7.02
1600;RULT;1735;0;0;0;7.02
1600;RULT;1740;0;0;0;7.02
1600;RULT;1733;0;0;0;7.02
1600;RULT;1739;0;0;0;7.02
1600;RULT;1733;0;0;0;7.02
1600;RULT;1741;0;0;0;7.02
1600;RULT;1734;0;0;0;7.02
1600;RULT;1742;0;0;0;7.02
1600;RULT;1743;0;0;0;7.02
1600;RULT;1732;0;0;0;7.02
1600;RULT;1740;0;0;0;7.02
1600;RULT;1739;0;0;0;7.02
1600;RULT;1740;0;0;0;7.02
1600;RULT;1736;0;0;0;7.02
1600;RULT;1741;0;0;0;7.02
1600;RULT;2208;0;0;0;8.26
1600;RULT;2207;0;0;0;8.26
1600;RULT;2196;0;0;0;8.26
1600;RULT;2199;0;0;0;8.26
1600;RULT;2202;0;0;0;8.26
1600;RULT;2196;0;0;0;8.26
1600;RULT;2201;0;0;0;8.26
1600;RULT;2199;0;0;0;8.26
1600;RULT;2196;0;0;0;8.26
1600;RULT;2201;0;0;0;8.26
1600;RULT;2204;0;0;0;8.26
1600;RULT;2194;0;0;0;8.26
1600;RULT;2196;0;0;0;8.26
1600;RULT;2203;0;0;0;8.26
1600;RULT;2196;0;0;0;8.26
1600;RULT;2194;0;0;0;8.26
1600;RULT;2198;0;0;0;8.26
1600;RULT;2200;0;0;0;8.26
1600;RULT;2203;0;0;0;8.26
1600;RULT;2224;0;0;0;8.26
1600;ILP;156199;0;0;0;0.00
1600;ILP;156760;0;0;0;0.00
1600;ILP;156225;0;0;0;0.00
1600;ILP;157557;0;0;0;0.00
1600;ILP;156713;0;0;0;0.00
1600;ILP;156091;0;0;0;0.00
1600;ILP;156482;0;0;0;0.00
1600;ILP;155743;0;0;0;0.00
1600;ILP;157344;0;0;0;0.00
1600;ILP;156191;0;0;0;0.00
1600;ILP;156009;0;0;0;0.00
1600;ILP;156320;0;0;0;0.00
1600;ILP;155911;0;0;0;0.00
1600;ILP;156328;0;0;0;0.00
1600;ILP;156324;0;0;0;0.00
1600;ILP;156987;0;0;0;0.00
1600;ILP;156317;0;0;0;0.00
1600;ILP;156412;0;0;0;0.00
1600;ILP;156257;0;0;0;0.00
1600;ILP;156381;0;0;0;0.00
1600;ILP;181612;0;0;0;0.00
1600;ILP;158480;0;0;0;0.00
1600;ILP;157218;0;0;0;0.00
1600;ILP;157767;0;0;0;0.00
1600;ILP;157807;0;0;0;0.00
1600;ILP;158205;0;0;0;0.00
1600;ILP;157303;0;0;0;0.00
1600;ILP;156933;0;0;0;0.00
1600;ILP;157122;0;0;0;0.00
1600;ILP;157431;0;0;0;0.00
1600;ILP;157901;0;0;0;0.00
1600;ILP;158009;0;0;0;0.00
1600;ILP;157570;0;0;0;0.00
1600;ILP;158006;0;0;0;0.00
1600;ILP;156262;0;0;0;0.00
1600;ILP;156964;0;0;0;0.00
1600;ILP;157043;0;0;0;0.00
1600;ILP;156422;0;0;0;0.00
1600;ILP;158001;0;0;0;0.00
1600;ILP;157308;0;0;0;0.00
1600;CP;171218;0;0;0;0.00
1600;CP;173551;0;0;0;0.00
1600;CP;173497;0;0;0;0.00
1600;CP;173387;0;0;0;0.00
1600;CP;173946;0;0;0;0.00
1600;CP;172583;0;0;0;0.00
1600;CP;174956;0;0;0;0.00
1600;CP;176672;0;0;0;0.00
1600;CP;175603;0;0;0;0.00
1600;CP;175334;0;0;0;0.00
1600;CP;173880;0;0;0;0.00
1600;CP;175827;0;0;0;0.00
1600;CP;175423;0;0;0;0.00
1600;CP;176380;0;0;0;0.00
1600;CP;178749;0;0;0;0.00
1600;CP;176728;0;0;0;0.00
1600;CP;176413;0;0;0;0.00
1600;CP;176448;0;0;0;0.00
1600;CP;176232;0;0;0;0.00
1600;CP;175895;0;0;0;0.00
1600;CP;192276;0;0;0;0.00
1600;CP;171451;0;0;0;0.00
1600;CP;170166;0;0;0;0.00
1600;CP;172455;0;0;0;0.00
1600;CP;173217;0;0;0;0.00
1600;CP;172529;0;0;0;0.00
1600;CP;172288;0;0;0;0.00
1600;CP;172906;0;0;0;0.00
1600;CP;173646;0;0;0;0.00
1600;CP;174833;0;0;0;0.00
1600;CP;174561;0;0;0;0.00
1600;CP;173854;0;0;0;0.00
1600;CP;174086;0;0;0;0.00
1600;CP;172651;0;0;0;0.00
1600;CP;174692;0;0;0;0.00
1600;CP;176004;0;0;0;0.00
1600;CP;176522;0;0;0;0.00
1600;CP;176966;0;0;0;0.00
1600;CP;176427;0;0;0;0.00
1600;CP;176399;0;0;0;0.00
1600;SCP;60961;0;0;0;0.00
1600;SCP;60672;0;0;0;0.00
1600;SCP;61099;0;0;0;0.00
1600;SCP;60347;0;0;0;0.00
1600;SCP;60350;0;0;0;0.00
1600;SCP;60408;0;0;0;0.00
1600;SCP;60435;0;0;0;0.00
1600;SCP;60406;0;0;0;0.00
1600;SCP;60749;0;0;0;0.00
1600;SCP;60204;0;0;0;0.00
1600;SCP;60031;0;0;0;0.00
1600;SCP;60468;0;0;0;0.00
1600;SCP;60460;0;0;0;0.00
1600;SCP;60518;0;0;0;0.00
1600;SCP;59980;0;0;0;0.00
1600;SCP;60559;0;0;0;0.00
1600;SCP;60300;0;0;0;0.00
1600;SCP;60791;0;0;0;0.00
1600;SCP;60390;0;0;0;0.00
1600;SCP;60647;0;0;0;0.00
1600;SCP;59181;0;0;0;0.00
1600;SCP;59705;0;0;0;0.00
1600;SCP;60118;0;0;0;0.00
1600;SCP;59929;0;0;0;0.00
1600;SCP;60289;0;0;0;0.00
1600;SCP;59933;0;0;0;0.00
1600;SCP;59947;0;0;0;0.00
1600;SCP;60229;0;0;0;0.00
1600;SCP;60359;0;0;0;0.00
1600;SCP;59712;0;0;0;0.00
1600;SCP;60235;0;0;0;0.00
1600;SCP;59977;0;0;0;0.00
1600;SCP;60312;0;0;0;0.00
1600;SCP;60371;0;0;0;0.00
1600;SCP;60282;0;0;0;0.00
1600;SCP;60012;0;0;0;0.00
1600;SCP;60424;0;0;0;0.00
1600;SCP;60294;0;0;0;0.00
1600;SCP;60413;0;0;0;0.00
1600;SCP;59891;0;0;0;0.00
1600;KAB;557038;0;0;0;0.00
1600;KAB;556947;0;0;0;0.00
1600;KAB;557121;0;0;0;0.00
1600;KAB;557574;0;0;0;0.00
1600;KAB;558069;0;0;0;0.00
1600;KAB;558081;0;0;0;0.00
1600;KAB;558259;0;0;0;0.00
1600;KAB;558818;0;0;0;0.00
1600;KAB;558484;0;0;0;0.00
1600;KAB;557401;0;0;0;0.00
1600;KAB;557295;0;0;0;0.00
1600;KAB;557608;0;0;0;0.00
1600;KAB;558592;0;0;0;0.00
1600;KAB;556998;0;0;0;0.00
1600;KAB;557747;0;0;0;0.00
1600;KAB;557078;0;0;0;0.00
1600;KAB;557496;0;0;0;0.00
1600;KAB;557376;0;0;0;0.00
1600;KAB;557587;0;0;0;0.00
1600;KAB;557395;0;0;0;0.00
1600;KAB;556541;0;0;0;0.00
1600;KAB;556858;0;0;0;0.00
1600;KAB;556793;0;0;0;0.00
1600;KAB;557089;0;0;0;0.00
1600;KAB;556382;0;0;0;0.00
1600;KAB;556084;0;0;0;0.00
1600;KAB;556033;0;0;0;0.00
1600;KAB;555951;0;0;0;0.00
1600;KAB;555170;0;0;0;0.00
1600;KAB;555484;0;0;0;0.00
1600;KAB;555144;0;0;0;0.00
1600;KAB;555143;0;0;0;0.00
1600;KAB;554934;0;0;0;0.00
1600;KAB;555267;0;0;0;0.00
1600;KAB;554701;0;0;0;0.00
1600;KAB;554765;0;0;0;0.00
1600;KAB;554960;0;0;0;0.00
1600;KAB;555327;0;0;0;0.00
1600;KAB;555796;0;0;0;0.00
1600;KAB;555406;0;0;0;0.00
1600;BFDC;278;0;0;0;2.68
1600;BFDC;276;0;0;0;2.68
1600;BFDC;276;0;0;0;2.68
1600;BFDC;275;0;0;0;2.68
1600;BFDC;276;0;0;0;2.68
1600;BFDC;276;0;0;0;2.68
1600;BFDC;275;0;0;0;2.68
1600;BFDC;280;0;0;0;2.68
1600;BFDC;275;0;0;0;2.68
1600;BFDC;276;0;0;0;2.68
1600;BFDC;276;0;0;0;2.68
1600;BFDC;275;0;0;0;2.68
1600;BFDC;274;0;0;0;2.68
1600;BFDC;275;0;0;0;2.68
1600;BFDC;276;0;0;0;2.68
1600;BFDC;276;0;0;0;2.68
1600;BFDC;275;0;0;0;2.68
1600;BFDC;275;0;0;0;2.68
1600;BFDC;281;0;0;0;2.68
1600;BFDC;275;0;0;0;2.68
1600;BFDC;278;0;0;0;2.74
1600;BFDC;277;0;0;0;2.74
1600;BFDC;276;0;0;0;2.74
1600;BFDC;276;0;0;0;2.74
1600;BFDC;275;0;0;0;2.74
1600;BFDC;275;0;0;0;2.74
1600;BFDC;276;0;0;0;2.74
1600;BFDC;275;0;0;0;2.74
1600;BFDC;276;0;0;0;2.74
1600;BFDC;276;0;0;0;2.74
1600;BFDC;276;0;0;0;2.74
1600;BFDC;276;0;0;0;2.74
1600;BFDC;276;0;0;0;2.74
1600;BFDC;282;0;0;0;2.74
1600;BFDC;281;0;0;0;2.74
1600;BFDC;280;0;0;0;2.74
1600;BFDC;276;0;0;0;2.74
1600;BFDC;276;0;0;0;2.74
1600;BFDC;275;0;0;0;2.74
1600;BFDC;275;0;0;0;2.74
1600;CRA;351096;0;0;0;1324.20
1600;CRA;348304;0;0;0;1324.20
1600;CRA;347977;0;0;0;1324.20
1600;CRA;348050;0;0;0;1324.20
1600;CRA;348141;0;0;0;1324.20
1600;CRA;348042;0;0;0;1324.20
1600;CRA;347962;0;0;0;1324.20
1600;CRA;348057;0;0;0;1324.20
1600;CRA;348067;0;0;0;1324.20
1600;CRA;348018;0;0;0;1324.20
1600;CRA;347993;0;0;0;1324.20
1600;CRA;348088;0;0;0;1324.20
1600;CRA;348129;0;0;0;1324.20
1600;CRA;348149;0;0;0;1324.20
1600;CRA;348211;0;0;0;1324.20
1600;CRA;348107;0;0;0;1324.20
1600;CRA;347997;0;0;0;1324.20
1600;CRA;348083;0;0;0;1324.20
1600;CRA;348484;0;0;0;1324.20
1600;CRA;349253;0;0;0;1324.20
1600;CRA;323056;0;0;0;1261.99
1600;CRA;320446;0;0;0;1261.99
1600;CRA;320304;0;0;0;1261.99
1600;CRA;320193;0;0;0;1261.99
1600;CRA;320308;0;0;0;1261.99
1600;CRA;320181;0;0;0;1261.99
1600;CRA;320247;0;0;0;1261.99
1600;CRA;320241;0;0;0;1261.99
1600;CRA;320247;0;0;0;1261.99
1600;CRA;320210;0;0;0;1261.99
1600;CRA;320255;0;0;0;1261.99
1600;CRA;320224;0;0;0;1261.99
1600;CRA;320262;0;0;0;1261.99
1600;CRA;320349;0;0;0;1261.99
1600;CRA;320314;0;0;0;1261.99
1600;CRA;320973;0;0;0;1261.99
1600;CRA;320402;0;0;0;1261.99
1600;CRA;320237;0;0;0;1261.99
1600;CRA;320292;0;0;0;1261.99
1600;CRA;320071;0;0;0;1261.99
400;ULT;124620;0;0;0;815.55
400;ULT;119231;0;0;0;815.55
400;ULT;119179;0;0;0;815.55
400;ULT;118217;0;0;0;815.55
400;ULT;118171;0;0;0;815.55
400;ULT;118845;0;0;0;815.55
400;ULT;118529;0;0;0;815.55
400;ULT;118510;0;0;0;815.55
400;ULT;118470;0;0;0;815.55
400;ULT;117783;0;0;0;815.55
400;ULT;119254;0;0;0;815.55
400;ULT;118729;0;0;0;815.55
400;ULT;118570;0;0;0;815.55
400;ULT;118758;0;0;0;815.55
400;ULT;118720;0;0;0;815.55
400;ULT;119546;0;0;0;815.55
400;ULT;119247;0;0;0;815.55
400;ULT;119274;0;0;0;815.55
400;ULT;119250;0;0;0;815.55
400;ULT;119296;0;0;0;815.55
400;ULT;118971;0;0;0;815.51
400;ULT;119746;0;0;0;815.51
400;ULT;119751;0;0;0;815.51
400;ULT;117085;0;0;0;815.51
400;ULT;117048;0;0;0;815.51
400;ULT;117316;0;0;0;815.51
400;ULT;117302;0;0;0;815.51
400;ULT;117660;0;0;0;815.51
400;ULT;116988;0;0;0;815.51
400;ULT;116964;0;0;0;815.51
400;ULT;117015;0;0;0;815.51
400;ULT;117604;0;0;0;815.51
400;ULT;117087;0;0;0;815.51
400;ULT;116950;0;0;0;815.51
400;ULT;116953;0;0;0;815.51
400;ULT;117529;0;0;0;815.51
400;ULT;126695;0;0;0;815.51
400;ULT;120226;0;0;0;815.51
400;ULT;119464;0;0;0;815.51
400;ULT;119854;0;0;0;815.51
400;RULT;481;0;0;0;9.86
400;RULT;480;0;0;0;9.86
400;RULT;479;0;0;0;9.86
400;RULT;482;0;0;0;9.86
400;RULT;480;0;0;0;9.86
400;RULT;479;0;0;0;9.86
400;RULT;478;0;0;0;9.86
400;RULT;477;0;0;0;9.86
400;RULT;477;0;0;0;9.86
400;RULT;477;0;0;0;9.86
400;RULT;484;0;0;0;9.86
400;RULT;479;0;0;0;9.86
400;RULT;478;0;0;0;9.86
400;RULT;479;0;0;0;9.86
400;RULT;477;0;0;0;9.86
400;RULT;478;0;0;0;9.86
400;RULT;483;0;0;0;9.86
400;RULT;480;0;0;0;9.86
400;RULT;482;0;0;0;9.86
400;RULT;480;0;0;0;9.86
400;RULT;466;0;0;0;9.44
400;RULT;467;0;0;0;9.44
400;RULT;467;0;0;0;9.44
400;RULT;466;0;0;0;9.44
400;RULT;467;0;0;0;9.44
400;RULT;467;0;0;0;9.44
400;RULT;471;0;0;0;9.44
400;RULT;466;0;0;0;9.44
400;RULT;468;0;0;0;9.44
400;RULT;466;0;0;0;9.44
400;RULT;466;0;0;0;9.44
400;RULT;467;0;0;0;9.44
400;RULT;467;0;0;0;9.44
400;RULT;467;0;0;0;9.44
400;RULT;468;0;0;0;9.44
400;RULT;467;0;0;0;9.44
400;RULT;468;0;0;0;9.44
400;RULT;467;0;0;0;9.44
400;RULT;467;0;0;0;9.44
400;RULT;473;0;0;0;9.44
400;ILP;54192;0;0;0;0.00
400;ILP;50578;0;0;0;0.00
400;ILP;50133;0;0;0;0.00
400;ILP;50023;0;0;0;0.00
400;ILP;50063;0;0;0;0.00
400;ILP;50118;0;0;0;0.00
400;ILP;50244;0;0;0;0.00
400;ILP;50977;0;0;0;0.00
400;ILP;50121;0;0;0;0.00
400;ILP;50047;0;0;0;0.00
400;ILP;50210;0;0;0;0.00
400;ILP;50117;0;0;0;0.00
400;ILP;50053;0;0;0;0.00
400;ILP;50463;0;0;0;0.00
400;ILP;50457;0;0;0;0.00
400;ILP;50484;0;0;0;0.00
400;ILP;50273;0;0;0;0.00
400;ILP;49945;0;0;0;0.00
400;ILP;50386;0;0;0;0.00
400;ILP;50324;0;0;0;0.00
400;ILP;58244;0;0;0;0.00
400;ILP;52770;0;0;0;0.00
400;ILP;53214;0;0;0;0.00
400;ILP;52223;0;0;0;0.00
400;ILP;52137;0;0;0;0.00
400;ILP;52932;0;0;0;0.00
400;ILP;53938;0;0;0;0.00
400;ILP;54013;0;0;0;0.00
400;ILP;52381;0;0;0;0.00
400;ILP;52520;0;0;0;0.00
400;ILP;52524;0;0;0;0.00
400;ILP;52399;0;0;0;0.00
400;ILP;52491;0;0;0;0.00
400;ILP;52030;0;0;0;0.00
400;ILP;52498;0;0;0;0.00
400;ILP;52419;0;0;0;0.00
400;ILP;52587;0;0;0;0.00
400;ILP;52614;0;0;0;0.00
400;ILP;51994;0;0;0;0.00
400;ILP;52487;0;0;0;0.00
400;CP;36192;0;0;0;0.00
400;CP;35650;0;0;0;0.00
400;CP;35332;0;0;0;0.00
400;CP;35499;0;0;0;0.00
400;CP;35037;0;0;0;0.00
400;CP;35448;0;0;0;0.00
400;CP;35597;0;0;0;0.00
400;CP;35633;0;0;0;0.00
400;CP;35720;0;0;0;0.00
400;CP;35635;0;0;0;0.00
400;CP;35519;0;0;0;0.00
400;CP;35491;0;0;0;0.00
400;CP;35013;0;0;0;0.00
400;CP;35410;0;0;0;0.00
400;CP;35313;0;0;0;0.00
400;CP;35241;0;0;0;0.00
400;CP;35311;0;0;0;0.00
400;CP;35753;0;0;0;0.00
400;CP;35110;0;0;0;0.00
400;CP;35433;0;0;0;0.00
400;CP;39559;0;0;0;0.00
400;CP;38402;0;0;0;0.00
400;CP;38113;0;0;0;0.00
400;CP;38548;0;0;0;0.00
400;CP;38453;0;0;0;0.00
400;CP;37750;0;0;0;0.00
400;CP;38282;0;0;0;0.00
400;CP;38114;0;0;0;0.00
400;CP;38267;0;0;0;0.00
400;CP;38211;0;0;0;0.00
400;CP;38061;0;0;0;0.00
400;CP;38066;0;0;0;0.00
400;CP;38331;0;0;0;0.00
400;CP;38085;0;0;0;0.00
400;CP;38308;0;0;0;0.00
400;CP;38308;0;0;0;0.00
400;CP;38254;0;0;0;0.00
400;CP;38299;0;0;0;0.00
400;CP;37941;0;0;0;0.00
400;CP;37315;0;0;0;0.00
400;SCP;14533;0;0;0;0.00
400;SCP;14717;0;0;0;0.00
400;SCP;14449;0;0;0;0.00
400;SCP;14593;0;0;0;0.00
400;SCP;14523;0;0;0;0.00
400;SCP;14623;0;0;0;0.00
400;SCP;14447;0;0;0;0.00
400;SCP;14361;0;0;0;0.00
400;SCP;14401;0;0;0;0.00
400;SCP;14400;0;0;0;0.00
400;SCP;14341;0;0;0;0.00
400;SCP;14330;0;0;0;0.00
400;SCP;14442;0;0;0;0.00
400;SCP;14387;0;0;0;0.00
400;SCP;14611;0;0;0;0.00
400;SCP;14350;0;0;0;0.00
400;SCP;14592;0;0;0;0.00
400;SCP;14568;0;0;0;0.00
400;SCP;14373;0;0;0;0.00
400;SCP;14404;0;0;0;0.00
400;SCP;14826;0;0;0;0.00
400;SCP;14595;0;0;0;0.00
400;SCP;14807;0;0;0;0.00
400;SCP;14619;0;0;0;0.00
400;SCP;14811;0;0;0;0.00
400;SCP;14808;0;0;0;0.00
400;SCP;14706;0;0;0;0.00
400;SCP;14809;0;0;0;0.00
400;SCP;14545;0;0;0;0.00
400;SCP;14839;0;0;0;0.00
400;SCP;14562;0;0;0;0.00
400;SCP;14820;0;0;0;0.00
400;SCP;14751;0;0;0;0.00
400;SCP;14631;0;0;0;0.00
400;SCP;14651;0;0;0;0.00
400;SCP;14828;0;0;0;0.00
400;SCP;14965;0;0;0;0.00
400;SCP;15093;0;0;0;0.00
400;SCP;14994;0;0;0;0.00
400;SCP;15027;0;0;0;0.00
400;KAB;157753;0;0;0;0.00
400;KAB;166442;0;0;0;0.00
400;KAB;165465;0;0;0;0.00
400;KAB;165488;0;0;0;0.00
400;KAB;165946;0;0;0;0.00
400;KAB;165029;0;0;0;0.00
400;KAB;164692;0;0;0;0.00
400;KAB;164110;0;0;0;0.00
400;KAB;164212;0;0;0;0.00
400;KAB;163141;0;0;0;0.00
400;KAB;163144;0;0;0;0.00
400;KAB;162161;0;0;0;0.00
400;KAB;162122;0;0;0;0.00
400;KAB;162906;0;0;0;0.00
400;KAB;162639;0;0;0;0.00
400;KAB;162872;0;0;0;0.00
400;KAB;163644;0;0;0;0.00
400;KAB;163978;0;0;0;0.00
400;KAB;163325;0;0;0;0.00
400;KAB;161861;0;0;0;0.00
400;KAB;159216;0;0;0;0.00
400;KAB;158939;0;0;0;0.00
400;KAB;159540;0;0;0;0.00
400;KAB;158884;0;0;0;0.00
400;KAB;158745;0;0;0;0.00
400;KAB;158543;0;0;0;0.00
400;KAB;158686;0;0;0;0.00
400;KAB;158887;0;0;0;0.00
400;KAB;158532;0;0;0;0.00
400;KAB;158538;0;0;0;0.00
400;KAB;158598;0;0;0;0.00
400;KAB;158399;0;0;0;0.00
400;KAB;158115;0;0;0;0.00
400;KAB;158255;0;0;0;0.00
400;KAB;157668;0;0;0;0.00
400;KAB;157007;0;0;0;0.00
400;KAB;156493;0;0;0;0.00
400;KAB;155941;0;0;0;0.00
400;KAB;155291;0;0;0;0.00
400;KAB;154746;0;0;0;0.00
400;BFDC;46;0;0;0;1.99
400;BFDC;44;0;0;0;1.99
400;BFDC;44;0;0;0;1.99
400;BFDC;43;0;0;0;1.99
400;BFDC;44;0;0;0;1.99
400;BFDC;42;0;0;0;1.99
400;BFDC;42;0;0;0;1.99
400;BFDC;42;0;0;0;1.99
400;BFDC;42;0;0;0;1.99
400;BFDC;42;0;0;0;1.99
400;BFDC;42;0;0;0;1.99
400;BFDC;42;0;0;0;1.99
400;BFDC;42;0;0;0;1.99
400;BFDC;42;0;0;0;1.99
400;BFDC;48;0;0;0;1.99
400;BFDC;42;0;0;0;1.99
400;BFDC;42;0;0;0;1.99
400;BFDC;42;0;0;0;1.99
400;BFDC;42;0;0;0;1.99
400;BFDC;42;0;0;0;1.99
400;BFDC;52;0;0;0;2.29
400;BFDC;50;0;0;0;2.29
400;BFDC;49;0;0;0;2.29
400;BFDC;49;0;0;0;2.29
400;BFDC;48;0;0;0;2.29
400;BFDC;48;0;0;0;2.29
400;BFDC;48;0;0;0;2.29
400;BFDC;48;0;0;0;2.29
400;BFDC;48;0;0;0;2.29
400;BFDC;48;0;0;0;2.29
400;BFDC;48;0;0;0;2.29
400;BFDC;48;0;0;0;2.29
400;BFDC;48;0;0;0;2.29
400;BFDC;48;0;0;0;2.29
400;BFDC;48;0;0;0;2.29
400;BFDC;48;0;0;0;2.29
400;BFDC;48;0;0;0;2.29
400;BFDC;48;0;0;0;2.29
400;BFDC;48;0;0;0;2.29
400;BFDC;48;0;0;0;2.29
400;CRA;9263;0;0;0;152.00
400;CRA;9164;0;0;0;152.00
400;CRA;9155;0;0;0;152.00
400;CRA;9149;0;0;0;152.00
400;CRA;9149;0;0;0;152.00
400;CRA;9147;0;0;0;152.00
400;CRA;9156;0;0;0;152.00
400;CRA;9136;0;0;0;152.00
400;CRA;9145;0;0;0;152.00
400;CRA;9149;0;0;0;152.00
400;CRA;9145;0;0;0;152.00
400;CRA;9144;0;0;0;152.00
400;CRA;9159;0;0;0;152.00
400;CRA;9140;0;0;0;152.00
400;CRA;9149;0;0;0;152.00
400;CRA;9146;0;0;0;152.00
400;CRA;9154;0;0;0;152.00
400;CRA;9150;0;0;0;152.00
400;CRA;9149;0;0;0;152.00
400;CRA;9151;0;0;0;152.00
400;CRA;11503;0;0;0;180.30
400;CRA;11348;0;0;0;180.30
400;CRA;11353;0;0;0;180.30
400;CRA;11335;0;0;0;180.30
400;CRA;11355;0;0;0;180.30
400;CRA;11348;0;0;0;180.30
400;CRA;11426;0;0;0;180.30
400;CRA;11449;0;0;0;180.30
400;CRA;11467;0;0;0;180.30
400;CRA;11461;0;0;0;180.30
400;CRA;11444;0;0;0;180.30
400;CRA;11394;0;0;0;180.30
400;CRA;11350;0;0;0;180.30
400;CRA;11361;0;0;0;180.30
400;CRA;11339;0;0;0;180.30
400;CRA;11346;0;0;0;180.30
400;CRA;11342;0;0;0;180.30
400;CRA;11370;0;0;0;180.30
400;CRA;11357;0;0;0;180.30
400;CRA;11356;0;0;0;180.30
25600;RULT;78005;0;0;0;10.61
25600;RULT;76267;0;0;0;10.61
25600;RULT;76217;0;0;0;10.61
25600;RULT;76042;0;0;0;10.61
25600;RULT;86971;0;0;0;10.61
25600;RULT;76337;0;0;0;10.61
25600;RULT;76224;0;0;0;10.61
25600;RULT;76083;0;0;0;10.61
25600;RULT;76239;0;0;0;10.61
25600;RULT;76251;0;0;0;10.61
25600;RULT;76192;0;0;0;10.61
25600;RULT;76166;0;0;0;10.61
25600;RULT;76125;0;0;0;10.61
25600;RULT;76093;0;0;0;10.61
25600;RULT;76071;0;0;0;10.61
25600;RULT;76081;0;0;0;10.61
25600;RULT;76136;0;0;0;10.61
25600;RULT;76118;0;0;0;10.61
25600;RULT;80753;0;0;0;10.61
25600;RULT;76312;0;0;0;10.61
25600;RULT;24843;0;0;0;4.54
25600;RULT;23892;0;0;0;4.54
25600;RULT;23757;0;0;0;4.54
25600;RULT;23790;0;0;0;4.54
25600;RULT;23766;0;0;0;4.54
25600;RULT;23769;0;0;0;4.54
25600;RULT;23747;0;0;0;4.54
25600;RULT;23739;0;0;0;4.54
25600;RULT;23700;0;0;0;4.54
25600;RULT;23691;0;0;0;4.54
25600;RULT;23703;0;0;0;4.54
25600;RULT;23751;0;0;0;4.54
25600;RULT;23683;0;0;0;4.54
25600;RULT;23747;0;0;0;4.54
25600;RULT;23708;0;0;0;4.54
25600;RULT;23743;0;0;0;4.54
25600;RULT;23705;0;0;0;4.54
25600;RULT;23756;0;0;0;4.54
25600;RULT;23733;0;0;0;4.54
25600;RULT;23705;0;0;0;4.54
25600;ILP;2330183;0;0;1;0.00
25600;ILP;2349934;0;0;1;0.00
25600;ILP;2347672;0;0;1;0.00
25600;ILP;2342176;0;0;1;0.00
25600;ILP;2338691;0;0;1;0.00
25600;ILP;2344302;0;0;1;0.00
25600;ILP;2345068;0;0;1;0.00
25600;ILP;2346707;0;0;1;0.00
25600;ILP;2355765;0;0;1;0.00
25600;ILP;2353569;0;0;1;0.00
25600;ILP;2325960;0;0;1;0.00
25600;ILP;2336569;0;0;1;0.00
25600;ILP;2343594;0;0;1;0.00
25600;ILP;2326328;0;0;1;0.00
25600;ILP;2341051;0;0;1;0.00
25600;ILP;2340564;0;0;1;0.00
25600;ILP;2343202;0;0;1;0.00
25600;ILP;2340109;0;0;1;0.00
25600;ILP;2335189;0;0;1;0.00
25600;ILP;2355515;0;0;1;0.00
25600;ILP;659558;0;0;0;0.00
25600;ILP;648680;0;0;0;0.00
25600;ILP;649023;0;0;0;0.00
25600;ILP;647808;0;0;0;0.00
25600;ILP;648232;0;0;0;0.00
25600;ILP;648429;0;0;0;0.00
25600;ILP;654456;0;0;0;0.00
25600;ILP;654769;0;0;0;0.00
25600;ILP;650199;0;0;0;0.00
25600;ILP;657235;0;0;0;0.00
25600;ILP;655055;0;0;0;0.00
25600;ILP;655505;0;0;0;0.00
25600;ILP;655768;0;0;0;0.00
25600;ILP;654454;0;0;0;0.00
25600;ILP;656047;0;0;0;0.00
25600;ILP;655339;0;0;0;0.00
25600;ILP;651396;0;0;0;0.00
25600;ILP;657094;0;0;0;0.00
25600;ILP;655740;0;0;0;0.00
25600;ILP;648238;0;0;0;0.00
25600;SCP;1490232;0;0;0;0.00
25600;SCP;1495841;0;0;0;0.00
25600;SCP;1494351;0;0;0;0.00
25600;SCP;1486486;0;0;0;0.00
25600;SCP;1491896;0;0;0;0.00
25600;SCP;1490169;0;0;0;0.00
25600;SCP;1489214;0;0;0;0.00
25600;SCP;1501339;0;0;0;0.00
25600;SCP;1497370;0;0;0;0.00
25600;SCP;1485051;0;0;0;0.00
25600;SCP;1506870;0;0;0;0.00
25600;SCP;1494294;0;0;0;0.00
25600;SCP;1496720;0;0;0;0.00
25600;SCP;1507360;0;0;0;0.00
25600;SCP;1496305;0;0;0;0.00
25600;SCP;1490466;0;0;0;0.00
25600;SCP;1503006;0;0;0;0.00
25600;SCP;1494980;0;0;0;0.00
25600;SCP;1490088;0;0;0;0.00
25600;SCP;1497484;0;0;0;0.00
25600;SCP;1570839;0;0;0;0.00
25600;SCP;1563770;0;0;0;0.00
25600;SCP;1570691;0;0;0;0.00
25600;SCP;1559122;0;0;0;0.00
25600;SCP;1563963;0;0;0;0.00
25600;SCP;1562453;0;0;0;0.00
25600;SCP;1572866;0;0;0;0.00
25600;SCP;1562063;0;0;0;0.00
25600;SCP;1560888;0;0;0;0.00
25600;SCP;1556184;0;0;0;0.00
25600;SCP;1561597;0;0;0;0.00
25600;SCP;1559154;0;0;0;0.00
25600;SCP;1563382;0;0;0;0.00
25600;SCP;1571677;0;0;0;0.00
25600;SCP;1560010;0;0;0;0.00
25600;SCP;1568675;0;0;0;0.00
25600;SCP;1564224;0;0;0;0.00
25600;SCP;1572602;0;0;0;0.00
25600;SCP;1555555;0;0;0;0.00
25600;SCP;1570956;0;0;0;0.00
25600;BFDC;6367;0;0;0;2.81
25600;BFDC;6268;0;0;0;2.81
25600;BFDC;6268;0;0;0;2.81
25600;BFDC;6268;0;0;0;2.81
25600;BFDC;6265;0;0;0;2.81
25600;BFDC;6280;0;0;0;2.81
25600;BFDC;6260;0;0;0;2.81
25600;BFDC;6269;0;0;0;2.81
25600;BFDC;6266;0;0;0;2.81
25600;BFDC;6264;0;0;0;2.81
25600;BFDC;6261;0;0;0;2.81
25600;BFDC;6265;0;0;0;2.81
25600;BFDC;6261;0;0;0;2.81
25600;BFDC;6260;0;0;0;2.81
25600;BFDC;6268;0;0;0;2.81
25600;BFDC;6261;0;0;0;2.81
25600;BFDC;6261;0;0;0;2.81
25600;BFDC;6256;0;0;0;2.81
25600;BFDC;6261;0;0;0;2.81
25600;BFDC;6260;0;0;0;2.81
25600;BFDC;6521;0;0;0;2.82
25600;BFDC;6409;0;0;0;2.82
25600;BFDC;6413;0;0;0;2.82
25600;BFDC;6408;0;0;0;2.82
25600;BFDC;6469;0;0;0;2.82
25600;BFDC;6410;0;0;0;2.82
25600;BFDC;6412;0;0;0;2.82
25600;BFDC;6414;0;0;0;2.82
25600;BFDC;6409;0;0;0;2.82
25600;BFDC;6420;0;0;0;2.82
25600;BFDC;6419;0;0;0;2.82
25600;BFDC;6406;0;0;0;2.82
25600;BFDC;6431;0;0;0;2.82
25600;BFDC;6438;0;0;0;2.82
25600;BFDC;6405;0;0;0;2.82
25600;BFDC;6405;0;0;0;2.82
25600;BFDC;6410;0;0;0;2.82
25600;BFDC;6417;0;0;0;2.82
25600;BFDC;6426;0;0;0;2.82
25600;BFDC;6415;0;0;0;2.82
800;ULT;450038;0;0;0;829.00
800;ULT;450008;0;0;0;829.00
800;ULT;450610;0;0;0;829.00
800;ULT;450627;0;0;0;829.00
800;ULT;450620;0;0;0;829.00
800;ULT;450400;0;0;0;829.00
800;ULT;451727;0;0;0;829.00
800;ULT;450139;0;0;0;829.00
800;ULT;450495;0;0;0;829.00
800;ULT;450870;0;0;0;829.00
800;ULT;450696;0;0;0;829.00
800;ULT;450560;0;0;0;829.00
800;ULT;451102;0;0;0;829.00
800;ULT;450403;0;0;0;829.00
800;ULT;450938;0;0;0;829.00
800;ULT;450646;0;0;0;829.00
800;ULT;450912;0;0;0;829.00
800;ULT;450684;0;0;0;829.00
800;ULT;448471;0;0;0;829.00
800;ULT;451991;0;0;0;829.00
800;ULT;443998;0;0;0;819.59
800;ULT;447899;0;0;0;819.59
800;ULT;448110;0;0;0;819.59
800;ULT;447944;0;0;0;819.59
800;ULT;447876;0;0;0;819.59
800;ULT;446867;0;0;0;819.59
800;ULT;447528;0;0;0;819.59
800;ULT;447893;0;0;0;819.59
800;ULT;448246;0;0;0;819.59
800;ULT;448266;0;0;0;819.59
800;ULT;447967;0;0;0;819.59
800;ULT;447950;0;0;0;819.59
800;ULT;447160;0;0;0;819.59
800;ULT;447046;0;0;0;819.59
800;ULT;447801;0;0;0;819.59
800;ULT;447503;0;0;0;819.59
800;ULT;448308;0;0;0;819.59
800;ULT;448057;0;0;0;819.59
800;ULT;447895;0;0;0;819.59
800;ULT;446884;0;0;0;819.59
800;RULT;529;0;0;0;6.71
800;RULT;527;0;0;0;6.71
800;RULT;529;0;0;0;6.71
800;RULT;530;0;0;0;6.71
800;RULT;534;0;0;0;6.71
800;RULT;528;0;0;0;6.71
800;RULT;527;0;0;0;6.71
800;RULT;529;0;0;0;6.71
800;RULT;527;0;0;0;6.71
800;RULT;535;0;0;0;6.71
800;RULT;531;0;0;0;6.71
800;RULT;528;0;0;0;6.71
800;RULT;530;0;0;0;6.71
800;RULT;529;0;0;0;6.71
800;RULT;535;0;0;0;6.71
800;RULT;531;0;0;0;6.71
800;RULT;528;0;0;0;6.71
800;RULT;528;0;0;0;6.71
800;RULT;529;0;0;0;6.71
800;RULT;533;0;0;0;6.71
800;RULT;517;0;0;0;6.37
800;RULT;517;0;0;0;6.37
800;RULT;517;0;0;0;6.37
800;RULT;522;0;0;0;6.37
800;RULT;516;0;0;0;6.37
800;RULT;517;0;0;0;6.37
800;RULT;517;0;0;0;6.37
800;RULT;515;0;0;0;6.37
800;RULT;517;0;0;0;6.37
800;RULT;514;0;0;0;6.37
800;RULT;516;0;0;0;6.37
800;RULT;515;0;0;0;6.37
800;RULT;515;0;0;0;6.37
800;RULT;521;0;0;0;6.37
800;RULT;517;0;0;0;6.37
800;RULT;515;0;0;0;6.37
800;RULT;514;0;0;0;6.37
800;RULT;516;0;0;0;6.37
800;RULT;517;0;0;0;6.37
800;RULT;516;0;0;0;6.37
800;ILP;42531;0;0;0;0.00
800;ILP;47673;0;0;0;0.00
800;ILP;43344;0;0;0;0.00
800;ILP;42756;0;0;0;0.00
800;ILP;42203;0;0;0;0.00
800;ILP;42083;0;0;0;0.00
800;ILP;42311;0;0;0;0.00
800;ILP;42288;0;0;0;0.00
800;ILP;41941;0;0;0;0.00
800;ILP;42434;0;0;0;0.00
800;ILP;42190;0;0;0;0.00
800;ILP;41577;0;0;0;0.00
800;ILP;42242;0;0;0;0.00
800;ILP;42001;0;0;0;0.00
800;ILP;42022;0;0;0;0.00
800;ILP;42169;0;0;0;0.00
800;ILP;42294;0;0;0;0.00
800;ILP;41915;0;0;0;0.00
800;ILP;42193;0;0;0;0.00
800;ILP;41872;0;0;0;0.00
800;ILP;15455;0;0;0;0.00
800;ILP;13850;0;0;0;0.00
800;ILP;14304;0;0;0;0.00
800;ILP;14332;0;0;0;0.00
800;ILP;13679;0;0;0;0.00
800;ILP;13900;0;0;0;0.00
800;ILP;14360;0;0;0;0.00
800;ILP;14128;0;0;0;0.00
800;ILP;13834;0;0;0;0.00
800;ILP;13942;0;0;0;0.00
800;ILP;13652;0;0;0;0.00
800;ILP;13685;0;0;0;0.00
800;ILP;13584;0;0;0;0.00
800;ILP;13581;0;0;0;0.00
800;ILP;13556;0;0;0;0.00
800;ILP;13573;0;0;0;0.00
800;ILP;13992;0;0;0;0.00
800;ILP;13935;0;0;0;0.00
800;ILP;13872;0;0;0;0.00
800;ILP;13973;0;0;0;0.00
800;CP;80075;0;0;0;0.00
800;CP;76018;0;0;0;0.00
800;CP;75274;0;0;0;0.00
800;CP;74833;0;0;0;0.00
800;CP;75215;0;0;0;0.00
800;CP;75245;0;0;0;0.00
800;CP;76275;0;0;0;0.00
800;CP;73175;0;0;0;0.00
800;CP;72552;0;0;0;0.00
800;CP;74507;0;0;0;0.00
800;CP;74904;0;0;0;0.00
800;CP;74713;0;0;0;0.00
800;CP;75411;0;0;0;0.00
800;CP;75079;0;0;0;0.00
800;CP;74559;0;0;0;0.00
800;CP;74914;0;0;0;0.00
800;CP;75095;0;0;0;0.00
800;CP;75565;0;0;0;0.00
800;CP;74867;0;0;0;0.00
800;CP;74856;0;0;0;0.00
800;CP;80945;0;0;0;0.00
800;CP;76346;0;0;0;0.00
800;CP;76266;0;0;0;0.00
800;CP;76099;0;0;0;0.00
800;CP;76107;0;0;0;0.00
800;CP;76061;0;0;0;0.00
800;CP;75997;0;0;0;0.00
800;CP;75991;0;0;0;0.00
800;CP;77047;0;0;0;0.00
800;CP;75541;0;0;0;0.00
800;CP;75599;0;0;0;0.00
800;CP;76062;0;0;0;0.00
800;CP;76273;0;0;0;0.00
800;CP;75869;0;0;0;0.00
800;CP;75894;0;0;0;0.00
800;CP;75799;0;0;0;0.00
800;CP;76105;0;0;0;0.00
800;CP;76276;0;0;0;0.00
800;CP;76673;0;0;0;0.00
800;CP;75197;0;0;0;0.00
800;SCP;28837;0;0;0;0.00
800;SCP;29458;0;0;0;0.00
800;SCP;29031;0;0;0;0.00
800;SCP;29014;0;0;0;0.00
800;SCP;29251;0;0;0;0.00
800;SCP;29306;0;0;0;0.00
800;SCP;29116;0;0;0;0.00
800;SCP;29132;0;0;0;0.00
800;SCP;29011;0;0;0;0.00
800;SCP;29414;0;0;0;0.00
800;SCP;29288;0;0;0;0.00
800;SCP;29088;0;0;0;0.00
800;SCP;29261;0;0;0;0.00
800;SCP;29242;0;0;0;0.00
800;SCP;29101;0;0;0;0.00
800;SCP;29121;0;0;0;0.00
800;SCP;29441;0;0;0;0.00
800;SCP;29265;0;0;0;0.00
800;SCP;29312;0;0;0;0.00
800;SCP;29285;0;0;0;0.00
800;SCP;29169;0;0;0;0.00
800;SCP;29563;0;0;0;0.00
800;SCP;29240;0;0;0;0.00
800;SCP;29224;0;0;0;0.00
800;SCP;29194;0;0;0;0.00
800;SCP;28928;0;0;0;0.00
800;SCP;29516;0;0;0;0.00
800;SCP;29143;0;0;0;0.00
800;SCP;29741;0;0;0;0.00
800;SCP;29571;0;0;0;0.00
800;SCP;28529;0;0;0;0.00
800;SCP;28212;0;0;0;0.00
800;SCP;28532;0;0;0;0.00
800;SCP;28626;0;0;0;0.00
800;SCP;28532;0;0;0;0.00
800;SCP;29219;0;0;0;0.00
800;SCP;28862;0;0;0;0.00
800;SCP;28796;0;0;0;0.00
800;SCP;28635;0;0;0;0.00
800;SCP;28795;0;0;0;0.00
800;KAB;743113;0;0;0;0.00
800;KAB;748563;0;0;0;0.00
800;KAB;745702;0;0;0;0.00
800;KAB;745201;0;0;0;0.00
800;KAB;745844;0;0;0;0.00
800;KAB;749112;0;0;0;0.00
800;KAB;744096;0;0;0;0.00
800;KAB;747425;0;0;0;0.00
800;KAB;747214;0;0;0;0.00
800;KAB;744836;0;0;0;0.00
800;KAB;747565;0;0;0;0.00
800;KAB;747923;0;0;0;0.00
800;KAB;745121;0;0;0;0.00
800;KAB;747934;0;0;0;0.00
800;KAB;748723;0;0;0;0.00
800;KAB;743336;0;0;0;0.00
800;KAB;748095;0;0;0;0.00
800;KAB;745368;0;0;0;0.00
800;KAB;743666;0;0;0;0.00
800;KAB;747010;0;0;0;0.00
800;KAB;986132;0;0;0;0.00
800;KAB;985194;0;0;0;0.00
800;KAB;987267;0;0;0;0.00
800;KAB;987543;0;0;0;0.00
800;KAB;979093;0;0;0;0.00
800;KAB;988300;0;0;0;0.00
800;KAB;983193;0;0;0;0.00
800;KAB;987526;0;0;0;0.00
800;KAB;985175;0;0;0;0.00
800;KAB;987635;0;0;0;0.00
800;KAB;984845;0;0;0;0.00
800;KAB;986943;0;0;0;0.00
800;KAB;987523;0;0;0;0.00
800;KAB;986625;0;0;0;0.00
800;KAB;986873;0;0;0;0.00
800;KAB;978915;0;0;0;0.00
800;KAB;986691;0;0;0;0.00
800;KAB;982631;0;0;0;0.00
800;KAB;987755;0;0;0;0.00
800;KAB;985598;0;0;0;0.00
800;BFDC;75;0;0;0;1.52
800;BFDC;73;0;0;0;1.52
800;BFDC;72;0;0;0;1.52
800;BFDC;72;0;0;0;1.52
800;BFDC;74;0;0;0;1.52
800;BFDC;73;0;0;0;1.52
800;BFDC;73;0;0;0;1.52
800;BFDC;71;0;0;0;1.52
800;BFDC;72;0;0;0;1.52
800;BFDC;72;0;0;0;1.52
800;BFDC;72;0;0;0;1.52
800;BFDC;72;0;0;0;1.52
800;BFDC;72;0;0;0;1.52
800;BFDC;72;0;0;0;1.52
800;BFDC;72;0;0;0;1.52
800;BFDC;72;0;0;0;1.52
800;BFDC;72;0;0;0;1.52
800;BFDC;72;0;0;0;1.52
800;BFDC;72;0;0;0;1.52
800;BFDC;72;0;0;0;1.52
800;BFDC;72;0;0;0;1.46
800;BFDC;69;0;0;0;1.46
800;BFDC;69;0;0;0;1.46
800;BFDC;69;0;0;0;1.46
800;BFDC;68;0;0;0;1.46
800;BFDC;68;0;0;0;1.46
800;BFDC;68;0;0;0;1.46
800;BFDC;68;0;0;0;1.46
800;BFDC;68;0;0;0;1.46
800;BFDC;68;0;0;0;1.46
800;BFDC;68;0;0;0;1.46
800;BFDC;68;0;0;0;1.46
800;BFDC;68;0;0;0;1.46
800;BFDC;68;0;0;0;1.46
800;BFDC;68;0;0;0;1.46
800;BFDC;68;0;0;0;1.46
800;BFDC;68;0;0;0;1.46
800;BFDC;68;0;0;0;1.46
800;BFDC;68;0;0;0;1.46
800;BFDC;73;0;0;0;1.46
800;CRA;3220;0;0;0;29.39
800;CRA;3193;0;0;0;29.39
800;CRA;3189;0;0;0;29.39
800;CRA;3174;0;0;0;29.39
800;CRA;3189;0;0;0;29.39
800;CRA;3200;0;0;0;29.39
800;CRA;3199;0;0;0;29.39
800;CRA;3202;0;0;0;29.39
800;CRA;3188;0;0;0;29.39
800;CRA;3186;0;0;0;29.39
800;CRA;3183;0;0;0;29.39
800;CRA;3184;0;0;0;29.39
800;CRA;3189;0;0;0;29.39
800;CRA;3182;0;0;0;29.39
800;CRA;3182;0;0;0;29.39
800;CRA;3184;0;0;0;29.39
800;CRA;3190;0;0;0;29.39
800;CRA;3193;0;0;0;29.39
800;CRA;3182;0;0;0;29.39
800;CRA;3184;0;0;0;29.39
800;CRA;9317;0;0;0;79.29
800;CRA;9220;0;0;0;79.29
800;CRA;9228;0;0;0;79.29
800;CRA;9219;0;0;0;79.29
800;CRA;9233;0;0;0;79.29
800;CRA;9225;0;0;0;79.29
800;CRA;9232;0;0;0;79.29
800;CRA;9230;0;0;0;79.29
800;CRA;9230;0;0;0;79.29
800;CRA;9224;0;0;0;79.29
800;CRA;9223;0;0;0;79.29
800;CRA;9231;0;0;0;79.29
800;CRA;9237;0;0;0;79.29
800;CRA;9228;0;0;0;79.29
800;CRA;9241;0;0;0;79.29
800;CRA;9243;0;0;0;79.29
800;CRA;9230;0;0;0;79.29
800;CRA;9226;0;0;0;79.29
800;CRA;9219;0;0;0;79.29
800;CRA;9246;0;0;0;79.29
12800;RULT;13488;0;0;0;5.43
12800;RULT;13361;0;0;0;5.43
12800;RULT;13282;0;0;0;5.43
12800;RULT;13038;0;0;0;5.43
12800;RULT;13264;0;0;0;5.43
12800;RULT;12994;0;0;0;5.43
12800;RULT;13202;0;0;0;5.43
12800;RULT;13104;0;0;0;5.43
12800;RULT;12858;0;0;0;5.43
12800;RULT;12403;0;0;0;5.43
12800;RULT;12205;0;0;0;5.43
12800;RULT;11786;0;0;0;5.43
12800;RULT;11557;0;0;0;5.43
12800;RULT;12729;0;0;0;5.43
12800;RULT;12145;0;0;0;5.43
12800;RULT;13263;0;0;0;5.43
12800;RULT;12918;0;0;0;5.43
12800;RULT;12266;0;0;0;5.43
12800;RULT;11941;0;0;0;5.43
12800;RULT;11814;0;0;0;5.43
12800;RULT;24197;0;0;0;8.49
12800;RULT;21457;0;0;0;8.49
12800;RULT;21421;0;0;0;8.49
12800;RULT;21420;0;0;0;8.49
12800;RULT;21412;0;0;0;8.49
12800;RULT;21408;0;0;0;8.49
12800;RULT;21416;0;0;0;8.49
12800;RULT;21378;0;0;0;8.49
12800;RULT;21363;0;0;0;8.49
12800;RULT;21368;0;0;0;8.49
12800;RULT;21345;0;0;0;8.49
12800;RULT;21357;0;0;0;8.49
12800;RULT;21344;0;0;0;8.49
12800;RULT;21339;0;0;0;8.49
12800;RULT;21303;0;0;0;8.49
12800;RULT;29477;0;0;0;8.49
12800;RULT;30651;0;0;0;8.49
12800;RULT;30627;0;0;0;8.49
12800;RULT;30351;0;0;0;8.49
12800;RULT;30420;0;0;0;8.49
12800;ILP;356883;0;0;0;0.00
12800;ILP;348348;0;0;0;0.00
12800;ILP;354562;0;0;0;0.00
12800;ILP;357354;0;0;0;0.00
12800;ILP;357390;0;0;0;0.00
12800;ILP;354015;0;0;0;0.00
12800;ILP;358687;0;0;0;0.00
12800;ILP;359965;0;0;0;0.00
12800;ILP;354957;0;0;0;0.00
12800;ILP;357778;0;0;0;0.00
12800;ILP;350848;0;0;0;0.00
12800;ILP;356344;0;0;0;0.00
12800;ILP;355286;0;0;0;0.00
12800;ILP;354985;0;0;0;0.00
12800;ILP;361230;0;0;0;0.00
12800;ILP;356369;0;0;0;0.00
12800;ILP;353396;0;0;0;0.00
12800;ILP;353213;0;0;0;0.00
12800;ILP;349077;0;0;0;0.00
12800;ILP;354097;0;0;0;0.00
12800;ILP;1590084;0;0;0;0.00
12800;ILP;1537629;0;0;0;0.00
12800;ILP;1478723;0;0;0;0.00
12800;ILP;1467435;0;0;0;0.00
12800;ILP;1472911;0;0;0;0.00
12800;ILP;1456115;0;0;0;0.00
12800;ILP;1464274;0;0;0;0.00
12800;ILP;1445661;0;0;0;0.00
12800;ILP;1447082;0;0;0;0.00
12800;ILP;1428459;0;0;0;0.00
12800;ILP;1596068;0;0;0;0.00
12800;ILP;1585211;0;0;0;0.00
12800;ILP;1463802;0;0;0;0.00
12800;ILP;1471442;0;0;0;0.00
12800;ILP;1465720;0;0;0;0.00
12800;ILP;1466081;0;0;0;0.00
12800;ILP;1458633;0;0;0;0.00
12800;ILP;1467695;0;0;0;0.00
12800;ILP;1440318;0;0;0;0.00
12800;ILP;1440089;0;0;0;0.00
12800;SCP;769291;0;0;0;0.00
12800;SCP;773306;0;0;0;0.00
12800;SCP;746924;0;0;0;0.00
12800;SCP;692445;0;0;0;0.00
12800;SCP;701231;0;0;0;0.00
12800;SCP;714831;0;0;0;0.00
12800;SCP;690797;0;0;0;0.00
12800;SCP;692041;0;0;0;0.00
12800;SCP;713509;0;0;0;0.00
12800;SCP;693663;0;0;0;0.00
12800;SCP;710578;0;0;0;0.00
12800;SCP;690419;0;0;0;0.00
12800;SCP;693948;0;0;0;0.00
12800;SCP;733569;0;0;0;0.00
12800;SCP;693047;0;0;0;0.00
12800;SCP;704097;0;0;0;0.00
12800;SCP;704744;0;0;0;0.00
12800;SCP;692800;0;0;0;0.00
12800;SCP;695479;0;0;0;0.00
12800;SCP;718245;0;0;0;0.00
12800;SCP;725192;0;0;0;0.00
12800;SCP;726269;0;0;0;0.00
12800;SCP;720260;0;0;0;0.00
12800;SCP;733954;0;0;0;0.00
12800;SCP;711614;0;0;0;0.00
12800;SCP;714664;0;0;0;0.00
12800;SCP;728573;0;0;0;0.00
12800;SCP;720983;0;0;0;0.00
12800;SCP;705021;0;0;0;0.00
12800;SCP;737940;0;0;0;0.00
12800;SCP;707846;0;0;0;0.00
12800;SCP;689883;0;0;0;0.00
12800;SCP;755929;0;0;0;0.00
12800;SCP;725325;0;0;0;0.00
12800;SCP;694024;0;0;0;0.00
12800;SCP;753333;0;0;0;0.00
12800;SCP;720877;0;0;0;0.00
12800;SCP;710947;0;0;0;0.00
12800;SCP;711173;0;0;0;0.00
12800;SCP;717601;0;0;0;0.00
12800;BFDC;1159;0;0;0;1.27
12800;BFDC;1142;0;0;0;1.27
12800;BFDC;1148;0;0;0;1.27
12800;BFDC;1142;0;0;0;1.27
12800;BFDC;1145;0;0;0;1.27
12800;BFDC;1141;0;0;0;1.27
12800;BFDC;1142;0;0;0;1.27
12800;BFDC;1143;0;0;0;1.27
12800;BFDC;1141;0;0;0;1.27
12800;BFDC;1143;0;0;0;1.27
12800;BFDC;1143;0;0;0;1.27
12800;BFDC;1144;0;0;0;1.27
12800;BFDC;1140;0;0;0;1.27
12800;BFDC;1141;0;0;0;1.27
12800;BFDC;1142;0;0;0;1.27
12800;BFDC;1141;0;0;0;1.27
12800;BFDC;1142;0;0;0;1.27
12800;BFDC;1149;0;0;0;1.27
12800;BFDC;1143;0;0;0;1.27
12800;BFDC;1150;0;0;0;1.27
12800;BFDC;2511;0;0;0;2.53
12800;BFDC;2504;0;0;0;2.53
12800;BFDC;2506;0;0;0;2.53
12800;BFDC;2499;0;0;0;2.53
12800;BFDC;2500;0;0;0;2.53
12800;BFDC;2497;0;0;0;2.53
12800;BFDC;2497;0;0;0;2.53
12800;BFDC;2502;0;0;0;2.53
12800;BFDC;2506;0;0;0;2.53
12800;BFDC;2502;0;0;0;2.53
12800;BFDC;2503;0;0;0;2.53
12800;BFDC;2500;0;0;0;2.53
12800;BFDC;2496;0;0;0;2.53
12800;BFDC;2496;0;0;0;2.53
12800;BFDC;2510;0;0;0;2.53
12800;BFDC;2502;0;0;0;2.53
12800;BFDC;2501;0;0;0;2.53
12800;BFDC;2503;0;0;0;2.53
12800;BFDC;2499;0;0;0;2.53
12800;BFDC;2497;0;0;0;2.53
12800;CRA;1894575;0;0;0;732.69
12800;CRA;1879785;0;0;0;732.69
12800;CRA;1886117;0;0;0;732.69
12800;CRA;1879199;0;0;0;732.69
12800;CRA;1889431;0;0;0;732.69
12800;CRA;1879698;0;0;0;732.69
12800;CRA;1886131;0;0;0;732.69
12800;CRA;1879474;0;0;0;732.69
12800;CRA;1878553;0;0;0;732.69
12800;CRA;1889463;0;0;0;732.69
12800;CRA;1880142;0;0;0;732.69
12800;CRA;1886399;0;0;0;732.69
12800;CRA;1879807;0;0;0;732.69
12800;CRA;1889710;0;0;0;732.69
12800;CRA;1878784;0;0;0;732.69
12800;CRA;1884898;0;0;0;732.69
12800;CRA;1877744;0;0;0;732.69
12800;CRA;1888351;0;0;0;732.69
12800;CRA;1877543;0;0;0;732.69
12800;CRA;1877134;0;0;0;732.69
12800;CRA;2002806;0;0;1;940.24
12800;CRA;2000361;0;0;1;938.53
12800;CRA;2002750;0;0;1;943.67
12800;CRA;2001301;0;0;1;938.53
12800;CRA;2002755;0;0;1;943.67
12800;CRA;2001699;0;0;1;940.24
12800;CRA;2003258;0;0;1;943.67
12800;CRA;2000903;0;0;1;948.81
12800;CRA;2002398;0;0;1;953.96
12800;CRA;2001199;0;0;1;950.53
12800;CRA;2002635;0;0;1;953.96
12800;CRA;2000798;0;0;1;948.81
12800;CRA;2001616;0;0;1;953.96
12800;CRA;2002121;0;0;1;950.53
12800;CRA;2001554;0;0;1;953.96
12800;CRA;2002442;0;0;1;953.96
12800;CRA;2000965;0;0;1;948.81
12800;CRA;2002848;0;0;1;953.96
12800;CRA;2001993;0;0;1;950.53
12800;CRA;2003094;0;0;1;953.96
6400;RULT;4793;0;0;0;5.16
6400;RULT;4466;0;0;0;5.16
6400;RULT;4469;0;0;0;5.16
6400;RULT;4468;0;0;0;5.16
6400;RULT;4471;0;0;0;5.16
6400;RULT;4466;0;0;0;5.16
6400;RULT;4471;0;0;0;5.16
6400;RULT;4473;0;0;0;5.16
6400;RULT;4469;0;0;0;5.16
6400;RULT;4465;0;0;0;5.16
6400;RULT;4471;0;0;0;5.16
6400;RULT;4473;0;0;0;5.16
6400;RULT;4474;0;0;0;5.16
6400;RULT;4478;0;0;0;5.16
6400;RULT;4470;0;0;0;5.16
6400;RULT;4470;0;0;0;5.16
6400;RULT;4474;0;0;0;5.16
6400;RULT;4467;0;0;0;5.16
6400;RULT;4471;0;0;0;5.16
6400;RULT;4467;0;0;0;5.16
6400;RULT;4831;0;0;0;5.28
6400;RULT;4553;0;0;0;5.28
6400;RULT;4560;0;0;0;5.28
6400;RULT;4551;0;0;0;5.28
6400;RULT;4570;0;0;0;5.28
6400;RULT;4554;0;0;0;5.28
6400;RULT;4555;0;0;0;5.28
6400;RULT;4553;0;0;0;5.28
6400;RULT;4556;0;0;0;5.28
6400;RULT;4557;0;0;0;5.28
6400;RULT;4559;0;0;0;5.28
6400;RULT;4555;0;0;0;5.28
6400;RULT;4554;0;0;0;5.28
6400;RULT;4552;0;0;0;5.28
6400;RULT;4552;0;0;0;5.28
6400;RULT;4561;0;0;0;5.28
6400;RULT;4548;0;0;0;5.28
6400;RULT;4560;0;0;0;5.28
6400;RULT;4561;0;0;0;5.28
6400;RULT;4563;0;0;0;5.28
6400;ILP;134285;0;0;0;0.00
6400;ILP;126585;0;0;0;0.00
6400;ILP;132962;0;0;0;0.00
6400;ILP;128263;0;0;0;0.00
6400;ILP;125955;0;0;0;0.00
6400;ILP;135501;0;0;0;0.00
6400;ILP;149263;0;0;0;0.00
6400;ILP;132800;0;0;0;0.00
6400;ILP;132856;0;0;0;0.00
6400;ILP;132362;0;0;0;0.00
6400;ILP;135124;0;0;0;0.00
6400;ILP;131894;0;0;0;0.00
6400;ILP;135204;0;0;0;0.00
6400;ILP;132543;0;0;0;0.00
6400;ILP;132915;0;0;0;0.00
6400;ILP;133010;0;0;0;0.00
6400;ILP;132946;0;0;0;0.00
6400;ILP;133840;0;0;0;0.00
6400;ILP;133592;0;0;0;0.00
6400;ILP;134120;0;0;0;0.00
6400;ILP;146052;0;0;0;0.00
6400;ILP;145455;0;0;0;0.00
6400;ILP;147059;0;0;0;0.00
6400;ILP;151291;0;0;0;0.00
6400;ILP;151238;0;0;0;0.00
6400;ILP;151245;0;0;0;0.00
6400;ILP;150944;0;0;0;0.00
6400;ILP;150977;0;0;0;0.00
6400;ILP;150119;0;0;0;0.00
6400;ILP;152517;0;0;0;0.00
6400;ILP;152320;0;0;0;0.00
6400;ILP;152724;0;0;0;0.00
6400;ILP;152950;0;0;0;0.00
6400;ILP;153286;0;0;0;0.00
6400;ILP;152173;0;0;0;0.00
6400;ILP;152949;0;0;0;0.00
6400;ILP;151082;0;0;0;0.00
6400;ILP;150377;0;0;0;0.00
6400;ILP;152802;0;0;0;0.00
6400;ILP;152922;0;0;0;0.00
6400;CP;1128665;0;0;0;0.00
6400;CP;1032004;0;0;0;0.00
6400;CP;1022732;0;0;0;0.00
6400;CP;1021864;0;0;0;0.00
6400;CP;1022404;0;0;0;0.00
6400;CP;1023314;0;0;0;0.00
6400;CP;1021117;0;0;0;0.00
6400;CP;1023084;0;0;0;0.00
6400;CP;1032335;0;0;0;0.00
6400;CP;1027695;0;0;0;0.00
6400;CP;1026170;0;0;0;0.00
6400;CP;1025679;0;0;0;0.00
6400;CP;1022984;0;0;0;0.00
6400;CP;1023127;0;0;0;0.00
6400;CP;1024496;0;0;0;0.00
6400;CP;1020879;0;0;0;0.00
6400;CP;1024321;0;0;0;0.00
6400;CP;1023699;0;0;0;0.00
6400;CP;1020480;0;0;0;0.00
6400;CP;1024012;0;0;0;0.00
6400;CP;1030994;0;0;0;0.00
6400;CP;1033597;0;0;0;0.00
6400;CP;1032038;0;0;0;0.00
6400;CP;1029034;0;0;0;0.00
6400;CP;1029799;0;0;0;0.00
6400;CP;1031477;0;0;0;0.00
6400;CP;1028776;0;0;0;0.00
6400;CP;1032802;0;0;0;0.00
6400;CP;1031265;0;0;0;0.00
6400;CP;1035443;0;0;0;0.00
6400;CP;1030122;0;0;0;0.00
6400;CP;1032708;0;0;0;0.00
6400;CP;1034553;0;0;0;0.00
6400;CP;1030437;0;0;0;0.00
6400;CP;1029604;0;0;0;0.00
6400;CP;1028246;0;0;0;0.00
6400;CP;1028633;0;0;0;0.00
6400;CP;1029262;0;0;0;0.00
6400;CP;1031357;0;0;0;0.00
6400;CP;1026371;0;0;0;0.00
6400;SCP;332189;0;0;0;0.00
6400;SCP;319428;0;0;0;0.00
6400;SCP;323555;0;0;0;0.00
6400;SCP;327360;0;0;0;0.00
6400;SCP;323878;0;0;0;0.00
6400;SCP;324321;0;0;0;0.00
6400;SCP;324712;0;0;0;0.00
6400;SCP;323320;0;0;0;0.00
6400;SCP;325314;0;0;0;0.00
6400;SCP;333918;0;0;0;0.00
6400;SCP;323694;0;0;0;0.00
6400;SCP;324141;0;0;0;0.00
6400;SCP;323732;0;0;0;0.00
6400;SCP;323410;0;0;0;0.00
6400;SCP;324955;0;0;0;0.00
6400;SCP;321934;0;0;0;0.00
6400;SCP;323562;0;0;0;0.00
6400;SCP;324457;0;0;0;0.00
6400;SCP;323441;0;0;0;0.00
6400;SCP;323040;0;0;0;0.00
6400;SCP;330967;0;0;0;0.00
6400;SCP;323142;0;0;0;0.00
6400;SCP;325377;0;0;0;0.00
6400;SCP;323669;0;0;0;0.00
6400;SCP;325201;0;0;0;0.00
6400;SCP;324970;0;0;0;0.00
6400;SCP;325660;0;0;0;0.00
6400;SCP;328376;0;0;0;0.00
6400;SCP;325435;0;0;0;0.00
6400;SCP;325347;0;0;0;0.00
6400;SCP;325185;0;0;0;0.00
6400;SCP;326172;0;0;0;0.00
6400;SCP;324172;0;0;0;0.00
6400;SCP;325385;0;0;0;0.00
6400;SCP;324757;0;0;0;0.00
6400;SCP;326223;0;0;0;0.00
6400;SCP;324858;0;0;0;0.00
6400;SCP;329046;0;0;0;0.00
6400;SCP;289738;0;0;0;0.00
6400;SCP;288934;0;0;0;0.00
6400;BFDC;867;0;0;0;1.91
6400;BFDC;867;0;0;0;1.91
6400;BFDC;861;0;0;0;1.91
6400;BFDC;861;0;0;0;1.91
6400;BFDC;866;0;0;0;1.91
6400;BFDC;861;0;0;0;1.91
6400;BFDC;861;0;0;0;1.91
6400;BFDC;869;0;0;0;1.91
6400;BFDC;860;0;0;0;1.91
6400;BFDC;858;0;0;0;1.91
6400;BFDC;864;0;0;0;1.91
6400;BFDC;861;0;0;0;1.91
6400;BFDC;859;0;0;0;1.91
6400;BFDC;864;0;0;0;1.91
6400;BFDC;860;0;0;0;1.91
6400;BFDC;859;0;0;0;1.91
6400;BFDC;868;0;0;0;1.91
6400;BFDC;859;0;0;0;1.91
6400;BFDC;860;0;0;0;1.91
6400;BFDC;869;0;0;0;1.91
6400;BFDC;638;0;0;0;1.46
6400;BFDC;634;0;0;0;1.46
6400;BFDC;641;0;0;0;1.46
6400;BFDC;635;0;0;0;1.46
6400;BFDC;634;0;0;0;1.46
6400;BFDC;633;0;0;0;1.46
6400;BFDC;635;0;0;0;1.46
6400;BFDC;635;0;0;0;1.46
6400;BFDC;634;0;0;0;1.46
6400;BFDC;640;0;0;0;1.46
6400;BFDC;634;0;0;0;1.46
6400;BFDC;633;0;0;0;1.46
6400;BFDC;633;0;0;0;1.46
6400;BFDC;641;0;0;0;1.46
6400;BFDC;633;0;0;0;1.46
6400;BFDC;635;0;0;0;1.46
6400;BFDC;634;0;0;0;1.46
6400;BFDC;635;0;0;0;1.46
6400;BFDC;634;0;0;0;1.46
6400;BFDC;633;0;0;0;1.46
6400;CRA;868578;0;0;0;703.13
6400;CRA;866083;0;0;0;703.13
6400;CRA;866109;0;0;0;703.13
6400;CRA;866196;0;0;0;703.13
6400;CRA;865736;0;0;0;703.13
6400;CRA;865761;0;0;0;703.13
6400;CRA;873520;0;0;0;703.13
6400;CRA;866335;0;0;0;703.13
6400;CRA;866199;0;0;0;703.13
6400;CRA;865905;0;0;0;703.13
6400;CRA;865877;0;0;0;703.13
6400;CRA;866166;0;0;0;703.13
6400;CRA;865872;0;0;0;703.13
6400;CRA;866165;0;0;0;703.13
6400;CRA;866377;0;0;0;703.13
6400;CRA;865842;0;0;0;703.13
6400;CRA;865969;0;0;0;703.13
6400;CRA;866056;0;0;0;703.13
6400;CRA;866178;0;0;0;703.13
6400;CRA;866108;0;0;0;703.13
6400;CRA;580653;0;0;0;463.42
6400;CRA;579168;0;0;0;463.42
6400;CRA;579188;0;0;0;463.42
6400;CRA;579496;0;0;0;463.42
6400;CRA;586960;0;0;0;463.42
6400;CRA;579440;0;0;0;463.42
6400;CRA;579518;0;0;0;463.42
6400;CRA;579716;0;0;0;463.42
6400;CRA;579583;0;0;0;463.42
6400;CRA;579746;0;0;0;463.42
6400;CRA;579688;0;0;0;463.42
6400;CRA;579695;0;0;0;463.42
6400;CRA;579565;0;0;0;463.42
6400;CRA;579260;0;0;0;463.42
6400;CRA;579268;0;0;0;463.42
6400;CRA;579135;0;0;0;463.42
6400;CRA;579159;0;0;0;463.42
6400;CRA;579511;0;0;0;463.42
6400;CRA;579626;0;0;0;463.42
6400;CRA;579415;0;0;0;463.42
200;ULT;17577;0;0;0;415.06
200;ULT;17652;0;0;0;415.06
200;ULT;17853;0;0;0;415.06
200;ULT;17847;0;0;0;415.06
200;ULT;17815;0;0;0;415.06
200;ULT;17495;0;0;0;415.06
200;ULT;17854;0;0;0;415.06
200;ULT;17814;0;0;0;415.06
200;ULT;17859;0;0;0;415.06
200;ULT;17350;0;0;0;415.06
200;ULT;17434;0;0;0;415.06
200;ULT;17808;0;0;0;415.06
200;ULT;17838;0;0;0;415.06
200;ULT;17744;0;0;0;415.06
200;ULT;17701;0;0;0;415.06
200;ULT;17709;0;0;0;415.06
200;ULT;17721;0;0;0;415.06
200;ULT;17691;0;0;0;415.06
200;ULT;17686;0;0;0;415.06
200;ULT;17682;0;0;0;415.06
200;ULT;16601;0;0;0;414.95
200;ULT;16684;0;0;0;414.95
200;ULT;17218;0;0;0;414.95
200;ULT;17389;0;0;0;414.95
200;ULT;25432;0;0;0;414.95
200;ULT;16636;0;0;0;414.95
200;ULT;17214;0;0;0;414.95
200;ULT;17565;0;0;0;414.95
200;ULT;17518;0;0;0;414.95
200;ULT;17535;0;0;0;414.95
200;ULT;17207;0;0;0;414.95
200;ULT;17595;0;0;0;414.95
200;ULT;17585;0;0;0;414.95
200;ULT;17474;0;0;0;414.95
200;ULT;17438;0;0;0;414.95
200;ULT;17455;0;0;0;414.95
200;ULT;17438;0;0;0;414.95
200;ULT;17480;0;0;0;414.95
200;ULT;17464;0;0;0;414.95
200;ULT;17562;0;0;0;414.95
200;RULT;240;0;0;0;10.50
200;RULT;238;0;0;0;10.50
200;RULT;237;0;0;0;10.50
200;RULT;235;0;0;0;10.50
200;RULT;236;0;0;0;10.50
200;RULT;235;0;0;0;10.50
200;RULT;235;0;0;0;10.50
200;RULT;234;0;0;0;10.50
200;RULT;234;0;0;0;10.50
200;RULT;234;0;0;0;10.50
200;RULT;241;0;0;0;10.50
200;RULT;235;0;0;0;10.50
200;RULT;235;0;0;0;10.50
200;RULT;235;0;0;0;10.50
200;RULT;234;0;0;0;10.50
200;RULT;235;0;0;0;10.50
200;RULT;235;0;0;0;10.50
200;RULT;233;0;0;0;10.50
200;RULT;235;0;0;0;10.50
200;RULT;234;0;0;0;10.50
200;RULT;220;0;0;0;8.68
200;RULT;214;0;0;0;8.68
200;RULT;213;0;0;0;8.68
200;RULT;211;0;0;0;8.68
200;RULT;212;0;0;0;8.68
200;RULT;212;0;0;0;8.68
200;RULT;212;0;0;0;8.68
200;RULT;210;0;0;0;8.68
200;RULT;210;0;0;0;8.68
200;RULT;211;0;0;0;8.68
200;RULT;211;0;0;0;8.68
200;RULT;211;0;0;0;8.68
200;RULT;211;0;0;0;8.68
200;RULT;211;0;0;0;8.68
200;RULT;212;0;0;0;8.68
200;RULT;210;0;0;0;8.68
200;RULT;211;0;0;0;8.68
200;RULT;213;0;0;0;8.68
200;RULT;212;0;0;0;8.68
200;RULT;212;0;0;0;8.68
200;ILP;24213;0;0;0;0.00
200;ILP;22491;0;0;0;0.00
200;ILP;22140;0;0;0;0.00
200;ILP;22134;0;0;0;0.00
200;ILP;22290;0;0;0;0.00
200;ILP;22213;0;0;0;0.00
200;ILP;22231;0;0;0;0.00
200;ILP;22277;0;0;0;0.00
200;ILP;22133;0;0;0;0.00
200;ILP;22411;0;0;0;0.00
200;ILP;22529;0;0;0;0.00
200;ILP;22236;0;0;0;0.00
200;ILP;22327;0;0;0;0.00
200;ILP;22487;0;0;0;0.00
200;ILP;22505;0;0;0;0.00
200;ILP;22417;0;0;0;0.00
200;ILP;22517;0;0;0;0.00
200;ILP;22366;0;0;0;0.00
200;ILP;22326;0;0;0;0.00
200;ILP;22186;0;0;0;0.00
200;ILP;25741;0;0;0;0.00
200;ILP;23664;0;0;0;0.00
200;ILP;23313;0;0;0;0.00
200;ILP;23673;0;0;0;0.00
200;ILP;23632;0;0;0;0.00
200;ILP;23728;0;0;0;0.00
200;ILP;23702;0;0;0;0.00
200;ILP;23477;0;0;0;0.00
200;ILP;23416;0;0;0;0.00
200;ILP;23763;0;0;0;0.00
200;ILP;23782;0;0;0;0.00
200;ILP;23820;0;0;0;0.00
200;ILP;23695;0;0;0;0.00
200;ILP;23473;0;0;0;0.00
200;ILP;23612;0;0;0;0.00
200;ILP;23490;0;0;0;0.00
200;ILP;23877;0;0;0;0.00
200;ILP;23589;0;0;0;0.00
200;ILP;23404;0;0;0;0.00
200;ILP;23815;0;0;0;0.00
200;CP;17465;0;0;0;0.00
200;CP;17415;0;0;0;0.00
200;CP;17334;0;0;0;0.00
200;CP;17335;0;0;0;0.00
200;CP;17282;0;0;0;0.00
200;CP;17288;0;0;0;0.00
200;CP;17228;0;0;0;0.00
200;CP;17790;0;0;0;0.00
200;CP;17785;0;0;0;0.00
200;CP;17520;0;0;0;0.00
200;CP;17870;0;0;0;0.00
200;CP;17463;0;0;0;0.00
200;CP;17252;0;0;0;0.00
200;CP;17269;0;0;0;0.00
200;CP;17247;0;0;0;0.00
200;CP;17261;0;0;0;0.00
200;CP;17301;0;0;0;0.00
200;CP;17460;0;0;0;0.00
200;CP;17221;0;0;0;0.00
200;CP;17231;0;0;0;0.00
200;CP;17984;0;0;0;0.00
200;CP;17775;0;0;0;0.00
200;CP;17679;0;0;0;0.00
200;CP;17569;0;0;0;0.00
200;CP;17572;0;0;0;0.00
200;CP;17599;0;0;0;0.00
200;CP;17564;0;0;0;0.00
200;CP;17606;0;0;0;0.00
200;CP;17711;0;0;0;0.00
200;CP;17536;0;0;0;0.00
200;CP;17648;0;0;0;0.00
200;CP;17486;0;0;0;0.00
200;CP;17711;0;0;0;0.00
200;CP;17438;0;0;0;0.00
200;CP;17527;0;0;0;0.00
200;CP;17701;0;0;0;0.00
200;CP;17767;0;0;0;0.00
200;CP;17750;0;0;0;0.00
200;CP;17552;0;0;0;0.00
200;CP;17707;0;0;0;0.00
200;SCP;7410;0;0;0;0.00
200;SCP;7351;0;0;0;0.00
200;SCP;7462;0;0;0;0.00
200;SCP;7346;0;0;0;0.00
200;SCP;7465;0;0;0;0.00
200;SCP;7337;0;0;0;0.00
200;SCP;7207;0;0;0;0.00
200;SCP;7385;0;0;0;0.00
200;SCP;7516;0;0;0;0.00
200;SCP;7332;0;0;0;0.00
200;SCP;7347;0;0;0;0.00
200;SCP;7356;0;0;0;0.00
200;SCP;7355;0;0;0;0.00
200;SCP;7345;0;0;0;0.00
200;SCP;7360;0;0;0;0.00
200;SCP;7372;0;0;0;0.00
200;SCP;7383;0;0;0;0.00
200;SCP;7363;0;0;0;0.00
200;SCP;7358;0;0;0;0.00
200;SCP;7350;0;0;0;0.00
200;SCP;7340;0;0;0;0.00
200;SCP;7321;0;0;0;0.00
200;SCP;7266;0;0;0;0.00
200;SCP;7339;0;0;0;0.00
200;SCP;7213;0;0;0;0.00
200;SCP;7073;0;0;0;0.00
200;SCP;7229;0;0;0;0.00
200;SCP;7149;0;0;0;0.00
200;SCP;7138;0;0;0;0.00
200;SCP;7212;0;0;0;0.00
200;SCP;7324;0;0;0;0.00
200;SCP;7261;0;0;0;0.00
200;SCP;7213;0;0;0;0.00
200;SCP;7407;0;0;0;0.00
200;SCP;7404;0;0;0;0.00
200;SCP;7357;0;0;0;0.00
200;SCP;7300;0;0;0;0.00
200;SCP;7375;0;0;0;0.00
200;SCP;7271;0;0;0;0.00
200;SCP;7234;0;0;0;0.00
200;KAB;55985;0;0;0;0.00
200;KAB;54043;0;0;0;0.00
200;KAB;53460;0;0;0;0.00
200;KAB;53979;0;0;0;0.00
200;KAB;53082;0;0;0;0.00
200;KAB;53706;0;0;0;0.00
200;KAB;51841;0;0;0;0.00
200;KAB;53943;0;0;0;0.00
200;KAB;53203;0;0;0;0.00
200;KAB;53411;0;0;0;0.00
200;KAB;53077;0;0;0;0.00
200;KAB;53065;0;0;0;0.00
200;KAB;52882;0;0;0;0.00
200;KAB;54037;0;0;0;0.00
200;KAB;52383;0;0;0;0.00
200;KAB;54200;0;0;0;0.00
200;KAB;52130;0;0;0;0.00
200;KAB;54628;0;0;0;0.00
200;KAB;54135;0;0;0;0.00
200;KAB;53944;0;0;0;0.00
200;KAB;35644;0;0;0;0.00
200;KAB;34584;0;0;0;0.00
200;KAB;34548;0;0;0;0.00
200;KAB;33821;0;0;0;0.00
200;KAB;34152;0;0;0;0.00
200;KAB;34279;0;0;0;0.00
200;KAB;34724;0;0;0;0.00
200;KAB;34395;0;0;0;0.00
200;KAB;34888;0;0;0;0.00
200;KAB;34410;0;0;0;0.00
200;KAB;34106;0;0;0;0.00
200;KAB;34023;0;0;0;0.00
200;KAB;34211;0;0;0;0.00
200;KAB;34680;0;0;0;0.00
200;KAB;34999;0;0;0;0.00
200;KAB;34602;0;0;0;0.00
200;KAB;34418;0;0;0;0.00
200;KAB;34572;0;0;0;0.00
200;KAB;34289;0;0;0;0.00
200;KAB;34640;0;0;0;0.00
200;BFDC;29;0;0;0;2.65
200;BFDC;27;0;0;0;2.65
200;BFDC;27;0;0;0;2.65
200;BFDC;27;0;0;0;2.65
200;BFDC;26;0;0;0;2.65
200;BFDC;26;0;0;0;2.65
200;BFDC;26;0;0;0;2.65
200;BFDC;26;0;0;0;2.65
200;BFDC;25;0;0;0;2.65
200;BFDC;25;0;0;0;2.65
200;BFDC;25;0;0;0;2.65
200;BFDC;25;0;0;0;2.65
200;BFDC;25;0;0;0;2.65
200;BFDC;25;0;0;0;2.65
200;BFDC;25;0;0;0;2.65
200;BFDC;25;0;0;0;2.65
200;BFDC;25;0;0;0;2.65
200;BFDC;25;0;0;0;2.65
200;BFDC;25;0;0;0;2.65
200;BFDC;25;0;0;0;2.65
200;BFDC;33;0;0;0;3.00
200;BFDC;32;0;0;0;3.00
200;BFDC;32;0;0;0;3.00
200;BFDC;31;0;0;0;3.00
200;BFDC;32;0;0;0;3.00
200;BFDC;31;0;0;0;3.00
200;BFDC;32;0;0;0;3.00
200;BFDC;32;0;0;0;3.00
200;BFDC;32;0;0;0;3.00
200;BFDC;32;0;0;0;3.00
200;BFDC;32;0;0;0;3.00
200;BFDC;32;0;0;0;3.00
200;BFDC;32;0;0;0;3.00
200;BFDC;32;0;0;0;3.00
200;BFDC;32;0;0;0;3.00
200;BFDC;32;0;0;0;3.00
200;BFDC;32;0;0;0;3.00
200;BFDC;32;0;0;0;3.00
200;BFDC;31;0;0;0;3.00
200;BFDC;32;0;0;0;3.00
200;CRA;1617;0;0;0;59.21
200;CRA;1576;0;0;0;59.21
200;CRA;1572;0;0;0;59.21
200;CRA;1570;0;0;0;59.21
200;CRA;1573;0;0;0;59.21
200;CRA;1574;0;0;0;59.21
200;CRA;1572;0;0;0;59.21
200;CRA;1572;0;0;0;59.21
200;CRA;1574;0;0;0;59.21
200;CRA;1575;0;0;0;59.21
200;CRA;1574;0;0;0;59.21
200;CRA;1575;0;0;0;59.21
200;CRA;1574;0;0;0;59.21
200;CRA;1571;0;0;0;59.21
200;CRA;1573;0;0;0;59.21
200;CRA;1580;0;0;0;59.21
200;CRA;1573;0;0;0;59.21
200;CRA;1573;0;0;0;59.21
200;CRA;1575;0;0;0;59.21
200;CRA;1571;0;0;0;59.21
200;CRA;3410;0;0;0;119.48
200;CRA;3337;0;0;0;119.48
200;CRA;3337;0;0;0;119.48
200;CRA;3346;0;0;0;119.48
200;CRA;3328;0;0;0;119.48
200;CRA;3345;0;0;0;119.48
200;CRA;3334;0;0;0;119.48
200;CRA;3341;0;0;0;119.48
200;CRA;3335;0;0;0;119.48
200;CRA;3342;0;0;0;119.48
200;CRA;3346;0;0;0;119.48
200;CRA;3344;0;0;0;119.48
200;CRA;3346;0;0;0;119.48
200;CRA;3342;0;0;0;119.48
200;CRA;3345;0;0;0;119.48
200;CRA;3341;0;0;0;119.48
200;CRA;3345;0;0;0;119.48
200;CRA;3345;0;0;0;119.48
200;CRA;3330;0;0;0;119.48
200;CRA;3336;0;0;0;119.48
3200;RULT;2756;0;0;0;7.21
3200;RULT;2468;0;0;0;7.21
3200;RULT;2475;0;0;0;7.21
3200;RULT;2469;0;0;0;7.21
3200;RULT;2464;0;0;0;7.21
3200;RULT;2464;0;0;0;7.21
3200;RULT;2460;0;0;0;7.21
3200;RULT;2468;0;0;0;7.21
3200;RULT;2467;0;0;0;7.21
3200;RULT;2483;0;0;0;7.21
3200;RULT;2466;0;0;0;7.21
3200;RULT;2470;0;0;0;7.21
3200;RULT;2465;0;0;0;7.21
3200;RULT;2463;0;0;0;7.21
3200;RULT;2460;0;0;0;7.21
3200;RULT;2463;0;0;0;7.21
3200;RULT;2464;0;0;0;7.21
3200;RULT;2467;0;0;0;7.21
3200;RULT;2467;0;0;0;7.21
3200;RULT;2469;0;0;0;7.21
3200;RULT;2113;0;0;0;5.18
3200;RULT;2107;0;0;0;5.18
3200;RULT;2101;0;0;0;5.18
3200;RULT;2090;0;0;0;5.18
3200;RULT;2097;0;0;0;5.18
3200;RULT;2100;0;0;0;5.18
3200;RULT;2098;0;0;0;5.18
3200;RULT;2101;0;0;0;5.18
3200;RULT;2097;0;0;0;5.18
3200;RULT;2101;0;0;0;5.18
3200;RULT;2105;0;0;0;5.18
3200;RULT;2100;0;0;0;5.18
3200;RULT;2101;0;0;0;5.18
3200;RULT;2099;0;0;0;5.18
3200;RULT;2096;0;0;0;5.18
3200;RULT;2099;0;0;0;5.18
3200;RULT;2100;0;0;0;5.18
3200;RULT;2100;0;0;0;5.18
3200;RULT;2094;0;0;0;5.18
3200;RULT;2100;0;0;0;5.18
3200;ILP;195852;0;0;0;0.00
3200;ILP;180554;0;0;0;0.00
3200;ILP;177262;0;0;0;0.00
3200;ILP;178730;0;0;0;0.00
3200;ILP;175540;0;0;0;0.00
3200;ILP;180352;0;0;0;0.00
3200;ILP;176543;0;0;0;0.00
3200;ILP;176234;0;0;0;0.00
3200;ILP;176689;0;0;0;0.00
3200;ILP;177384;0;0;0;0.00
3200;ILP;178614;0;0;0;0.00
3200;ILP;176721;0;0;0;0.00
3200;ILP;177819;0;0;0;0.00
3200;ILP;174796;0;0;0;0.00
3200;ILP;176993;0;0;0;0.00
3200;ILP;174933;0;0;0;0.00
3200;ILP;183961;0;0;0;0.00
3200;ILP;190056;0;0;0;0.00
3200;ILP;187761;0;0;0;0.00
3200;ILP;189941;0;0;0;0.00
3200;ILP;63032;0;0;0;0.00
3200;ILP;62537;0;0;0;0.00
3200;ILP;62377;0;0;0;0.00
3200;ILP;62388;0;0;0;0.00
3200;ILP;62271;0;0;0;0.00
3200;ILP;62237;0;0;0;0.00
3200;ILP;62408;0;0;0;0.00
3200;ILP;62633;0;0;0;0.00
3200;ILP;62487;0;0;0;0.00
3200;ILP;62640;0;0;0;0.00
3200;ILP;62228;0;0;0;0.00
3200;ILP;66383;0;0;0;0.00
3200;ILP;65344;0;0;0;0.00
3200;ILP;65481;0;0;0;0.00
3200;ILP;65576;0;0;0;0.00
3200;ILP;65368;0;0;0;0.00
3200;ILP;65366;0;0;0;0.00
3200;ILP;65400;0;0;0;0.00
3200;ILP;65341;0;0;0;0.00
3200;ILP;65318;0;0;0;0.00
3200;CP;451281;0;0;0;0.00
3200;CP;450480;0;0;0;0.00
3200;CP;471174;0;0;0;0.00
3200;CP;382974;0;0;0;0.00
3200;CP;381784;0;0;0;0.00
3200;CP;381448;0;0;0;0.00
3200;CP;381666;0;0;0;0.00
3200;CP;379744;0;0;0;0.00
3200;CP;378654;0;0;0;0.00
3200;CP;372165;0;0;0;0.00
3200;CP;371826;0;0;0;0.00
3200;CP;453227;0;0;0;0.00
3200;CP;450189;0;0;0;0.00
3200;CP;451812;0;0;0;0.00
3200;CP;451742;0;0;0;0.00
3200;CP;432366;0;0;0;0.00
3200;CP;383627;0;0;0;0.00
3200;CP;384602;0;0;0;0.00
3200;CP;380235;0;0;0;0.00
3200;CP;383119;0;0;0;0.00
3200;CP;458968;0;0;0;0.00
3200;CP;455670;0;0;0;0.00
3200;CP;420502;0;0;0;0.00
3200;CP;385268;0;0;0;0.00
3200;CP;380466;0;0;0;0.00
3200;CP;378724;0;0;0;0.00
3200;CP;378921;0;0;0;0.00
3200;CP;376710;0;0;0;0.00
3200;CP;374048;0;0;0;0.00
3200;CP;371308;0;0;0;0.00
3200;CP;405074;0;0;0;0.00
3200;CP;456514;0;0;0;0.00
3200;CP;450416;0;0;0;0.00
3200;CP;452815;0;0;0;0.00
3200;CP;456443;0;0;0;0.00
3200;CP;399708;0;0;0;0.00
3200;CP;381839;0;0;0;0.00
3200;CP;379902;0;0;0;0.00
3200;CP;378593;0;0;0;0.00
3200;CP;377515;0;0;0;0.00
3200;SCP;129880;0;0;0;0.00
3200;SCP;128999;0;0;0;0.00
3200;SCP;129700;0;0;0;0.00
3200;SCP;129938;0;0;0;0.00
3200;SCP;132361;0;0;0;0.00
3200;SCP;129585;0;0;0;0.00
3200;SCP;128015;0;0;0;0.00
3200;SCP;130533;0;0;0;0.00
3200;SCP;131336;0;0;0;0.00
3200;SCP;129021;0;0;0;0.00
3200;SCP;130184;0;0;0;0.00
3200;SCP;145758;0;0;0;0.00
3200;SCP;140596;0;0;0;0.00
3200;SCP;140429;0;0;0;0.00
3200;SCP;140951;0;0;0;0.00
3200;SCP;143205;0;0;0;0.00
3200;SCP;141663;0;0;0;0.00
3200;SCP;141399;0;0;0;0.00
3200;SCP;143223;0;0;0;0.00
3200;SCP;140935;0;0;0;0.00
3200;SCP;127402;0;0;0;0.00
3200;SCP;129713;0;0;0;0.00
3200;SCP;128738;0;0;0;0.00
3200;SCP;128919;0;0;0;0.00
3200;SCP;129230;0;0;0;0.00
3200;SCP;129135;0;0;0;0.00
3200;SCP;129111;0;0;0;0.00
3200;SCP;130937;0;0;0;0.00
3200;SCP;128754;0;0;0;0.00
3200;SCP;128055;0;0;0;0.00
3200;SCP;144869;0;0;0;0.00
3200;SCP;142671;0;0;0;0.00
3200;SCP;142727;0;0;0;0.00
3200;SCP;142905;0;0;0;0.00
3200;SCP;142815;0;0;0;0.00
3200;SCP;142941;0;0;0;0.00
3200;SCP;142763;0;0;0;0.00
3200;SCP;142567;0;0;0;0.00
3200;SCP;142845;0;0;0;0.00
3200;SCP;142607;0;0;0;0.00
3200;KAB;2000030;0;0;1;0.00
3200;KAB;2000106;0;0;1;0.00
3200;KAB;2000033;0;0;1;0.00
3200;KAB;2000185;0;0;1;0.00
3200;KAB;2000223;0;0;1;0.00
3200;KAB;2000320;0;0;1;0.00
3200;KAB;2000031;0;0;1;0.00
3200;KAB;2000205;0;0;1;0.00
3200;KAB;2000043;0;0;1;0.00
3200;KAB;2000188;0;0;1;0.00
3200;KAB;2000103;0;0;1;0.00
3200;KAB;2000042;0;0;1;0.00
3200;KAB;2000122;0;0;1;0.00
3200;KAB;2000106;0;0;1;0.00
3200;KAB;2000056;0;0;1;0.00
3200;KAB;2000275;0;0;1;0.00
3200;KAB;2000072;0;0;1;0.00
3200;KAB;2000157;0;0;1;0.00
3200;KAB;2000148;0;0;1;0.00
3200;KAB;2000033;0;0;1;0.00
3200;KAB;1087794;0;0;0;0.00
3200;KAB;1084819;0;0;0;0.00
3200;KAB;1085065;0;0;0;0.00
3200;KAB;1086165;0;0;0;0.00
3200;KAB;1088329;0;0;0;0.00
3200;KAB;1087947;0;0;0;0.00
3200;KAB;1084709;0;0;0;0.00
3200;KAB;1084863;0;0;0;0.00
3200;KAB;1086007;0;0;0;0.00
3200;KAB;1088430;0;0;0;0.00
3200;KAB;1088024;0;0;0;0.00
3200;KAB;1084695;0;0;0;0.00
3200;KAB;1086544;0;0;0;0.00
3200;KAB;1085178;0;0;0;0.00
3200;KAB;1088415;0;0;0;0.00
3200;KAB;1088310;0;0;0;0.00
3200;KAB;1084556;0;0;0;0.00
3200;KAB;1085067;0;0;0;0.00
3200;KAB;1085095;0;0;0;0.00
3200;KAB;1088415;0;0;0;0.00
3200;BFDC;242;0;0;0;1.19
3200;BFDC;240;0;0;0;1.19
3200;BFDC;240;0;0;0;1.19
3200;BFDC;239;0;0;0;1.19
3200;BFDC;239;0;0;0;1.19
3200;BFDC;239;0;0;0;1.19
3200;BFDC;240;0;0;0;1.19
3200;BFDC;240;0;0;0;1.19
3200;BFDC;240;0;0;0;1.19
3200;BFDC;239;0;0;0;1.19
3200;BFDC;240;0;0;0;1.19
3200;BFDC;240;0;0;0;1.19
3200;BFDC;239;0;0;0;1.19
3200;BFDC;240;0;0;0;1.19
3200;BFDC;239;0;0;0;1.19
3200;BFDC;240;0;0;0;1.19
3200;BFDC;239;0;0;0;1.19
3200;BFDC;239;0;0;0;1.19
3200;BFDC;239;0;0;0;1.19
3200;BFDC;240;0;0;0;1.19
3200;BFDC;400;0;0;0;1.88
3200;BFDC;398;0;0;0;1.88
3200;BFDC;398;0;0;0;1.88
3200;BFDC;398;0;0;0;1.88
3200;BFDC;398;0;0;0;1.88
3200;BFDC;397;0;0;0;1.88
3200;BFDC;398;0;0;0;1.88
3200;BFDC;403;0;0;0;1.88
3200;BFDC;397;0;0;0;1.88
3200;BFDC;397;0;0;0;1.88
3200;BFDC;398;0;0;0;1.88
3200;BFDC;398;0;0;0;1.88
3200;BFDC;398;0;0;0;1.88
3200;BFDC;398;0;0;0;1.88
3200;BFDC;402;0;0;0;1.88
3200;BFDC;398;0;0;0;1.88
3200;BFDC;397;0;0;0;1.88
3200;BFDC;397;0;0;0;1.88
3200;BFDC;399;0;0;0;1.88
3200;BFDC;398;0;0;0;1.88
3200;CRA;154899;0;0;0;271.80
3200;CRA;154141;0;0;0;271.80
3200;CRA;154230;0;0;0;271.80
3200;CRA;156685;0;0;0;271.80
3200;CRA;154182;0;0;0;271.80
3200;CRA;154205;0;0;0;271.80
3200;CRA;154279;0;0;0;271.80
3200;CRA;154180;0;0;0;271.80
3200;CRA;154236;0;0;0;271.80
3200;CRA;154184;0;0;0;271.80
3200;CRA;154235;0;0;0;271.80
3200;CRA;154198;0;0;0;271.80
3200;CRA;154197;0;0;0;271.80
3200;CRA;154176;0;0;0;271.80
3200;CRA;155364;0;0;0;271.80
3200;CRA;155793;0;0;0;271.80
3200;CRA;154846;0;0;0;271.80
3200;CRA;155041;0;0;0;271.80
3200;CRA;155141;0;0;0;271.80
3200;CRA;155101;0;0;0;271.80
3200;CRA;167580;0;0;0;296.89
3200;CRA;166873;0;0;0;296.89
3200;CRA;166832;0;0;0;296.89
3200;CRA;166807;0;0;0;296.89
3200;CRA;166796;0;0;0;296.89
3200;CRA;166760;0;0;0;296.89
3200;CRA;166837;0;0;0;296.89
3200;CRA;166856;0;0;0;296.89
3200;CRA;166770;0;0;0;296.89
3200;CRA;166817;0;0;0;296.89
3200;CRA;166824;0;0;0;296.89
3200;CRA;166826;0;0;0;296.89
3200;CRA;166811;0;0;0;296.89
3200;CRA;166824;0;0;0;296.89
3200;CRA;166825;0;0;0;296.89
3200;CRA;166808;0;0;0;296.89
3200;CRA;166851;0;0;0;296.89
3200;CRA;166891;0;0;0;296.89
3200;CRA;167624;0;0;0;296.89
3200;CRA;168249;0;0;0;296.89
100;ULT;2087;0;0;0;167.39
100;ULT;2081;0;0;0;167.39
100;ULT;2113;0;0;0;167.39
100;ULT;2104;0;0;0;167.39
100;ULT;2124;0;0;0;167.39
100;ULT;2126;0;0;0;167.39
100;ULT;2119;0;0;0;167.39
100;ULT;2086;0;0;0;167.39
100;ULT;2084;0;0;0;167.39
100;ULT;2093;0;0;0;167.39
100;ULT;2102;0;0;0;167.39
100;ULT;2090;0;0;0;167.39
100;ULT;2080;0;0;0;167.39
100;ULT;2086;0;0;0;167.39
100;ULT;2085;0;0;0;167.39
100;ULT;2077;0;0;0;167.39
100;ULT;2123;0;0;0;167.39
100;ULT;2078;0;0;0;167.39
100;ULT;2080;0;0;0;167.39
100;ULT;2095;0;0;0;167.39
100;ULT;2644;0;0;0;214.49
100;ULT;2632;0;0;0;214.49
100;ULT;2647;0;0;0;214.49
100;ULT;2643;0;0;0;214.49
100;ULT;2653;0;0;0;214.49
100;ULT;2616;0;0;0;214.49
100;ULT;2671;0;0;0;214.49
100;ULT;2653;0;0;0;214.49
100;ULT;2621;0;0;0;214.49
100;ULT;2620;0;0;0;214.49
100;ULT;2642;0;0;0;214.49
100;ULT;2664;0;0;0;214.49
100;ULT;2652;0;0;0;214.49
100;ULT;2633;0;0;0;214.49
100;ULT;2638;0;0;0;214.49
100;ULT;2614;0;0;0;214.49
100;ULT;2670;0;0;0;214.49
100;ULT;2645;0;0;0;214.49
100;ULT;2630;0;0;0;214.49
100;ULT;2621;0;0;0;214.49
100;RULT;60;0;0;0;6.06
100;RULT;56;0;0;0;6.06
100;RULT;53;0;0;0;6.06
100;RULT;52;0;0;0;6.06
100;RULT;51;0;0;0;6.06
100;RULT;50;0;0;0;6.06
100;RULT;50;0;0;0;6.06
100;RULT;50;0;0;0;6.06
100;RULT;49;0;0;0;6.06
100;RULT;49;0;0;0;6.06
100;RULT;48;0;0;0;6.06
100;RULT;49;0;0;0;6.06
100;RULT;49;0;0;0;6.06
100;RULT;48;0;0;0;6.06
100;RULT;48;0;0;0;6.06
100;RULT;48;0;0;0;6.06
100;RULT;48;0;0;0;6.06
100;RULT;48;0;0;0;6.06
100;RULT;48;0;0;0;6.06
100;RULT;48;0;0;0;6.06
100;RULT;109;0;0;0;9.05
100;RULT;103;0;0;0;9.05
100;RULT;101;0;0;0;9.05
100;RULT;100;0;0;0;9.05
100;RULT;98;0;0;0;9.05
100;RULT;98;0;0;0;9.05
100;RULT;98;0;0;0;9.05
100;RULT;97;0;0;0;9.05
100;RULT;97;0;0;0;9.05
100;RULT;97;0;0;0;9.05
100;RULT;97;0;0;0;9.05
100;RULT;97;0;0;0;9.05
100;RULT;97;0;0;0;9.05
100;RULT;97;0;0;0;9.05
100;RULT;97;0;0;0;9.05
100;RULT;97;0;0;0;9.05
100;RULT;97;0;0;0;9.05
100;RULT;96;0;0;0;9.05
100;RULT;97;0;0;0;9.05
100;RULT;96;0;0;0;9.05
100;ILP;15740;0;0;0;0.00
100;ILP;12151;0;0;0;0.00
100;ILP;11674;0;0;0;0.00
100;ILP;11678;0;0;0;0.00
100;ILP;11736;0;0;0;0.00
100;ILP;11772;0;0;0;0.00
100;ILP;11760;0;0;0;0.00
100;ILP;11709;0;0;0;0.00
100;ILP;11594;0;0;0;0.00
100;ILP;11769;0;0;0;0.00
100;ILP;16013;0;0;0;0.00
100;ILP;15140;0;0;0;0.00
100;ILP;11820;0;0;0;0.00
100;ILP;11786;0;0;0;0.00
100;ILP;11771;0;0;0;0.00
100;ILP;11765;0;0;0;0.00
100;ILP;11772;0;0;0;0.00
100;ILP;11690;0;0;0;0.00
100;ILP;11744;0;0;0;0.00
100;ILP;11798;0;0;0;0.00
100;ILP;15424;0;0;0;0.00
100;ILP;14305;0;0;0;0.00
100;ILP;13750;0;0;0;0.00
100;ILP;13847;0;0;0;0.00
100;ILP;13855;0;0;0;0.00
100;ILP;13818;0;0;0;0.00
100;ILP;13840;0;0;0;0.00
100;ILP;13825;0;0;0;0.00
100;ILP;13710;0;0;0;0.00
100;ILP;13783;0;0;0;0.00
100;ILP;13842;0;0;0;0.00
100;ILP;13724;0;0;0;0.00
100;ILP;13808;0;0;0;0.00
100;ILP;13832;0;0;0;0.00
100;ILP;13851;0;0;0;0.00
100;ILP;13740;0;0;0;0.00
100;ILP;13786;0;0;0;0.00
100;ILP;13808;0;0;0;0.00
100;ILP;13912;0;0;0;0.00
100;ILP;13761;0;0;0;0.00
100;CP;9064;0;0;0;0.00
100;CP;8825;0;0;0;0.00
100;CP;8750;0;0;0;0.00
100;CP;8785;0;0;0;0.00
100;CP;8921;0;0;0;0.00
100;CP;8905;0;0;0;0.00
100;CP;8886;0;0;0;0.00
100;CP;8790;0;0;0;0.00
100;CP;8894;0;0;0;0.00
100;CP;8773;0;0;0;0.00
100;CP;8718;0;0;0;0.00
100;CP;8863;0;0;0;0.00
100;CP;8860;0;0;0;0.00
100;CP;8889;0;0;0;0.00
100;CP;8783;0;0;0;0.00
100;CP;8794;0;0;0;0.00
100;CP;8834;0;0;0;0.00
100;CP;8774;0;0;0;0.00
100;CP;8748;0;0;0;0.00
100;CP;8842;0;0;0;0.00
100;CP;9172;0;0;0;0.00
100;CP;8836;0;0;0;0.00
100;CP;8996;0;0;0;0.00
100;CP;8973;0;0;0;0.00
100;CP;8968;0;0;0;0.00
100;CP;8834;0;0;0;0.00
100;CP;8960;0;0;0;0.00
100;CP;8865;0;0;0;0.00
100;CP;8886;0;0;0;0.00
100;CP;8932;0;0;0;0.00
100;CP;8890;0;0;0;0.00
100;CP;8901;0;0;0;0.00
100;CP;8875;0;0;0;0.00
100;CP;8933;0;0;0;0.00
100;CP;8950;0;0;0;0.00
100;CP;9027;0;0;0;0.00
100;CP;8874;0;0;0;0.00
100;CP;8986;0;0;0;0.00
100;CP;8966;0;0;0;0.00
100;CP;8981;0;0;0;0.00
100;SCP;3892;0;0;0;0.00
100;SCP;3847;0;0;0;0.00
100;SCP;3800;0;0;0;0.00
100;SCP;3889;0;0;0;0.00
100;SCP;3899;0;0;0;0.00
100;SCP;3944;0;0;0;0.00
100;SCP;3894;0;0;0;0.00
100;SCP;3943;0;0;0;0.00
100;SCP;3944;0;0;0;0.00
100;SCP;3943;0;0;0;0.00
100;SCP;3859;0;0;0;0.00
100;SCP;3844;0;0;0;0.00
100;SCP;3845;0;0;0;0.00
100;SCP;3807;0;0;0;0.00
100;SCP;3805;0;0;0;0.00
100;SCP;3795;0;0;0;0.00
100;SCP;3876;0;0;0;0.00
100;SCP;3937;0;0;0;0.00
100;SCP;3907;0;0;0;0.00
100;SCP;3924;0;0;0;0.00
100;SCP;3942;0;0;0;0.00
100;SCP;3812;0;0;0;0.00
100;SCP;3872;0;0;0;0.00
100;SCP;3944;0;0;0;0.00
100;SCP;3854;0;0;0;0.00
100;SCP;3876;0;0;0;0.00
100;SCP;3870;0;0;0;0.00
100;SCP;3866;0;0;0;0.00
100;SCP;3857;0;0;0;0.00
100;SCP;3856;0;0;0;0.00
100;SCP;3887;0;0;0;0.00
100;SCP;3926;0;0;0;0.00
100;SCP;3875;0;0;0;0.00
100;SCP;3872;0;0;0;0.00
100;SCP;3848;0;0;0;0.00
100;SCP;3880;0;0;0;0.00
100;SCP;3880;0;0;0;0.00
100;SCP;3807;0;0;0;0.00
100;SCP;3857;0;0;0;0.00
100;SCP;3837;0;0;0;0.00
100;KAB;9350;0;0;0;0.00
100;KAB;9118;0;0;0;0.00
100;KAB;9131;0;0;0;0.00
100;KAB;9135;0;0;0;0.00
100;KAB;9041;0;0;0;0.00
100;KAB;8962;0;0;0;0.00
100;KAB;9136;0;0;0;0.00
100;KAB;9052;0;0;0;0.00
100;KAB;8952;0;0;0;0.00
100;KAB;9080;0;0;0;0.00
100;KAB;9080;0;0;0;0.00
100;KAB;9051;0;0;0;0.00
100;KAB;9142;0;0;0;0.00
100;KAB;9110;0;0;0;0.00
100;KAB;9055;0;0;0;0.00
100;KAB;9050;0;0;0;0.00
100;KAB;8949;0;0;0;0.00
100;KAB;9131;0;0;0;0.00
100;KAB;9042;0;0;0;0.00
100;KAB;8924;0;0;0;0.00
100;KAB;9667;0;0;0;0.00
100;KAB;9360;0;0;0;0.00
100;KAB;9500;0;0;0;0.00
100;KAB;9459;0;0;0;0.00
100;KAB;9383;0;0;0;0.00
100;KAB;9462;0;0;0;0.00
100;KAB;9379;0;0;0;0.00
100;KAB;9521;0;0;0;0.00
100;KAB;9507;0;0;0;0.00
100;KAB;9500;0;0;0;0.00
100;KAB;9452;0;0;0;0.00
100;KAB;9467;0;0;0;0.00
100;KAB;9437;0;0;0;0.00
100;KAB;9355;0;0;0;0.00
100;KAB;9350;0;0;0;0.00
100;KAB;9470;0;0;0;0.00
100;KAB;9460;0;0;0;0.00
100;KAB;9392;0;0;0;0.00
100;KAB;9433;0;0;0;0.00
100;KAB;9410;0;0;0;0.00
100;BFDC;11;0;0;0;1.90
100;BFDC;10;0;0;0;1.90
100;BFDC;10;0;0;0;1.90
100;BFDC;10;0;0;0;1.90
100;BFDC;15;0;0;0;1.90
100;BFDC;10;0;0;0;1.90
100;BFDC;10;0;0;0;1.90
100;BFDC;10;0;0;0;1.90
100;BFDC;10;0;0;0;1.90
100;BFDC;9;0;0;0;1.90
100;BFDC;9;0;0;0;1.90
100;BFDC;9;0;0;0;1.90
100;BFDC;10;0;0;0;1.90
100;BFDC;9;0;0;0;1.90
100;BFDC;9;0;0;0;1.90
100;BFDC;10;0;0;0;1.90
100;BFDC;10;0;0;0;1.90
100;BFDC;9;0;0;0;1.90
100;BFDC;10;0;0;0;1.90
100;BFDC;9;0;0;0;1.90
100;BFDC;11;0;0;0;1.99
100;BFDC;11;0;0;0;1.99
100;BFDC;10;0;0;0;1.99
100;BFDC;10;0;0;0;1.99
100;BFDC;10;0;0;0;1.99
100;BFDC;10;0;0;0;1.99
100;BFDC;10;0;0;0;1.99
100;BFDC;10;0;0;0;1.99
100;BFDC;10;0;0;0;1.99
100;BFDC;10;0;0;0;1.99
100;BFDC;10;0;0;0;1.99
100;BFDC;10;0;0;0;1.99
100;BFDC;10;0;0;0;1.99
100;BFDC;10;0;0;0;1.99
100;BFDC;10;0;0;0;1.99
100;BFDC;10;0;0;0;1.99
100;BFDC;10;0;0;0;1.99
100;BFDC;10;0;0;0;1.99
100;BFDC;10;0;0;0;1.99
100;BFDC;10;0;0;0;1.99
100;CRA;734;0;0;0;57.12
100;CRA;708;0;0;0;57.12
100;CRA;708;0;0;0;57.12
100;CRA;704;0;0;0;57.12
100;CRA;705;0;0;0;57.12
100;CRA;707;0;0;0;57.12
100;CRA;705;0;0;0;57.12
100;CRA;705;0;0;0;57.12
100;CRA;707;0;0;0;57.12
100;CRA;706;0;0;0;57.12
100;CRA;711;0;0;0;57.12
100;CRA;706;0;0;0;57.12
100;CRA;709;0;0;0;57.12
100;CRA;707;0;0;0;57.12
100;CRA;706;0;0;0;57.12
100;CRA;705;0;0;0;57.12
100;CRA;709;0;0;0;57.12
100;CRA;706;0;0;0;57.12
100;CRA;706;0;0;0;57.12
100;CRA;706;0;0;0;57.12
100;CRA;898;0;0;0;71.72
100;CRA;871;0;0;0;71.72
100;CRA;871;0;0;0;71.72
100;CRA;865;0;0;0;71.72
100;CRA;865;0;0;0;71.72
100;CRA;871;0;0;0;71.72
100;CRA;864;0;0;0;71.72
100;CRA;863;0;0;0;71.72
100;CRA;865;0;0;0;71.72
100;CRA;868;0;0;0;71.72
100;CRA;866;0;0;0;71.72
100;CRA;865;0;0;0;71.72
100;CRA;869;0;0;0;71.72
100;CRA;862;0;0;0;71.72
100;CRA;869;0;0;0;71.72
100;CRA;865;0;0;0;71.72
100;CRA;865;0;0;0;71.72
100;CRA;866;0;0;0;71.72
100;CRA;866;0;0;0;71.72
100;CRA;868;0;0;0;71.72
