Size;Method;Time;Status;Solution;Timeout;Scans
60;RULT;31031;1;1;0;92.25
60;RULT;31024;1;1;0;92.25
60;RULT;31095;1;1;0;92.25
60;RULT;31099;1;1;0;92.25
60;RULT;31089;1;1;0;92.25
60;RULT;30990;1;1;0;92.25
60;RULT;30997;1;1;0;92.25
60;RULT;30989;1;1;0;92.25
60;RULT;31062;1;1;0;92.25
60;RULT;31059;1;1;0;92.25
60;RULT;31071;1;1;0;92.25
60;RULT;30997;1;1;0;92.25
60;RULT;30984;1;1;0;92.25
60;RULT;31116;1;1;0;92.25
60;RULT;31065;1;1;0;92.25
60;RULT;31832;1;1;0;92.25
60;RULT;31053;1;1;0;92.25
60;RULT;31146;1;1;0;92.25
60;RULT;31134;1;1;0;92.25
60;RULT;31110;1;1;0;92.25
60;RULT;29340;1;1;0;87.08
60;RULT;29254;1;1;0;87.08
60;RULT;29255;1;1;0;87.08
60;RULT;29224;1;1;0;87.08
60;RULT;29256;1;1;0;87.08
60;RULT;29253;1;1;0;87.08
60;RULT;29224;1;1;0;87.08
60;RULT;29267;1;1;0;87.08
60;RULT;29252;1;1;0;87.08
60;RULT;29241;1;1;0;87.08
60;RULT;29242;1;1;0;87.08
60;RULT;29230;1;1;0;87.08
60;RULT;29225;1;1;0;87.08
60;RULT;29281;1;1;0;87.08
60;RULT;29242;1;1;0;87.08
60;RULT;29237;1;1;0;87.08
60;RULT;29231;1;1;0;87.08
60;RULT;29230;1;1;0;87.08
60;RULT;29243;1;1;0;87.08
60;RULT;30060;1;1;0;87.08
60;RULT;33606;1;1;0;100.24
60;RULT;33540;1;1;0;100.24
60;RULT;33560;1;1;0;100.24
60;RULT;33596;1;1;0;100.24
60;RULT;33599;1;1;0;100.24
60;RULT;33538;1;1;0;100.24
60;RULT;33556;1;1;0;100.24
60;RULT;33553;1;1;0;100.24
60;RULT;33568;1;1;0;100.24
60;RULT;33556;1;1;0;100.24
60;RULT;33536;1;1;0;100.24
60;RULT;33570;1;1;0;100.24
60;RULT;33563;1;1;0;100.24
60;RULT;33565;1;1;0;100.24
60;RULT;33564;1;1;0;100.24
60;RULT;33534;1;1;0;100.24
60;RULT;34283;1;1;0;100.24
60;RULT;33573;1;1;0;100.24
60;RULT;33534;1;1;0;100.24
60;RULT;33545;1;1;0;100.24
60;ILP;1061193;1;1;0;0.00
60;ILP;984838;1;1;0;0.00
60;ILP;973155;1;1;0;0.00
60;ILP;975335;1;1;0;0.00
60;ILP;988328;1;1;0;0.00
60;ILP;982782;1;1;0;0.00
60;ILP;981751;1;1;0;0.00
60;ILP;980217;1;1;0;0.00
60;ILP;982783;1;1;0;0.00
60;ILP;983424;1;1;0;0.00
60;ILP;982003;1;1;0;0.00
60;ILP;982278;1;1;0;0.00
60;ILP;981327;1;1;0;0.00
60;ILP;985756;1;1;0;0.00
60;ILP;990688;1;1;0;0.00
60;ILP;985174;1;1;0;0.00
60;ILP;986377;1;1;0;0.00
60;ILP;973868;1;1;0;0.00
60;ILP;989183;1;1;0;0.00
60;ILP;992646;1;1;0;0.00
60;ILP;1173198;1;1;0;0.00
60;ILP;1097150;1;1;0;0.00
60;ILP;1083610;1;1;0;0.00
60;ILP;1099793;1;1;0;0.00
60;ILP;1080497;1;1;0;0.00
60;ILP;1096574;1;1;0;0.00
60;ILP;1079894;1;1;0;0.00
60;ILP;1094449;1;1;0;0.00
60;ILP;1081715;1;1;0;0.00
60;ILP;1096881;1;1;0;0.00
60;ILP;1083417;1;1;0;0.00
60;ILP;1092371;1;1;0;0.00
60;ILP;1087063;1;1;0;0.00
60;ILP;1093212;1;1;0;0.00
60;ILP;1094631;1;1;0;0.00
60;ILP;1098020;1;1;0;0.00
60;ILP;1059843;1;1;0;0.00
60;ILP;1085916;1;1;0;0.00
60;ILP;1090187;1;1;0;0.00
60;ILP;1080489;1;1;0;0.00
60;ILP;1171505;1;1;0;0.00
60;ILP;1100708;1;1;0;0.00
60;ILP;1111654;1;1;0;0.00
60;ILP;1197457;1;1;0;0.00
60;ILP;1108195;1;1;0;0.00
60;ILP;1056009;1;1;0;0.00
60;ILP;1077938;1;1;0;0.00
60;ILP;1056213;1;1;0;0.00
60;ILP;1058518;1;1;0;0.00
60;ILP;1067366;1;1;0;0.00
60;ILP;1052288;1;1;0;0.00
60;ILP;1054446;1;1;0;0.00
60;ILP;1054612;1;1;0;0.00
60;ILP;1054546;1;1;0;0.00
60;ILP;1056202;1;1;0;0.00
60;ILP;1053455;1;1;0;0.00
60;ILP;1054626;1;1;0;0.00
60;ILP;1056128;1;1;0;0.00
60;ILP;1084145;1;1;0;0.00
60;ILP;1097197;1;1;0;0.00
60;CP;1999810;0;0;1;0.00
60;CP;2001918;0;0;1;0.00
60;CP;1994135;0;0;1;0.00
60;CP;1993019;0;0;1;0.00
60;CP;1997254;0;0;1;0.00
60;CP;2004462;0;0;1;0.00
60;CP;1997346;0;0;1;0.00
60;CP;2001584;0;0;1;0.00
60;CP;2001502;0;0;1;0.00
60;CP;2001732;0;0;1;0.00
60;CP;1998414;0;0;1;0.00
60;CP;1995566;0;0;1;0.00
60;CP;1996644;0;0;1;0.00
60;CP;2002192;0;0;1;0.00
60;CP;2002150;0;0;1;0.00
60;CP;2001158;0;0;1;0.00
60;CP;2001785;0;0;1;0.00
60;CP;2001130;0;0;1;0.00
60;CP;2001497;0;0;1;0.00
60;CP;2000672;0;0;1;0.00
60;CP;1949326;1;1;0;0.00
60;CP;1900226;1;1;0;0.00
60;CP;1885331;1;1;0;0.00
60;CP;1899240;1;1;0;0.00
60;CP;1896013;1;1;0;0.00
60;CP;1914915;1;1;0;0.00
60;CP;1887434;1;1;0;0.00
60;CP;1895456;1;1;0;0.00
60;CP;1898629;1;1;0;0.00
60;CP;1918724;1;1;0;0.00
60;CP;1938439;1;1;0;0.00
60;CP;1923628;1;1;0;0.00
60;CP;1928458;1;1;0;0.00
60;CP;1923043;1;1;0;0.00
60;CP;1923465;1;1;0;0.00
60;CP;1934776;1;1;0;0.00
60;CP;1930714;1;1;0;0.00
60;CP;1946005;1;1;0;0.00
60;CP;1925662;1;1;0;0.00
60;CP;1932338;1;1;0;0.00
60;CP;2004280;0;0;1;0.00
60;CP;1998759;0;0;1;0.00
60;CP;2004042;0;0;1;0.00
60;CP;2005631;0;0;1;0.00
60;CP;1998864;0;0;1;0.00
60;CP;1999256;0;0;1;0.00
60;CP;2003163;0;0;1;0.00
60;CP;2000448;0;0;1;0.00
60;CP;2000587;0;0;1;0.00
60;CP;2002607;0;0;1;0.00
60;CP;2005806;0;0;1;0.00
60;CP;1999387;0;0;1;0.00
60;CP;2003230;0;0;1;0.00
60;CP;1999751;0;0;1;0.00
60;CP;2003681;0;0;1;0.00
60;CP;2001699;0;0;1;0.00
60;CP;2003164;0;0;1;0.00
60;CP;2000831;0;0;1;0.00
60;CP;2000557;0;0;1;0.00
60;CP;2001728;0;0;1;0.00
60;SCP;259569;1;1;0;0.00
60;SCP;259065;1;1;0;0.00
60;SCP;259747;1;1;0;0.00
60;SCP;259472;1;1;0;0.00
60;SCP;262837;1;1;0;0.00
60;SCP;259179;1;1;0;0.00
60;SCP;257559;1;1;0;0.00
60;SCP;257793;1;1;0;0.00
60;SCP;260402;1;1;0;0.00
60;SCP;259269;1;1;0;0.00
60;SCP;258363;1;1;0;0.00
60;SCP;260474;1;1;0;0.00
60;SCP;260406;1;1;0;0.00
60;SCP;258691;1;1;0;0.00
60;SCP;254129;1;1;0;0.00
60;SCP;256135;1;1;0;0.00
60;SCP;260204;1;1;0;0.00
60;SCP;259872;1;1;0;0.00
60;SCP;258831;1;1;0;0.00
60;SCP;263854;1;1;0;0.00
60;SCP;264768;1;1;0;0.00
60;SCP;264070;1;1;0;0.00
60;SCP;266822;1;1;0;0.00
60;SCP;265050;1;1;0;0.00
60;SCP;261913;1;1;0;0.00
60;SCP;262188;1;1;0;0.00
60;SCP;267049;1;1;0;0.00
60;SCP;265296;1;1;0;0.00
60;SCP;263757;1;1;0;0.00
60;SCP;267819;1;1;0;0.00
60;SCP;265248;1;1;0;0.00
60;SCP;261246;1;1;0;0.00
60;SCP;258914;1;1;0;0.00
60;SCP;265330;1;1;0;0.00
60;SCP;266285;1;1;0;0.00
60;SCP;266338;1;1;0;0.00
60;SCP;266566;1;1;0;0.00
60;SCP;265610;1;1;0;0.00
60;SCP;266763;1;1;0;0.00
60;SCP;256877;1;1;0;0.00
60;SCP;255035;1;1;0;0.00
60;SCP;254801;1;1;0;0.00
60;SCP;257762;1;1;0;0.00
60;SCP;257535;1;1;0;0.00
60;SCP;257476;1;1;0;0.00
60;SCP;257927;1;1;0;0.00
60;SCP;257468;1;1;0;0.00
60;SCP;257639;1;1;0;0.00
60;SCP;257548;1;1;0;0.00
60;SCP;252924;1;1;0;0.00
60;SCP;252418;1;1;0;0.00
60;SCP;254387;1;1;0;0.00
60;SCP;255097;1;1;0;0.00
60;SCP;254483;1;1;0;0.00
60;SCP;260876;1;1;0;0.00
60;SCP;255366;1;1;0;0.00
60;SCP;256926;1;1;0;0.00
60;SCP;256447;1;1;0;0.00
60;SCP;260224;1;1;0;0.00
60;SCP;259749;1;1;0;0.00
60;BFDC;1138;1;1;0;6.89
60;BFDC;1144;1;1;0;6.89
60;BFDC;1132;1;1;0;6.89
60;BFDC;1130;1;1;0;6.89
60;BFDC;1144;1;1;0;6.89
60;BFDC;1137;1;1;0;6.89
60;BFDC;1135;1;1;0;6.89
60;BFDC;1139;1;1;0;6.89
60;BFDC;1134;1;1;0;6.89
60;BFDC;1142;1;1;0;6.89
60;BFDC;1148;1;1;0;6.89
60;BFDC;1146;1;1;0;6.89
60;BFDC;1150;1;1;0;6.89
60;BFDC;1132;1;1;0;6.89
60;BFDC;1133;1;1;0;6.89
60;BFDC;1139;1;1;0;6.89
60;BFDC;1132;1;1;0;6.89
60;BFDC;1135;1;1;0;6.89
60;BFDC;1139;1;1;0;6.89
60;BFDC;1133;1;1;0;6.89
60;BFDC;1072;1;1;0;6.44
60;BFDC;1062;1;1;0;6.44
60;BFDC;1061;1;1;0;6.44
60;BFDC;1065;1;1;0;6.44
60;BFDC;1060;1;1;0;6.44
60;BFDC;1059;1;1;0;6.44
60;BFDC;1065;1;1;0;6.44
60;BFDC;1060;1;1;0;6.44
60;BFDC;1067;1;1;0;6.44
60;BFDC;1071;1;1;0;6.44
60;BFDC;1059;1;1;0;6.44
60;BFDC;1065;1;1;0;6.44
60;BFDC;1081;1;1;0;6.44
60;BFDC;1063;1;1;0;6.44
60;BFDC;1063;1;1;0;6.44
60;BFDC;1070;1;1;0;6.44
60;BFDC;1066;1;1;0;6.44
60;BFDC;1064;1;1;0;6.44
60;BFDC;1072;1;1;0;6.44
60;BFDC;1066;1;1;0;6.44
60;BFDC;1043;1;1;0;6.10
60;BFDC;1046;1;1;0;6.10
60;BFDC;1042;1;1;0;6.10
60;BFDC;1041;1;1;0;6.10
60;BFDC;1044;1;1;0;6.10
60;BFDC;1042;1;1;0;6.10
60;BFDC;1039;1;1;0;6.10
60;BFDC;1044;1;1;0;6.10
60;BFDC;1044;1;1;0;6.10
60;BFDC;1038;1;1;0;6.10
60;BFDC;1042;1;1;0;6.10
60;BFDC;1039;1;1;0;6.10
60;BFDC;1037;1;1;0;6.10
60;BFDC;1043;1;1;0;6.10
60;BFDC;1037;1;1;0;6.10
60;BFDC;1039;1;1;0;6.10
60;BFDC;1047;1;1;0;6.10
60;BFDC;1037;1;1;0;6.10
60;BFDC;1035;1;1;0;6.10
60;BFDC;1042;1;1;0;6.10
60;CRA;673118;1;1;0;2110.53
60;CRA;670735;1;1;0;2110.53
60;CRA;670200;1;1;0;2110.53
60;CRA;671046;1;1;0;2110.53
60;CRA;670377;1;1;0;2110.53
60;CRA;670965;1;1;0;2110.53
60;CRA;670063;1;1;0;2110.53
60;CRA;670649;1;1;0;2110.53
60;CRA;671400;1;1;0;2110.53
60;CRA;670746;1;1;0;2110.53
60;CRA;671328;1;1;0;2110.53
60;CRA;674207;1;1;0;2110.53
60;CRA;670848;1;1;0;2110.53
60;CRA;670641;1;1;0;2110.53
60;CRA;670558;1;1;0;2110.53
60;CRA;670857;1;1;0;2110.53
60;CRA;670802;1;1;0;2110.53
60;CRA;671398;1;1;0;2110.53
60;CRA;670474;1;1;0;2110.53
60;CRA;671509;1;1;0;2110.53
60;CRA;719375;1;1;0;2383.25
60;CRA;722311;1;1;0;2383.25
60;CRA;717930;1;1;0;2383.25
60;CRA;718722;1;1;0;2383.25
60;CRA;722496;1;1;0;2383.25
60;CRA;717332;1;1;0;2383.25
60;CRA;720144;1;1;0;2383.25
60;CRA;722241;1;1;0;2383.25
60;CRA;716771;1;1;0;2383.25
60;CRA;720918;1;1;0;2383.25
60;CRA;721492;1;1;0;2383.25
60;CRA;715992;1;1;0;2383.25
60;CRA;721890;1;1;0;2383.25
60;CRA;719759;1;1;0;2383.25
60;CRA;715470;1;1;0;2383.25
60;CRA;721858;1;1;0;2383.25
60;CRA;718880;1;1;0;2383.25
60;CRA;716623;1;1;0;2383.25
60;CRA;722404;1;1;0;2383.25
60;CRA;717874;1;1;0;2383.25
60;CRA;658727;1;1;0;2072.95
60;CRA;657827;1;1;0;2072.95
60;CRA;659113;1;1;0;2072.95
60;CRA;656549;1;1;0;2072.95
60;CRA;657813;1;1;0;2072.95
60;CRA;659191;1;1;0;2072.95
60;CRA;656779;1;1;0;2072.95
60;CRA;657407;1;1;0;2072.95
60;CRA;659251;1;1;0;2072.95
60;CRA;657322;1;1;0;2072.95
60;CRA;656988;1;1;0;2072.95
60;CRA;659207;1;1;0;2072.95
60;CRA;658254;1;1;0;2072.95
60;CRA;656353;1;1;0;2072.95
60;CRA;659201;1;1;0;2072.95
60;CRA;659037;1;1;0;2072.95
60;CRA;656424;1;1;0;2072.95
60;CRA;659132;1;1;0;2072.95
60;CRA;659198;1;1;0;2072.95
60;CRA;654633;1;1;0;2072.95
20;RULT;12502;1;1;0;38.55
20;RULT;12487;1;1;0;38.55
20;RULT;12485;1;1;0;38.55
20;RULT;12498;1;1;0;38.55
20;RULT;12491;1;1;0;38.55
20;RULT;12504;1;1;0;38.55
20;RULT;12499;1;1;0;38.55
20;RULT;12489;1;1;0;38.55
20;RULT;12511;1;1;0;38.55
20;RULT;12497;1;1;0;38.55
20;RULT;12513;1;1;0;38.55
20;RULT;12508;1;1;0;38.55
20;RULT;12512;1;1;0;38.55
20;RULT;12492;1;1;0;38.55
20;RULT;12487;1;1;0;38.55
20;RULT;12482;1;1;0;38.55
20;RULT;12500;1;1;0;38.55
20;RULT;12493;1;1;0;38.55
20;RULT;12488;1;1;0;38.55
20;RULT;12503;1;1;0;38.55
20;RULT;13419;1;1;0;41.50
20;RULT;13425;1;1;0;41.50
20;RULT;13434;1;1;0;41.50
20;RULT;13433;1;1;0;41.50
20;RULT;13448;1;1;0;41.50
20;RULT;13432;1;1;0;41.50
20;RULT;13421;1;1;0;41.50
20;RULT;13427;1;1;0;41.50
20;RULT;13436;1;1;0;41.50
20;RULT;13430;1;1;0;41.50
20;RULT;13434;1;1;0;41.50
20;RULT;13424;1;1;0;41.50
20;RULT;13434;1;1;0;41.50
20;RULT;13430;1;1;0;41.50
20;RULT;13426;1;1;0;41.50
20;RULT;13430;1;1;0;41.50
20;RULT;13438;1;1;0;41.50
20;RULT;13429;1;1;0;41.50
20;RULT;13429;1;1;0;41.50
20;RULT;13431;1;1;0;41.50
20;RULT;12150;1;1;0;37.60
20;RULT;12148;1;1;0;37.60
20;RULT;12139;1;1;0;37.60
20;RULT;12128;1;1;0;37.60
20;RULT;12145;1;1;0;37.60
20;RULT;12128;1;1;0;37.60
20;RULT;12148;1;1;0;37.60
20;RULT;12154;1;1;0;37.60
20;RULT;12146;1;1;0;37.60
20;RULT;12163;1;1;0;37.60
20;RULT;12131;1;1;0;37.60
20;RULT;12146;1;1;0;37.60
20;RULT;12121;1;1;0;37.60
20;RULT;12151;1;1;0;37.60
20;RULT;12130;1;1;0;37.60
20;RULT;12117;1;1;0;37.60
20;RULT;12128;1;1;0;37.60
20;RULT;12142;1;1;0;37.60
20;RULT;12152;1;1;0;37.60
20;RULT;12136;1;1;0;37.60
20;ILP;338460;1;1;0;0.00
20;ILP;336139;1;1;0;0.00
20;ILP;335665;1;1;0;0.00
20;ILP;324670;1;1;0;0.00
20;ILP;327221;1;1;0;0.00
20;ILP;334101;1;1;0;0.00
20;ILP;338346;1;1;0;0.00
20;ILP;335837;1;1;0;0.00
20;ILP;332549;1;1;0;0.00
20;ILP;324969;1;1;0;0.00
20;ILP;330105;1;1;0;0.00
20;ILP;335049;1;1;0;0.00
20;ILP;334538;1;1;0;0.00
20;ILP;333934;1;1;0;0.00
20;ILP;327508;1;1;0;0.00
20;ILP;325699;1;1;0;0.00
20;ILP;334937;1;1;0;0.00
20;ILP;337578;1;1;0;0.00
20;ILP;338608;1;1;0;0.00
20;ILP;327064;1;1;0;0.00
20;ILP;376992;1;1;0;0.00
20;ILP;372352;1;1;0;0.00
20;ILP;377642;1;1;0;0.00
20;ILP;376557;1;1;0;0.00
20;ILP;376771;1;1;0;0.00
20;ILP;373100;1;1;0;0.00
20;ILP;373686;1;1;0;0.00
20;ILP;377106;1;1;0;0.00
20;ILP;377069;1;1;0;0.00
20;ILP;377380;1;1;0;0.00
20;ILP;372410;1;1;0;0.00
20;ILP;373505;1;1;0;0.00
20;ILP;375212;1;1;0;0.00
20;ILP;376720;1;1;0;0.00
20;ILP;376678;1;1;0;0.00
20;ILP;372125;1;1;0;0.00
20;ILP;371290;1;1;0;0.00
20;ILP;375834;1;1;0;0.00
20;ILP;374949;1;1;0;0.00
20;ILP;377142;1;1;0;0.00
20;ILP;342443;1;1;0;0.00
20;ILP;338345;1;1;0;0.00
20;ILP;338087;1;1;0;0.00
20;ILP;337604;1;1;0;0.00
20;ILP;337057;1;1;0;0.00
20;ILP;337858;1;1;0;0.00
20;ILP;337860;1;1;0;0.00
20;ILP;343301;1;1;0;0.00
20;ILP;344806;1;1;0;0.00
20;ILP;343636;1;1;0;0.00
20;ILP;345291;1;1;0;0.00
20;ILP;347155;1;1;0;0.00
20;ILP;345420;1;1;0;0.00
20;ILP;343122;1;1;0;0.00
20;ILP;347038;1;1;0;0.00
20;ILP;346599;1;1;0;0.00
20;ILP;345403;1;1;0;0.00
20;ILP;345724;1;1;0;0.00
20;ILP;344942;1;1;0;0.00
20;ILP;346105;1;1;0;0.00
20;CP;2001266;0;0;1;0.00
20;CP;2000150;0;0;1;0.00
20;CP;1995560;0;0;1;0.00
20;CP;1999958;0;0;1;0.00
20;CP;2001957;0;0;1;0.00
20;CP;2003021;0;0;1;0.00
20;CP;1991343;0;0;1;0.00
20;CP;1997627;0;0;1;0.00
20;CP;1992831;0;0;1;0.00
20;CP;1997911;0;0;1;0.00
20;CP;2001524;0;0;1;0.00
20;CP;1993614;0;0;1;0.00
20;CP;1997315;0;0;1;0.00
20;CP;1993302;0;0;1;0.00
20;CP;1997588;0;0;1;0.00
20;CP;1992916;0;0;1;0.00
20;CP;1998155;0;0;1;0.00
20;CP;1991282;0;0;1;0.00
20;CP;1998244;0;0;1;0.00
20;CP;1993308;0;0;1;0.00
20;CP;619646;1;1;0;0.00
20;CP;647256;1;1;0;0.00
20;CP;651470;1;1;0;0.00
20;CP;604604;1;1;0;0.00
20;CP;650383;1;1;0;0.00
20;CP;649938;1;1;0;0.00
20;CP;605349;1;1;0;0.00
20;CP;651524;1;1;0;0.00
20;CP;651581;1;1;0;0.00
20;CP;605519;1;1;0;0.00
20;CP;651940;1;1;0;0.00
20;CP;651848;1;1;0;0.00
20;CP;604826;1;1;0;0.00
20;CP;649645;1;1;0;0.00
20;CP;651418;1;1;0;0.00
20;CP;605529;1;1;0;0.00
20;CP;649512;1;1;0;0.00
20;CP;651457;1;1;0;0.00
20;CP;604484;1;1;0;0.00
20;CP;650200;1;1;0;0.00
20;CP;1990514;0;0;1;0.00
20;CP;1998553;0;0;1;0.00
20;CP;1995075;0;0;1;0.00
20;CP;1998841;0;0;1;0.00
20;CP;1994814;0;0;1;0.00
20;CP;1999584;0;0;1;0.00
20;CP;1994828;0;0;1;0.00
20;CP;1999257;0;0;1;0.00
20;CP;1995034;0;0;1;0.00
20;CP;1998932;0;0;1;0.00
20;CP;1995238;0;0;1;0.00
20;CP;1998951;0;0;1;0.00
20;CP;1995079;0;0;1;0.00
20;CP;1999219;0;0;1;0.00
20;CP;1995195;0;0;1;0.00
20;CP;1999333;0;0;1;0.00
20;CP;1995024;0;0;1;0.00
20;CP;1999352;0;0;1;0.00
20;CP;1995413;0;0;1;0.00
20;CP;1998550;0;0;1;0.00
20;SCP;165976;1;1;0;0.00
20;SCP;165011;1;1;0;0.00
20;SCP;163720;1;1;0;0.00
20;SCP;160319;1;1;0;0.00
20;SCP;162418;1;1;0;0.00
20;SCP;166486;1;1;0;0.00
20;SCP;164221;1;1;0;0.00
20;SCP;166151;1;1;0;0.00
20;SCP;165903;1;1;0;0.00
20;SCP;165677;1;1;0;0.00
20;SCP;165625;1;1;0;0.00
20;SCP;166915;1;1;0;0.00
20;SCP;166798;1;1;0;0.00
20;SCP;166073;1;1;0;0.00
20;SCP;160675;1;1;0;0.00
20;SCP;161180;1;1;0;0.00
20;SCP;162749;1;1;0;0.00
20;SCP;165369;1;1;0;0.00
20;SCP;164277;1;1;0;0.00
20;SCP;164688;1;1;0;0.00
20;SCP;157680;1;1;0;0.00
20;SCP;157717;1;1;0;0.00
20;SCP;157027;1;1;0;0.00
20;SCP;156318;1;1;0;0.00
20;SCP;154827;1;1;0;0.00
20;SCP;152468;1;1;0;0.00
20;SCP;153384;1;1;0;0.00
20;SCP;153319;1;1;0;0.00
20;SCP;154985;1;1;0;0.00
20;SCP;156863;1;1;0;0.00
20;SCP;159120;1;1;0;0.00
20;SCP;156277;1;1;0;0.00
20;SCP;155851;1;1;0;0.00
20;SCP;156111;1;1;0;0.00
20;SCP;156302;1;1;0;0.00
20;SCP;156159;1;1;0;0.00
20;SCP;154874;1;1;0;0.00
20;SCP;154082;1;1;0;0.00
20;SCP;151407;1;1;0;0.00
20;SCP;152599;1;1;0;0.00
20;SCP;153586;1;1;0;0.00
20;SCP;149494;1;1;0;0.00
20;SCP;149003;1;1;0;0.00
20;SCP;149311;1;1;0;0.00
20;SCP;149867;1;1;0;0.00
20;SCP;151885;1;1;0;0.00
20;SCP;151644;1;1;0;0.00
20;SCP;151596;1;1;0;0.00
20;SCP;151689;1;1;0;0.00
20;SCP;152667;1;1;0;0.00
20;SCP;152216;1;1;0;0.00
20;SCP;151500;1;1;0;0.00
20;SCP;151915;1;1;0;0.00
20;SCP;153331;1;1;0;0.00
20;SCP;148752;1;1;0;0.00
20;SCP;148072;1;1;0;0.00
20;SCP;147870;1;1;0;0.00
20;SCP;150899;1;1;0;0.00
20;SCP;151144;1;1;0;0.00
20;SCP;151724;1;1;0;0.00
20;BFDC;533;1;1;0;3.54
20;BFDC;532;1;1;0;3.54
20;BFDC;539;1;1;0;3.54
20;BFDC;530;1;1;0;3.54
20;BFDC;531;1;1;0;3.54
20;BFDC;530;1;1;0;3.54
20;BFDC;531;1;1;0;3.54
20;BFDC;538;1;1;0;3.54
20;BFDC;533;1;1;0;3.54
20;BFDC;533;1;1;0;3.54
20;BFDC;532;1;1;0;3.54
20;BFDC;530;1;1;0;3.54
20;BFDC;533;1;1;0;3.54
20;BFDC;533;1;1;0;3.54
20;BFDC;533;1;1;0;3.54
20;BFDC;532;1;1;0;3.54
20;BFDC;534;1;1;0;3.54
20;BFDC;531;1;1;0;3.54
20;BFDC;536;1;1;0;3.54
20;BFDC;532;1;1;0;3.54
20;BFDC;528;1;1;0;3.52
20;BFDC;529;1;1;0;3.52
20;BFDC;528;1;1;0;3.52
20;BFDC;535;1;1;0;3.52
20;BFDC;528;1;1;0;3.52
20;BFDC;528;1;1;0;3.52
20;BFDC;527;1;1;0;3.52
20;BFDC;528;1;1;0;3.52
20;BFDC;528;1;1;0;3.52
20;BFDC;529;1;1;0;3.52
20;BFDC;526;1;1;0;3.52
20;BFDC;528;1;1;0;3.52
20;BFDC;527;1;1;0;3.52
20;BFDC;528;1;1;0;3.52
20;BFDC;539;1;1;0;3.52
20;BFDC;528;1;1;0;3.52
20;BFDC;528;1;1;0;3.52
20;BFDC;527;1;1;0;3.52
20;BFDC;527;1;1;0;3.52
20;BFDC;533;1;1;0;3.52
20;BFDC;472;1;1;0;3.23
20;BFDC;471;1;1;0;3.23
20;BFDC;478;1;1;0;3.23
20;BFDC;472;1;1;0;3.23
20;BFDC;471;1;1;0;3.23
20;BFDC;472;1;1;0;3.23
20;BFDC;471;1;1;0;3.23
20;BFDC;471;1;1;0;3.23
20;BFDC;471;1;1;0;3.23
20;BFDC;471;1;1;0;3.23
20;BFDC;470;1;1;0;3.23
20;BFDC;471;1;1;0;3.23
20;BFDC;471;1;1;0;3.23
20;BFDC;471;1;1;0;3.23
20;BFDC;471;1;1;0;3.23
20;BFDC;471;1;1;0;3.23
20;BFDC;471;1;1;0;3.23
20;BFDC;471;1;1;0;3.23
20;BFDC;471;1;1;0;3.23
20;BFDC;475;1;1;0;3.23
20;CRA;437538;1;1;0;1250.38
20;CRA;435740;1;1;0;1250.38
20;CRA;435758;1;1;0;1250.38
20;CRA;434701;1;1;0;1250.38
20;CRA;435645;1;1;0;1250.38
20;CRA;435788;1;1;0;1250.38
20;CRA;435777;1;1;0;1250.38
20;CRA;435657;1;1;0;1250.38
20;CRA;435858;1;1;0;1250.38
20;CRA;435702;1;1;0;1250.38
20;CRA;435638;1;1;0;1250.38
20;CRA;435677;1;1;0;1250.38
20;CRA;435266;1;1;0;1250.38
20;CRA;433445;1;1;0;1250.38
20;CRA;434620;1;1;0;1250.38
20;CRA;435825;1;1;0;1250.38
20;CRA;435845;1;1;0;1250.38
20;CRA;434722;1;1;0;1250.38
20;CRA;433180;1;1;0;1250.38
20;CRA;435236;1;1;0;1250.38
20;CRA;290702;1;1;0;786.05
20;CRA;290923;1;1;0;786.05
20;CRA;291106;1;1;0;786.05
20;CRA;289896;1;1;0;786.05
20;CRA;288688;1;1;0;786.05
20;CRA;288738;1;1;0;786.05
20;CRA;288642;1;1;0;786.05
20;CRA;288696;1;1;0;786.05
20;CRA;290843;1;1;0;786.05
20;CRA;291117;1;1;0;786.05
20;CRA;289905;1;1;0;786.05
20;CRA;288636;1;1;0;786.05
20;CRA;288671;1;1;0;786.05
20;CRA;288584;1;1;0;786.05
20;CRA;288766;1;1;0;786.05
20;CRA;290777;1;1;0;786.05
20;CRA;291176;1;1;0;786.05
20;CRA;289960;1;1;0;786.05
20;CRA;288617;1;1;0;786.05
20;CRA;288719;1;1;0;786.05
20;CRA;311005;1;1;0;848.05
20;CRA;309657;1;1;0;848.05
20;CRA;309796;1;1;0;848.05
20;CRA;309525;1;1;0;848.05
20;CRA;309445;1;1;0;848.05
20;CRA;309539;1;1;0;848.05
20;CRA;309463;1;1;0;848.05
20;CRA;309415;1;1;0;848.05
20;CRA;310940;1;1;0;848.05
20;CRA;309860;1;1;0;848.05
20;CRA;309469;1;1;0;848.05
20;CRA;309522;1;1;0;848.05
20;CRA;309610;1;1;0;848.05
20;CRA;309353;1;1;0;848.05
20;CRA;309422;1;1;0;848.05
20;CRA;309590;1;1;0;848.05
20;CRA;309762;1;1;0;848.05
20;CRA;309587;1;1;0;848.05
20;CRA;309692;1;1;0;848.05
20;CRA;309423;1;1;0;848.05
90;RULT;53279;1;1;0;155.71
90;RULT;53437;1;1;0;155.71
90;RULT;53584;1;1;0;155.71
90;RULT;53318;1;1;0;155.71
90;RULT;53444;1;1;0;155.71
90;RULT;53432;1;1;0;155.71
90;RULT;53296;1;1;0;155.71
90;RULT;53252;1;1;0;155.71
90;RULT;53517;1;1;0;155.71
90;RULT;53694;1;1;0;155.71
90;RULT;53411;1;1;0;155.71
90;RULT;53588;1;1;0;155.71
90;RULT;53394;1;1;0;155.71
90;RULT;53554;1;1;0;155.71
90;RULT;53624;1;1;0;155.71
90;RULT;53532;1;1;0;155.71
90;RULT;53469;1;1;0;155.71
90;RULT;53521;1;1;0;155.71
90;RULT;53463;1;1;0;155.71
90;RULT;53472;1;1;0;155.71
90;RULT;48849;1;1;0;142.40
90;RULT;48730;1;1;0;142.40
90;RULT;48724;1;1;0;142.40
90;RULT;48728;1;1;0;142.40
90;RULT;48702;1;1;0;142.40
90;RULT;48693;1;1;0;142.40
90;RULT;48741;1;1;0;142.40
90;RULT;48753;1;1;0;142.40
90;RULT;48699;1;1;0;142.40
90;RULT;48709;1;1;0;142.40
90;RULT;49454;1;1;0;142.40
90;RULT;48705;1;1;0;142.40
90;RULT;48714;1;1;0;142.40
90;RULT;48866;1;1;0;142.40
90;RULT;48674;1;1;0;142.40
90;RULT;48667;1;1;0;142.40
90;RULT;48654;1;1;0;142.40
90;RULT;48634;1;1;0;142.40
90;RULT;48676;1;1;0;142.40
90;RULT;48670;1;1;0;142.40
90;RULT;52123;1;1;0;150.49
90;RULT;52008;1;1;0;150.49
90;RULT;52006;1;1;0;150.49
90;RULT;52027;1;1;0;150.49
90;RULT;51986;1;1;0;150.49
90;RULT;52010;1;1;0;150.49
90;RULT;52029;1;1;0;150.49
90;RULT;52001;1;1;0;150.49
90;RULT;52028;1;1;0;150.49
90;RULT;52017;1;1;0;150.49
90;RULT;52964;1;1;0;150.49
90;RULT;52061;1;1;0;150.49
90;RULT;52062;1;1;0;150.49
90;RULT;52054;1;1;0;150.49
90;RULT;52040;1;1;0;150.49
90;RULT;52049;1;1;0;150.49
90;RULT;52084;1;1;0;150.49
90;RULT;52078;1;1;0;150.49
90;RULT;52047;1;1;0;150.49
90;RULT;52163;1;1;0;150.49
90;ILP;1529961;1;1;0;0.00
90;ILP;1449448;1;1;0;0.00
90;ILP;1446213;1;1;0;0.00
90;ILP;1445328;1;1;0;0.00
90;ILP;1443441;1;1;0;0.00
90;ILP;1441210;1;1;0;0.00
90;ILP;1435643;1;1;0;0.00
90;ILP;1441451;1;1;0;0.00
90;ILP;1449716;1;1;0;0.00
90;ILP;1451056;1;1;0;0.00
90;ILP;1443046;1;1;0;0.00
90;ILP;1440118;1;1;0;0.00
90;ILP;1430283;1;1;0;0.00
90;ILP;1444023;1;1;0;0.00
90;ILP;1451662;1;1;0;0.00
90;ILP;1446847;1;1;0;0.00
90;ILP;1438492;1;1;0;0.00
90;ILP;1437854;1;1;0;0.00
90;ILP;1437650;1;1;0;0.00
90;ILP;1453748;1;1;0;0.00
90;ILP;1735187;1;1;0;0.00
90;ILP;1725915;1;1;0;0.00
90;ILP;1709623;1;1;0;0.00
90;ILP;1601296;1;1;0;0.00
90;ILP;1587720;1;1;0;0.00
90;ILP;1596750;1;1;0;0.00
90;ILP;1582670;1;1;0;0.00
90;ILP;1576348;1;1;0;0.00
90;ILP;1571706;1;1;0;0.00
90;ILP;1576016;1;1;0;0.00
90;ILP;1571408;1;1;0;0.00
90;ILP;1576704;1;1;0;0.00
90;ILP;1571846;1;1;0;0.00
90;ILP;1574552;1;1;0;0.00
90;ILP;1572329;1;1;0;0.00
90;ILP;1582425;1;1;0;0.00
90;ILP;1628900;1;1;0;0.00
90;ILP;1616633;1;1;0;0.00
90;ILP;1616900;1;1;0;0.00
90;ILP;1617608;1;1;0;0.00
90;ILP;1752172;1;1;0;0.00
90;ILP;1649051;1;1;0;0.00
90;ILP;1639004;1;1;0;0.00
90;ILP;1629041;1;1;0;0.00
90;ILP;1641620;1;1;0;0.00
90;ILP;1634828;1;1;0;0.00
90;ILP;1637702;1;1;0;0.00
90;ILP;1629660;1;1;0;0.00
90;ILP;1617150;1;1;0;0.00
90;ILP;1638711;1;1;0;0.00
90;ILP;1632058;1;1;0;0.00
90;ILP;1641632;1;1;0;0.00
90;ILP;1632823;1;1;0;0.00
90;ILP;1629547;1;1;0;0.00
90;ILP;1655560;1;1;0;0.00
90;ILP;1634252;1;1;0;0.00
90;ILP;1634734;1;1;0;0.00
90;ILP;1636197;1;1;0;0.00
90;ILP;1628293;1;1;0;0.00
90;ILP;1643195;1;1;0;0.00
90;SCP;317348;1;1;0;0.00
90;SCP;316022;1;1;0;0.00
90;SCP;318442;1;1;0;0.00
90;SCP;319976;1;1;0;0.00
90;SCP;320737;1;1;0;0.00
90;SCP;318453;1;1;0;0.00
90;SCP;315255;1;1;0;0.00
90;SCP;317513;1;1;0;0.00
90;SCP;315311;1;1;0;0.00
90;SCP;319367;1;1;0;0.00
90;SCP;319452;1;1;0;0.00
90;SCP;319935;1;1;0;0.00
90;SCP;312939;1;1;0;0.00
90;SCP;316679;1;1;0;0.00
90;SCP;314738;1;1;0;0.00
90;SCP;319050;1;1;0;0.00
90;SCP;320185;1;1;0;0.00
90;SCP;320518;1;1;0;0.00
90;SCP;315690;1;1;0;0.00
90;SCP;316974;1;1;0;0.00
90;SCP;311289;1;1;0;0.00
90;SCP;310945;1;1;0;0.00
90;SCP;313581;1;1;0;0.00
90;SCP;314787;1;1;0;0.00
90;SCP;314194;1;1;0;0.00
90;SCP;315087;1;1;0;0.00
90;SCP;310780;1;1;0;0.00
90;SCP;314008;1;1;0;0.00
90;SCP;311568;1;1;0;0.00
90;SCP;313626;1;1;0;0.00
90;SCP;313232;1;1;0;0.00
90;SCP;312655;1;1;0;0.00
90;SCP;310420;1;1;0;0.00
90;SCP;312532;1;1;0;0.00
90;SCP;311438;1;1;0;0.00
90;SCP;314764;1;1;0;0.00
90;SCP;312338;1;1;0;0.00
90;SCP;311123;1;1;0;0.00
90;SCP;309839;1;1;0;0.00
90;SCP;313995;1;1;0;0.00
90;SCP;306722;1;1;0;0.00
90;SCP;304976;1;1;0;0.00
90;SCP;305406;1;1;0;0.00
90;SCP;303713;1;1;0;0.00
90;SCP;302841;1;1;0;0.00
90;SCP;304960;1;1;0;0.00
90;SCP;306976;1;1;0;0.00
90;SCP;308037;1;1;0;0.00
90;SCP;305028;1;1;0;0.00
90;SCP;307012;1;1;0;0.00
90;SCP;301142;1;1;0;0.00
90;SCP;304306;1;1;0;0.00
90;SCP;307406;1;1;0;0.00
90;SCP;305929;1;1;0;0.00
90;SCP;304763;1;1;0;0.00
90;SCP;306620;1;1;0;0.00
90;SCP;304282;1;1;0;0.00
90;SCP;304929;1;1;0;0.00
90;SCP;306610;1;1;0;0.00
90;SCP;310257;1;1;0;0.00
90;BFDC;1533;1;1;0;8.62
90;BFDC;1533;1;1;0;8.62
90;BFDC;1556;1;1;0;8.62
90;BFDC;1525;1;1;0;8.62
90;BFDC;1536;1;1;0;8.62
90;BFDC;1525;1;1;0;8.62
90;BFDC;1529;1;1;0;8.62
90;BFDC;1523;1;1;0;8.62
90;BFDC;1544;1;1;0;8.62
90;BFDC;1544;1;1;0;8.62
90;BFDC;1532;1;1;0;8.62
90;BFDC;1525;1;1;0;8.62
90;BFDC;1530;1;1;0;8.62
90;BFDC;1527;1;1;0;8.62
90;BFDC;1529;1;1;0;8.62
90;BFDC;1527;1;1;0;8.62
90;BFDC;1524;1;1;0;8.62
90;BFDC;1549;1;1;0;8.62
90;BFDC;1526;1;1;0;8.62
90;BFDC;1530;1;1;0;8.62
90;BFDC;1624;1;1;0;9.15
90;BFDC;1617;1;1;0;9.15
90;BFDC;1621;1;1;0;9.15
90;BFDC;1618;1;1;0;9.15
90;BFDC;1617;1;1;0;9.15
90;BFDC;1617;1;1;0;9.15
90;BFDC;1619;1;1;0;9.15
90;BFDC;1619;1;1;0;9.15
90;BFDC;1619;1;1;0;9.15
90;BFDC;1619;1;1;0;9.15
90;BFDC;1615;1;1;0;9.15
90;BFDC;1624;1;1;0;9.15
90;BFDC;1618;1;1;0;9.15
90;BFDC;1620;1;1;0;9.15
90;BFDC;1617;1;1;0;9.15
90;BFDC;1620;1;1;0;9.15
90;BFDC;1614;1;1;0;9.15
90;BFDC;1625;1;1;0;9.15
90;BFDC;1619;1;1;0;9.15
90;BFDC;1625;1;1;0;9.15
90;BFDC;1554;1;1;0;8.97
90;BFDC;1553;1;1;0;8.97
90;BFDC;1553;1;1;0;8.97
90;BFDC;1550;1;1;0;8.97
90;BFDC;1548;1;1;0;8.97
90;BFDC;1549;1;1;0;8.97
90;BFDC;1578;1;1;0;8.97
90;BFDC;1548;1;1;0;8.97
90;BFDC;1552;1;1;0;8.97
90;BFDC;1545;1;1;0;8.97
90;BFDC;1552;1;1;0;8.97
90;BFDC;1549;1;1;0;8.97
90;BFDC;1551;1;1;0;8.97
90;BFDC;1546;1;1;0;8.97
90;BFDC;1559;1;1;0;8.97
90;BFDC;1545;1;1;0;8.97
90;BFDC;1558;1;1;0;8.97
90;BFDC;1547;1;1;0;8.97
90;BFDC;1546;1;1;0;8.97
90;BFDC;1546;1;1;0;8.97
90;CRA;818330;1;1;0;2884.85
90;CRA;814365;1;1;0;2884.85
90;CRA;816673;1;1;0;2884.85
90;CRA;814400;1;1;0;2884.85
90;CRA;814183;1;1;0;2884.85
90;CRA;815120;1;1;0;2884.85
90;CRA;815259;1;1;0;2884.85
90;CRA;815985;1;1;0;2884.85
90;CRA;815594;1;1;0;2884.85
90;CRA;815458;1;1;0;2884.85
90;CRA;814181;1;1;0;2884.85
90;CRA;815224;1;1;0;2884.85
90;CRA;815695;1;1;0;2884.85
90;CRA;816209;1;1;0;2884.85
90;CRA;814264;1;1;0;2884.85
90;CRA;815985;1;1;0;2884.85
90;CRA;820008;1;1;0;2884.85
90;CRA;816099;1;1;0;2884.85
90;CRA;815524;1;1;0;2884.85
90;CRA;814837;1;1;0;2884.85
90;CRA;876017;1;1;0;3321.71
90;CRA;867236;1;1;0;3321.71
90;CRA;870602;1;1;0;3321.71
90;CRA;873322;1;1;0;3321.71
90;CRA;868792;1;1;0;3321.71
90;CRA;873504;1;1;0;3321.71
90;CRA;865604;1;1;0;3321.71
90;CRA;872584;1;1;0;3321.71
90;CRA;868192;1;1;0;3321.71
90;CRA;874459;1;1;0;3321.71
90;CRA;873478;1;1;0;3321.71
90;CRA;864840;1;1;0;3321.71
90;CRA;873599;1;1;0;3321.71
90;CRA;865670;1;1;0;3321.71
90;CRA;870431;1;1;0;3321.71
90;CRA;868690;1;1;0;3321.71
90;CRA;866160;1;1;0;3321.71
90;CRA;873375;1;1;0;3321.71
90;CRA;864000;1;1;0;3321.71
90;CRA;872760;1;1;0;3321.71
90;CRA;826194;1;1;0;2949.85
90;CRA;819815;1;1;0;2949.85
90;CRA;818035;1;1;0;2949.85
90;CRA;824298;1;1;0;2949.85
90;CRA;816549;1;1;0;2949.85
90;CRA;823379;1;1;0;2949.85
90;CRA;819856;1;1;0;2949.85
90;CRA;820899;1;1;0;2949.85
90;CRA;832110;1;1;0;2949.85
90;CRA;848544;1;1;0;2949.85
90;CRA;829631;1;1;0;2949.85
90;CRA;835584;1;1;0;2949.85
90;CRA;825489;1;1;0;2949.85
90;CRA;820548;1;1;0;2949.85
90;CRA;816933;1;1;0;2949.85
90;CRA;825971;1;1;0;2949.85
90;CRA;821867;1;1;0;2949.85
90;CRA;823398;1;1;0;2949.85
90;CRA;820130;1;1;0;2949.85
90;CRA;818698;1;1;0;2949.85
70;RULT;39906;1;1;0;119.32
70;RULT;40407;1;1;0;119.32
70;RULT;39858;1;1;0;119.32
70;RULT;40227;1;1;0;119.32
70;RULT;40279;1;1;0;119.32
70;RULT;39827;1;1;0;119.32
70;RULT;39836;1;1;0;119.32
70;RULT;39950;1;1;0;119.32
70;RULT;40183;1;1;0;119.32
70;RULT;39846;1;1;0;119.32
70;RULT;40008;1;1;0;119.32
70;RULT;39902;1;1;0;119.32
70;RULT;39819;1;1;0;119.32
70;RULT;39816;1;1;0;119.32
70;RULT;40786;1;1;0;119.32
70;RULT;40095;1;1;0;119.32
70;RULT;40197;1;1;0;119.32
70;RULT;39944;1;1;0;119.32
70;RULT;39978;1;1;0;119.32
70;RULT;39849;1;1;0;119.32
70;RULT;40046;1;1;0;115.86
70;RULT;39945;1;1;0;115.86
70;RULT;39969;1;1;0;115.86
70;RULT;39975;1;1;0;115.86
70;RULT;40030;1;1;0;115.86
70;RULT;39973;1;1;0;115.86
70;RULT;39987;1;1;0;115.86
70;RULT;39984;1;1;0;115.86
70;RULT;39982;1;1;0;115.86
70;RULT;39968;1;1;0;115.86
70;RULT;40032;1;1;0;115.86
70;RULT;39951;1;1;0;115.86
70;RULT;39989;1;1;0;115.86
70;RULT;40030;1;1;0;115.86
70;RULT;39983;1;1;0;115.86
70;RULT;39973;1;1;0;115.86
70;RULT;40006;1;1;0;115.86
70;RULT;39992;1;1;0;115.86
70;RULT;39979;1;1;0;115.86
70;RULT;40044;1;1;0;115.86
70;RULT;46753;1;1;0;134.43
70;RULT;46695;1;1;0;134.43
70;RULT;46691;1;1;0;134.43
70;RULT;46721;1;1;0;134.43
70;RULT;46785;1;1;0;134.43
70;RULT;46677;1;1;0;134.43
70;RULT;46637;1;1;0;134.43
70;RULT;46626;1;1;0;134.43
70;RULT;46636;1;1;0;134.43
70;RULT;46624;1;1;0;134.43
70;RULT;47491;1;1;0;134.43
70;RULT;46713;1;1;0;134.43
70;RULT;46744;1;1;0;134.43
70;RULT;46696;1;1;0;134.43
70;RULT;46728;1;1;0;134.43
70;RULT;46699;1;1;0;134.43
70;RULT;46714;1;1;0;134.43
70;RULT;46725;1;1;0;134.43
70;RULT;46764;1;1;0;134.43
70;RULT;46721;1;1;0;134.43
70;ILP;1214141;1;1;0;0.00
70;ILP;1152333;1;1;0;0.00
70;ILP;1143281;1;1;0;0.00
70;ILP;1134710;1;1;0;0.00
70;ILP;1143192;1;1;0;0.00
70;ILP;1139656;1;1;0;0.00
70;ILP;1150087;1;1;0;0.00
70;ILP;1137607;1;1;0;0.00
70;ILP;1143972;1;1;0;0.00
70;ILP;1148827;1;1;0;0.00
70;ILP;1133300;1;1;0;0.00
70;ILP;1129731;1;1;0;0.00
70;ILP;1141287;1;1;0;0.00
70;ILP;1139944;1;1;0;0.00
70;ILP;1142884;1;1;0;0.00
70;ILP;1140863;1;1;0;0.00
70;ILP;1143300;1;1;0;0.00
70;ILP;1146450;1;1;0;0.00
70;ILP;1130560;1;1;0;0.00
70;ILP;1135456;1;1;0;0.00
70;ILP;1202692;1;1;0;0.00
70;ILP;1128519;1;1;0;0.00
70;ILP;1125252;1;1;0;0.00
70;ILP;1127565;1;1;0;0.00
70;ILP;1109564;1;1;0;0.00
70;ILP;1130505;1;1;0;0.00
70;ILP;1123149;1;1;0;0.00
70;ILP;1114691;1;1;0;0.00
70;ILP;1131775;1;1;0;0.00
70;ILP;1117095;1;1;0;0.00
70;ILP;1124175;1;1;0;0.00
70;ILP;1122695;1;1;0;0.00
70;ILP;1116184;1;1;0;0.00
70;ILP;1130825;1;1;0;0.00
70;ILP;1126229;1;1;0;0.00
70;ILP;1112728;1;1;0;0.00
70;ILP;1130063;1;1;0;0.00
70;ILP;1118954;1;1;0;0.00
70;ILP;1116994;1;1;0;0.00
70;ILP;1131803;1;1;0;0.00
70;ILP;1206001;1;1;0;0.00
70;ILP;1129511;1;1;0;0.00
70;ILP;1135422;1;1;0;0.00
70;ILP;1130816;1;1;0;0.00
70;ILP;1110747;1;1;0;0.00
70;ILP;1129484;1;1;0;0.00
70;ILP;1120140;1;1;0;0.00
70;ILP;1128949;1;1;0;0.00
70;ILP;1122536;1;1;0;0.00
70;ILP;1132397;1;1;0;0.00
70;ILP;1124301;1;1;0;0.00
70;ILP;1131550;1;1;0;0.00
70;ILP;1128684;1;1;0;0.00
70;ILP;1112611;1;1;0;0.00
70;ILP;1134341;1;1;0;0.00
70;ILP;1121014;1;1;0;0.00
70;ILP;1131824;1;1;0;0.00
70;ILP;1123472;1;1;0;0.00
70;ILP;1132477;1;1;0;0.00
70;ILP;1127603;1;1;0;0.00
70;CP;1995394;0;0;1;0.00
70;CP;2003069;0;0;1;0.00
70;CP;1996278;0;0;1;0.00
70;CP;1999789;0;0;1;0.00
70;CP;1995847;0;0;1;0.00
70;CP;2006968;0;0;1;0.00
70;CP;2006137;0;0;1;0.00
70;CP;2005886;0;0;1;0.00
70;CP;2005816;0;0;1;0.00
70;CP;2003126;0;0;1;0.00
70;CP;2006003;0;0;1;0.00
70;CP;1999195;0;0;1;0.00
70;CP;2005741;0;0;1;0.00
70;CP;2006458;0;0;1;0.00
70;CP;2005436;0;0;1;0.00
70;CP;1995414;0;0;1;0.00
70;CP;1999789;0;0;1;0.00
70;CP;2006152;0;0;1;0.00
70;CP;2006974;0;0;1;0.00
70;CP;2006897;0;0;1;0.00
70;CP;1999657;0;0;1;0.00
70;CP;2007389;0;0;1;0.00
70;CP;2009208;0;0;1;0.00
70;CP;2005710;0;0;1;0.00
70;CP;2005380;0;0;1;0.00
70;CP;2009703;0;0;1;0.00
70;CP;2004909;0;0;1;0.00
70;CP;2001752;0;0;1;0.00
70;CP;1989406;1;1;0;0.00
70;CP;1993328;1;1;0;0.00
70;CP;2006113;0;0;1;0.00
70;CP;2005731;1;1;0;0.00
70;CP;2004774;0;0;1;0.00
70;CP;2005534;1;1;0;0.00
70;CP;2007518;1;1;0;0.00
70;CP;2000763;0;0;1;0.00
70;CP;2005419;0;0;1;0.00
70;CP;2001571;0;0;1;0.00
70;CP;2011571;1;1;0;0.00
70;CP;2016724;1;1;0;0.00
70;CP;1998239;0;0;1;0.00
70;CP;1998076;0;0;1;0.00
70;CP;2004880;0;0;1;0.00
70;CP;2004750;0;0;1;0.00
70;CP;1994502;0;0;1;0.00
70;CP;1994953;0;0;1;0.00
70;CP;1999657;0;0;1;0.00
70;CP;2002782;0;0;1;0.00
70;CP;1994050;0;0;1;0.00
70;CP;2002751;0;0;1;0.00
70;CP;2000551;0;0;1;0.00
70;CP;2000000;0;0;1;0.00
70;CP;2002413;0;0;1;0.00
70;CP;1997684;0;0;1;0.00
70;CP;1998899;0;0;1;0.00
70;CP;1998368;0;0;1;0.00
70;CP;2003146;0;0;1;0.00
70;CP;1996043;0;0;1;0.00
70;CP;2004682;0;0;1;0.00
70;CP;2000084;0;0;1;0.00
70;SCP;269469;1;1;0;0.00
70;SCP;266818;1;1;0;0.00
70;SCP;273669;1;1;0;0.00
70;SCP;274860;1;1;0;0.00
70;SCP;272094;1;1;0;0.00
70;SCP;271862;1;1;0;0.00
70;SCP;271856;1;1;0;0.00
70;SCP;272460;1;1;0;0.00
70;SCP;266362;1;1;0;0.00
70;SCP;268710;1;1;0;0.00
70;SCP;275034;1;1;0;0.00
70;SCP;272718;1;1;0;0.00
70;SCP;272595;1;1;0;0.00
70;SCP;272074;1;1;0;0.00
70;SCP;275765;1;1;0;0.00
70;SCP;263926;1;1;0;0.00
70;SCP;265593;1;1;0;0.00
70;SCP;265838;1;1;0;0.00
70;SCP;271045;1;1;0;0.00
70;SCP;271439;1;1;0;0.00
70;SCP;271544;1;1;0;0.00
70;SCP;274481;1;1;0;0.00
70;SCP;273870;1;1;0;0.00
70;SCP;273279;1;1;0;0.00
70;SCP;269649;1;1;0;0.00
70;SCP;270228;1;1;0;0.00
70;SCP;266604;1;1;0;0.00
70;SCP;267714;1;1;0;0.00
70;SCP;275416;1;1;0;0.00
70;SCP;274124;1;1;0;0.00
70;SCP;274059;1;1;0;0.00
70;SCP;273360;1;1;0;0.00
70;SCP;266251;1;1;0;0.00
70;SCP;267389;1;1;0;0.00
70;SCP;269497;1;1;0;0.00
70;SCP;273118;1;1;0;0.00
70;SCP;273859;1;1;0;0.00
70;SCP;273714;1;1;0;0.00
70;SCP;274243;1;1;0;0.00
70;SCP;268972;1;1;0;0.00
70;SCP;272026;1;1;0;0.00
70;SCP;271469;1;1;0;0.00
70;SCP;274988;1;1;0;0.00
70;SCP;278003;1;1;0;0.00
70;SCP;275383;1;1;0;0.00
70;SCP;271879;1;1;0;0.00
70;SCP;275341;1;1;0;0.00
70;SCP;275959;1;1;0;0.00
70;SCP;276254;1;1;0;0.00
70;SCP;270843;1;1;0;0.00
70;SCP;276391;1;1;0;0.00
70;SCP;273830;1;1;0;0.00
70;SCP;272530;1;1;0;0.00
70;SCP;274340;1;1;0;0.00
70;SCP;276773;1;1;0;0.00
70;SCP;273684;1;1;0;0.00
70;SCP;270349;1;1;0;0.00
70;SCP;276126;1;1;0;0.00
70;SCP;275043;1;1;0;0.00
70;SCP;273844;1;1;0;0.00
70;BFDC;1224;1;1;0;7.12
70;BFDC;1216;1;1;0;7.12
70;BFDC;1215;1;1;0;7.12
70;BFDC;1229;1;1;0;7.12
70;BFDC;1214;1;1;0;7.12
70;BFDC;1218;1;1;0;7.12
70;BFDC;1221;1;1;0;7.12
70;BFDC;1213;1;1;0;7.12
70;BFDC;1218;1;1;0;7.12
70;BFDC;1217;1;1;0;7.12
70;BFDC;1216;1;1;0;7.12
70;BFDC;1220;1;1;0;7.12
70;BFDC;1216;1;1;0;7.12
70;BFDC;1217;1;1;0;7.12
70;BFDC;1222;1;1;0;7.12
70;BFDC;1215;1;1;0;7.12
70;BFDC;1218;1;1;0;7.12
70;BFDC;1215;1;1;0;7.12
70;BFDC;1215;1;1;0;7.12
70;BFDC;1220;1;1;0;7.12
70;BFDC;1261;1;1;0;7.40
70;BFDC;1266;1;1;0;7.40
70;BFDC;1257;1;1;0;7.40
70;BFDC;1255;1;1;0;7.40
70;BFDC;1264;1;1;0;7.40
70;BFDC;1258;1;1;0;7.40
70;BFDC;1258;1;1;0;7.40
70;BFDC;1258;1;1;0;7.40
70;BFDC;1257;1;1;0;7.40
70;BFDC;1268;1;1;0;7.40
70;BFDC;1256;1;1;0;7.40
70;BFDC;1258;1;1;0;7.40
70;BFDC;1259;1;1;0;7.40
70;BFDC;1258;1;1;0;7.40
70;BFDC;1268;1;1;0;7.40
70;BFDC;1261;1;1;0;7.40
70;BFDC;1262;1;1;0;7.40
70;BFDC;1269;1;1;0;7.40
70;BFDC;1265;1;1;0;7.40
70;BFDC;1268;1;1;0;7.40
70;BFDC;1283;1;1;0;7.66
70;BFDC;1266;1;1;0;7.66
70;BFDC;1265;1;1;0;7.66
70;BFDC;1265;1;1;0;7.66
70;BFDC;1266;1;1;0;7.66
70;BFDC;1269;1;1;0;7.66
70;BFDC;1262;1;1;0;7.66
70;BFDC;1265;1;1;0;7.66
70;BFDC;1273;1;1;0;7.66
70;BFDC;1265;1;1;0;7.66
70;BFDC;1273;1;1;0;7.66
70;BFDC;1263;1;1;0;7.66
70;BFDC;1265;1;1;0;7.66
70;BFDC;1271;1;1;0;7.66
70;BFDC;1264;1;1;0;7.66
70;BFDC;1268;1;1;0;7.66
70;BFDC;1264;1;1;0;7.66
70;BFDC;1265;1;1;0;7.66
70;BFDC;1272;1;1;0;7.66
70;BFDC;1265;1;1;0;7.66
70;CRA;695534;1;1;0;2251.80
70;CRA;690909;1;1;0;2251.80
70;CRA;695209;1;1;0;2251.80
70;CRA;691505;1;1;0;2251.80
70;CRA;691459;1;1;0;2251.80
70;CRA;695032;1;1;0;2251.80
70;CRA;691056;1;1;0;2251.80
70;CRA;691599;1;1;0;2251.80
70;CRA;695369;1;1;0;2251.80
70;CRA;691022;1;1;0;2251.80
70;CRA;691995;1;1;0;2251.80
70;CRA;695378;1;1;0;2251.80
70;CRA;690826;1;1;0;2251.80
70;CRA;692668;1;1;0;2251.80
70;CRA;695054;1;1;0;2251.80
70;CRA;690470;1;1;0;2251.80
70;CRA;692946;1;1;0;2251.80
70;CRA;695232;1;1;0;2251.80
70;CRA;690322;1;1;0;2251.80
70;CRA;693175;1;1;0;2251.80
70;CRA;734502;1;1;0;2418.69
70;CRA;731830;1;1;0;2418.69
70;CRA;731671;1;1;0;2418.69
70;CRA;732329;1;1;0;2418.69
70;CRA;731391;1;1;0;2418.69
70;CRA;731945;1;1;0;2418.69
70;CRA;731004;1;1;0;2418.69
70;CRA;731731;1;1;0;2418.69
70;CRA;730858;1;1;0;2418.69
70;CRA;731583;1;1;0;2418.69
70;CRA;730684;1;1;0;2418.69
70;CRA;731838;1;1;0;2418.69
70;CRA;730792;1;1;0;2418.69
70;CRA;731528;1;1;0;2418.69
70;CRA;730544;1;1;0;2418.69
70;CRA;731983;1;1;0;2418.69
70;CRA;730508;1;1;0;2418.69
70;CRA;731994;1;1;0;2418.69
70;CRA;730809;1;1;0;2418.69
70;CRA;731789;1;1;0;2418.69
70;CRA;750885;1;1;0;2529.26
70;CRA;744618;1;1;0;2529.26
70;CRA;739732;1;1;0;2529.26
70;CRA;745618;1;1;0;2529.26
70;CRA;742094;1;1;0;2529.26
70;CRA;741942;1;1;0;2529.26
70;CRA;746799;1;1;0;2529.26
70;CRA;741880;1;1;0;2529.26
70;CRA;742061;1;1;0;2529.26
70;CRA;746383;1;1;0;2529.26
70;CRA;742247;1;1;0;2529.26
70;CRA;742019;1;1;0;2529.26
70;CRA;746459;1;1;0;2529.26
70;CRA;742114;1;1;0;2529.26
70;CRA;746454;1;1;0;2529.26
70;CRA;742103;1;1;0;2529.26
70;CRA;742061;1;1;0;2529.26
70;CRA;746497;1;1;0;2529.26
70;CRA;742001;1;1;0;2529.26
70;CRA;741785;1;1;0;2529.26
40;RULT;20701;1;1;0;62.82
40;RULT;20731;1;1;0;62.82
40;RULT;20717;1;1;0;62.82
40;RULT;20743;1;1;0;62.82
40;RULT;20725;1;1;0;62.82
40;RULT;20739;1;1;0;62.82
40;RULT;20717;1;1;0;62.82
40;RULT;20700;1;1;0;62.82
40;RULT;20734;1;1;0;62.82
40;RULT;20700;1;1;0;62.82
40;RULT;20731;1;1;0;62.82
40;RULT;20739;1;1;0;62.82
40;RULT;20727;1;1;0;62.82
40;RULT;20754;1;1;0;62.82
40;RULT;20720;1;1;0;62.82
40;RULT;20723;1;1;0;62.82
40;RULT;20705;1;1;0;62.82
40;RULT;20728;1;1;0;62.82
40;RULT;20723;1;1;0;62.82
40;RULT;20718;1;1;0;62.82
40;RULT;21202;1;1;0;62.30
40;RULT;21250;1;1;0;62.30
40;RULT;21354;1;1;0;62.30
40;RULT;21236;1;1;0;62.30
40;RULT;21251;1;1;0;62.30
40;RULT;21201;1;1;0;62.30
40;RULT;21213;1;1;0;62.30
40;RULT;21184;1;1;0;62.30
40;RULT;21181;1;1;0;62.30
40;RULT;21180;1;1;0;62.30
40;RULT;21170;1;1;0;62.30
40;RULT;21180;1;1;0;62.30
40;RULT;21200;1;1;0;62.30
40;RULT;21374;1;1;0;62.30
40;RULT;21529;1;1;0;62.30
40;RULT;21253;1;1;0;62.30
40;RULT;21232;1;1;0;62.30
40;RULT;21231;1;1;0;62.30
40;RULT;21509;1;1;0;62.30
40;RULT;21236;1;1;0;62.30
40;RULT;20720;1;1;0;63.82
40;RULT;20651;1;1;0;63.82
40;RULT;20573;1;1;0;63.82
40;RULT;20553;1;1;0;63.82
40;RULT;20557;1;1;0;63.82
40;RULT;20559;1;1;0;63.82
40;RULT;20557;1;1;0;63.82
40;RULT;20590;1;1;0;63.82
40;RULT;20559;1;1;0;63.82
40;RULT;20560;1;1;0;63.82
40;RULT;20559;1;1;0;63.82
40;RULT;20550;1;1;0;63.82
40;RULT;20560;1;1;0;63.82
40;RULT;20543;1;1;0;63.82
40;RULT;20557;1;1;0;63.82
40;RULT;20559;1;1;0;63.82
40;RULT;20563;1;1;0;63.82
40;RULT;20566;1;1;0;63.82
40;RULT;20590;1;1;0;63.82
40;RULT;20587;1;1;0;63.82
40;ILP;767907;1;1;0;0.00
40;ILP;746985;1;1;0;0.00
40;ILP;742479;1;1;0;0.00
40;ILP;725604;1;1;0;0.00
40;ILP;737904;1;1;0;0.00
40;ILP;740218;1;1;0;0.00
40;ILP;733224;1;1;0;0.00
40;ILP;742426;1;1;0;0.00
40;ILP;742599;1;1;0;0.00
40;ILP;736049;1;1;0;0.00
40;ILP;741850;1;1;0;0.00
40;ILP;735085;1;1;0;0.00
40;ILP;741498;1;1;0;0.00
40;ILP;744141;1;1;0;0.00
40;ILP;729990;1;1;0;0.00
40;ILP;742250;1;1;0;0.00
40;ILP;743434;1;1;0;0.00
40;ILP;745502;1;1;0;0.00
40;ILP;741454;1;1;0;0.00
40;ILP;730862;1;1;0;0.00
40;ILP;797407;1;1;0;0.00
40;ILP;746096;1;1;0;0.00
40;ILP;740297;1;1;0;0.00
40;ILP;744549;1;1;0;0.00
40;ILP;740648;1;1;0;0.00
40;ILP;741192;1;1;0;0.00
40;ILP;744984;1;1;0;0.00
40;ILP;742660;1;1;0;0.00
40;ILP;749958;1;1;0;0.00
40;ILP;749152;1;1;0;0.00
40;ILP;734889;1;1;0;0.00
40;ILP;728428;1;1;0;0.00
40;ILP;732579;1;1;0;0.00
40;ILP;731004;1;1;0;0.00
40;ILP;733711;1;1;0;0.00
40;ILP;726654;1;1;0;0.00
40;ILP;742591;1;1;0;0.00
40;ILP;735774;1;1;0;0.00
40;ILP;720505;1;1;0;0.00
40;ILP;736220;1;1;0;0.00
40;ILP;719596;1;1;0;0.00
40;ILP;669237;1;1;0;0.00
40;ILP;646744;1;1;0;0.00
40;ILP;662810;1;1;0;0.00
40;ILP;662064;1;1;0;0.00
40;ILP;652377;1;1;0;0.00
40;ILP;660137;1;1;0;0.00
40;ILP;662856;1;1;0;0.00
40;ILP;661641;1;1;0;0.00
40;ILP;659292;1;1;0;0.00
40;ILP;663619;1;1;0;0.00
40;ILP;661899;1;1;0;0.00
40;ILP;657998;1;1;0;0.00
40;ILP;660780;1;1;0;0.00
40;ILP;663831;1;1;0;0.00
40;ILP;655167;1;1;0;0.00
40;ILP;664805;1;1;0;0.00
40;ILP;663183;1;1;0;0.00
40;ILP;653834;1;1;0;0.00
40;ILP;666270;1;1;0;0.00
40;CP;1460315;1;1;0;0.00
40;CP;1391733;1;1;0;0.00
40;CP;1424971;1;1;0;0.00
40;CP;1437347;1;1;0;0.00
40;CP;1385335;1;1;0;0.00
40;CP;1441206;1;1;0;0.00
40;CP;1423366;1;1;0;0.00
40;CP;1361546;1;1;0;0.00
40;CP;1439142;1;1;0;0.00
40;CP;1413399;1;1;0;0.00
40;CP;1391899;1;1;0;0.00
40;CP;1442767;1;1;0;0.00
40;CP;1396769;1;1;0;0.00
40;CP;1425604;1;1;0;0.00
40;CP;1440644;1;1;0;0.00
40;CP;1396778;1;1;0;0.00
40;CP;1440368;1;1;0;0.00
40;CP;1428457;1;1;0;0.00
40;CP;1363450;1;1;0;0.00
40;CP;1439003;1;1;0;0.00
40;CP;1201680;1;1;0;0.00
40;CP;1242786;1;1;0;0.00
40;CP;1206196;1;1;0;0.00
40;CP;1178564;1;1;0;0.00
40;CP;1242240;1;1;0;0.00
40;CP;1192664;1;1;0;0.00
40;CP;1230044;1;1;0;0.00
40;CP;1239125;1;1;0;0.00
40;CP;1184289;1;1;0;0.00
40;CP;1238002;1;1;0;0.00
40;CP;1206979;1;1;0;0.00
40;CP;1184072;1;1;0;0.00
40;CP;1240156;1;1;0;0.00
40;CP;1200371;1;1;0;0.00
40;CP;1221855;1;1;0;0.00
40;CP;1232351;1;1;0;0.00
40;CP;1179183;1;1;0;0.00
40;CP;1241677;1;1;0;0.00
40;CP;1218393;1;1;0;0.00
40;CP;1188590;1;1;0;0.00
40;CP;1239257;1;1;0;0.00
40;CP;1297247;1;1;0;0.00
40;CP;1256239;1;1;0;0.00
40;CP;1300805;1;1;0;0.00
40;CP;1276159;1;1;0;0.00
40;CP;1267434;1;1;0;0.00
40;CP;1301932;1;1;0;0.00
40;CP;1237609;1;1;0;0.00
40;CP;1302853;1;1;0;0.00
40;CP;1255932;1;1;0;0.00
40;CP;1301470;1;1;0;0.00
40;CP;1292399;1;1;0;0.00
40;CP;1230744;1;1;0;0.00
40;CP;1207470;1;1;0;0.00
40;CP;1241725;1;1;0;0.00
40;CP;1246990;1;1;0;0.00
40;CP;1238047;1;1;0;0.00
40;CP;1258568;1;1;0;0.00
40;CP;1251624;1;1;0;0.00
40;CP;1230433;1;1;0;0.00
40;SCP;215837;1;1;0;0.00
40;SCP;212055;1;1;0;0.00
40;SCP;217684;1;1;0;0.00
40;SCP;217741;1;1;0;0.00
40;SCP;217621;1;1;0;0.00
40;SCP;219536;1;1;0;0.00
40;SCP;217825;1;1;0;0.00
40;SCP;218439;1;1;0;0.00
40;SCP;218094;1;1;0;0.00
40;SCP;219652;1;1;0;0.00
40;SCP;217649;1;1;0;0.00
40;SCP;212319;1;1;0;0.00
40;SCP;218015;1;1;0;0.00
40;SCP;217816;1;1;0;0.00
40;SCP;219610;1;1;0;0.00
40;SCP;218103;1;1;0;0.00
40;SCP;218076;1;1;0;0.00
40;SCP;218065;1;1;0;0.00
40;SCP;218952;1;1;0;0.00
40;SCP;218118;1;1;0;0.00
40;SCP;213107;1;1;0;0.00
40;SCP;212814;1;1;0;0.00
40;SCP;213190;1;1;0;0.00
40;SCP;212623;1;1;0;0.00
40;SCP;212689;1;1;0;0.00
40;SCP;212966;1;1;0;0.00
40;SCP;212021;1;1;0;0.00
40;SCP;206023;1;1;0;0.00
40;SCP;208687;1;1;0;0.00
40;SCP;213089;1;1;0;0.00
40;SCP;212945;1;1;0;0.00
40;SCP;213387;1;1;0;0.00
40;SCP;213156;1;1;0;0.00
40;SCP;213323;1;1;0;0.00
40;SCP;213600;1;1;0;0.00
40;SCP;212572;1;1;0;0.00
40;SCP;208012;1;1;0;0.00
40;SCP;209418;1;1;0;0.00
40;SCP;211875;1;1;0;0.00
40;SCP;213268;1;1;0;0.00
40;SCP;204504;1;1;0;0.00
40;SCP;209250;1;1;0;0.00
40;SCP;204972;1;1;0;0.00
40;SCP;205376;1;1;0;0.00
40;SCP;205595;1;1;0;0.00
40;SCP;208770;1;1;0;0.00
40;SCP;206992;1;1;0;0.00
40;SCP;206075;1;1;0;0.00
40;SCP;207826;1;1;0;0.00
40;SCP;210154;1;1;0;0.00
40;SCP;204319;1;1;0;0.00
40;SCP;206188;1;1;0;0.00
40;SCP;206400;1;1;0;0.00
40;SCP;207068;1;1;0;0.00
40;SCP;203520;1;1;0;0.00
40;SCP;206337;1;1;0;0.00
40;SCP;206477;1;1;0;0.00
40;SCP;206773;1;1;0;0.00
40;SCP;205024;1;1;0;0.00
40;SCP;208076;1;1;0;0.00
40;BFDC;682;1;1;0;4.22
40;BFDC;673;1;1;0;4.22
40;BFDC;673;1;1;0;4.22
40;BFDC;673;1;1;0;4.22
40;BFDC;678;1;1;0;4.22
40;BFDC;674;1;1;0;4.22
40;BFDC;673;1;1;0;4.22
40;BFDC;673;1;1;0;4.22
40;BFDC;674;1;1;0;4.22
40;BFDC;672;1;1;0;4.22
40;BFDC;672;1;1;0;4.22
40;BFDC;674;1;1;0;4.22
40;BFDC;674;1;1;0;4.22
40;BFDC;679;1;1;0;4.22
40;BFDC;675;1;1;0;4.22
40;BFDC;673;1;1;0;4.22
40;BFDC;673;1;1;0;4.22
40;BFDC;682;1;1;0;4.22
40;BFDC;673;1;1;0;4.22
40;BFDC;675;1;1;0;4.22
40;BFDC;706;1;1;0;4.33
40;BFDC;703;1;1;0;4.33
40;BFDC;701;1;1;0;4.33
40;BFDC;709;1;1;0;4.33
40;BFDC;702;1;1;0;4.33
40;BFDC;701;1;1;0;4.33
40;BFDC;701;1;1;0;4.33
40;BFDC;707;1;1;0;4.33
40;BFDC;702;1;1;0;4.33
40;BFDC;702;1;1;0;4.33
40;BFDC;700;1;1;0;4.33
40;BFDC;701;1;1;0;4.33
40;BFDC;705;1;1;0;4.33
40;BFDC;701;1;1;0;4.33
40;BFDC;701;1;1;0;4.33
40;BFDC;700;1;1;0;4.33
40;BFDC;708;1;1;0;4.33
40;BFDC;704;1;1;0;4.33
40;BFDC;701;1;1;0;4.33
40;BFDC;702;1;1;0;4.33
40;BFDC;797;1;1;0;4.96
40;BFDC;792;1;1;0;4.96
40;BFDC;801;1;1;0;4.96
40;BFDC;793;1;1;0;4.96
40;BFDC;792;1;1;0;4.96
40;BFDC;796;1;1;0;4.96
40;BFDC;799;1;1;0;4.96
40;BFDC;796;1;1;0;4.96
40;BFDC;791;1;1;0;4.96
40;BFDC;794;1;1;0;4.96
40;BFDC;799;1;1;0;4.96
40;BFDC;793;1;1;0;4.96
40;BFDC;794;1;1;0;4.96
40;BFDC;794;1;1;0;4.96
40;BFDC;799;1;1;0;4.96
40;BFDC;793;1;1;0;4.96
40;BFDC;795;1;1;0;4.96
40;BFDC;793;1;1;0;4.96
40;BFDC;809;1;1;0;4.96
40;BFDC;793;1;1;0;4.96
40;CRA;577410;1;1;0;1759.69
40;CRA;574984;1;1;0;1759.69
40;CRA;570559;1;1;0;1759.69
40;CRA;574428;1;1;0;1759.69
40;CRA;572477;1;1;0;1759.69
40;CRA;574721;1;1;0;1759.69
40;CRA;570908;1;1;0;1759.69
40;CRA;574995;1;1;0;1759.69
40;CRA;574982;1;1;0;1759.69
40;CRA;570757;1;1;0;1759.69
40;CRA;574148;1;1;0;1759.69
40;CRA;572426;1;1;0;1759.69
40;CRA;575114;1;1;0;1759.69
40;CRA;570323;1;1;0;1759.69
40;CRA;574995;1;1;0;1759.69
40;CRA;574933;1;1;0;1759.69
40;CRA;571411;1;1;0;1759.69
40;CRA;573929;1;1;0;1759.69
40;CRA;572653;1;1;0;1759.69
40;CRA;574753;1;1;0;1759.69
40;CRA;615119;1;1;0;1850.46
40;CRA;612496;1;1;0;1850.46
40;CRA;612195;1;1;0;1850.46
40;CRA;612371;1;1;0;1850.46
40;CRA;612242;1;1;0;1850.46
40;CRA;612636;1;1;0;1850.46
40;CRA;612224;1;1;0;1850.46
40;CRA;612259;1;1;0;1850.46
40;CRA;612536;1;1;0;1850.46
40;CRA;612077;1;1;0;1850.46
40;CRA;612160;1;1;0;1850.46
40;CRA;612232;1;1;0;1850.46
40;CRA;612043;1;1;0;1850.46
40;CRA;614450;1;1;0;1850.46
40;CRA;612251;1;1;0;1850.46
40;CRA;612217;1;1;0;1850.46
40;CRA;612108;1;1;0;1850.46
40;CRA;612267;1;1;0;1850.46
40;CRA;612248;1;1;0;1850.46
40;CRA;612276;1;1;0;1850.46
40;CRA;531800;1;1;0;1540.64
40;CRA;529054;1;1;0;1540.64
40;CRA;526421;1;1;0;1540.64
40;CRA;528463;1;1;0;1540.64
40;CRA;529650;1;1;0;1540.64
40;CRA;528723;1;1;0;1540.64
40;CRA;526273;1;1;0;1540.64
40;CRA;528804;1;1;0;1540.64
40;CRA;529581;1;1;0;1540.64
40;CRA;528249;1;1;0;1540.64
40;CRA;526188;1;1;0;1540.64
40;CRA;529180;1;1;0;1540.64
40;CRA;529574;1;1;0;1540.64
40;CRA;530208;1;1;0;1540.64
40;CRA;525938;1;1;0;1540.64
40;CRA;529463;1;1;0;1540.64
40;CRA;529786;1;1;0;1540.64
40;CRA;527766;1;1;0;1540.64
40;CRA;527163;1;1;0;1540.64
40;CRA;529691;1;1;0;1540.64
100;RULT;49370;1;1;0;148.11
100;RULT;49395;1;1;0;148.11
100;RULT;49343;1;1;0;148.11
100;RULT;49318;1;1;0;148.11
100;RULT;49408;1;1;0;148.11
100;RULT;50967;1;1;0;148.11
100;RULT;49467;1;1;0;148.11
100;RULT;49402;1;1;0;148.11
100;RULT;49368;1;1;0;148.11
100;RULT;49964;1;1;0;148.11
100;RULT;49426;1;1;0;148.11
100;RULT;49856;1;1;0;148.11
100;RULT;49443;1;1;0;148.11
100;RULT;49776;1;1;0;148.11
100;RULT;49952;1;1;0;148.11
100;RULT;49384;1;1;0;148.11
100;RULT;49352;1;1;0;148.11
100;RULT;49429;1;1;0;148.11
100;RULT;49695;1;1;0;148.11
100;RULT;49374;1;1;0;148.11
100;RULT;51173;1;1;0;150.70
100;RULT;51208;1;1;0;150.70
100;RULT;51179;1;1;0;150.70
100;RULT;51184;1;1;0;150.70
100;RULT;51184;1;1;0;150.70
100;RULT;51175;1;1;0;150.70
100;RULT;51160;1;1;0;150.70
100;RULT;51932;1;1;0;150.70
100;RULT;51191;1;1;0;150.70
100;RULT;51171;1;1;0;150.70
100;RULT;51197;1;1;0;150.70
100;RULT;51145;1;1;0;150.70
100;RULT;51234;1;1;0;150.70
100;RULT;51167;1;1;0;150.70
100;RULT;51144;1;1;0;150.70
100;RULT;51110;1;1;0;150.70
100;RULT;51117;1;1;0;150.70
100;RULT;51140;1;1;0;150.70
100;RULT;51118;1;1;0;150.70
100;RULT;51139;1;1;0;150.70
100;RULT;54777;1;1;0;160.05
100;RULT;54840;1;1;0;160.05
100;RULT;54601;1;1;0;160.05
100;RULT;55138;1;1;0;160.05
100;RULT;55182;1;1;0;160.05
100;RULT;54453;1;1;0;160.05
100;RULT;54453;1;1;0;160.05
100;RULT;54611;1;1;0;160.05
100;RULT;54880;1;1;0;160.05
100;RULT;54561;1;1;0;160.05
100;RULT;54666;1;1;0;160.05
100;RULT;54554;1;1;0;160.05
100;RULT;54412;1;1;0;160.05
100;RULT;54444;1;1;0;160.05
100;RULT;54866;1;1;0;160.05
100;RULT;54965;1;1;0;160.05
100;RULT;54650;1;1;0;160.05
100;RULT;54895;1;1;0;160.05
100;RULT;54523;1;1;0;160.05
100;RULT;54699;1;1;0;160.05
100;ILP;1718792;1;1;0;0.00
100;ILP;1626684;1;1;0;0.00
100;ILP;1600266;1;1;0;0.00
100;ILP;1609248;1;1;0;0.00
100;ILP;1607330;1;1;0;0.00
100;ILP;1601582;1;1;0;0.00
100;ILP;1605513;1;1;0;0.00
100;ILP;1591246;1;1;0;0.00
100;ILP;1579176;1;1;0;0.00
100;ILP;1573727;1;1;0;0.00
100;ILP;1578243;1;1;0;0.00
100;ILP;1586866;1;1;0;0.00
100;ILP;1578905;1;1;0;0.00
100;ILP;1579920;1;1;0;0.00
100;ILP;1577590;1;1;0;0.00
100;ILP;1573672;1;1;0;0.00
100;ILP;1569468;1;1;0;0.00
100;ILP;1578698;1;1;0;0.00
100;ILP;1575566;1;1;0;0.00
100;ILP;1575910;1;1;0;0.00
100;ILP;1681977;1;1;0;0.00
100;ILP;1581755;1;1;0;0.00
100;ILP;1567763;1;1;0;0.00
100;ILP;1554322;1;1;0;0.00
100;ILP;1553976;1;1;0;0.00
100;ILP;1554187;1;1;0;0.00
100;ILP;1549658;1;1;0;0.00
100;ILP;1544991;1;1;0;0.00
100;ILP;1556335;1;1;0;0.00
100;ILP;1555620;1;1;0;0.00
100;ILP;1553356;1;1;0;0.00
100;ILP;1546493;1;1;0;0.00
100;ILP;1553382;1;1;0;0.00
100;ILP;1558254;1;1;0;0.00
100;ILP;1558558;1;1;0;0.00
100;ILP;1548986;1;1;0;0.00
100;ILP;1544879;1;1;0;0.00
100;ILP;1548194;1;1;0;0.00
100;ILP;1551245;1;1;0;0.00
100;ILP;1556127;1;1;0;0.00
100;ILP;1739519;1;1;0;0.00
100;ILP;1636125;1;1;0;0.00
100;ILP;1628121;1;1;0;0.00
100;ILP;1617792;1;1;0;0.00
100;ILP;1616506;1;1;0;0.00
100;ILP;1623390;1;1;0;0.00
100;ILP;1623686;1;1;0;0.00
100;ILP;1607027;1;1;0;0.00
100;ILP;1614424;1;1;0;0.00
100;ILP;1623403;1;1;0;0.00
100;ILP;1638645;1;1;0;0.00
100;ILP;1608777;1;1;0;0.00
100;ILP;1604487;1;1;0;0.00
100;ILP;1626210;1;1;0;0.00
100;ILP;1637500;1;1;0;0.00
100;ILP;1591649;1;1;0;0.00
100;ILP;1590605;1;1;0;0.00
100;ILP;1595891;1;1;0;0.00
100;ILP;1572021;1;1;0;0.00
100;ILP;1589503;1;1;0;0.00
100;SCP;343405;1;1;0;0.00
100;SCP;350370;1;1;0;0.00
100;SCP;346929;1;1;0;0.00
100;SCP;347048;1;1;0;0.00
100;SCP;345987;1;1;0;0.00
100;SCP;345250;1;1;0;0.00
100;SCP;346584;1;1;0;0.00
100;SCP;348899;1;1;0;0.00
100;SCP;347869;1;1;0;0.00
100;SCP;346498;1;1;0;0.00
100;SCP;343655;1;1;0;0.00
100;SCP;346593;1;1;0;0.00
100;SCP;345780;1;1;0;0.00
100;SCP;346877;1;1;0;0.00
100;SCP;353537;1;1;0;0.00
100;SCP;346955;1;1;0;0.00
100;SCP;348109;1;1;0;0.00
100;SCP;348884;1;1;0;0.00
100;SCP;348480;1;1;0;0.00
100;SCP;346863;1;1;0;0.00
100;SCP;335665;1;1;0;0.00
100;SCP;340278;1;1;0;0.00
100;SCP;337672;1;1;0;0.00
100;SCP;337395;1;1;0;0.00
100;SCP;340636;1;1;0;0.00
100;SCP;336576;1;1;0;0.00
100;SCP;340827;1;1;0;0.00
100;SCP;338115;1;1;0;0.00
100;SCP;339409;1;1;0;0.00
100;SCP;339396;1;1;0;0.00
100;SCP;340922;1;1;0;0.00
100;SCP;342210;1;1;0;0.00
100;SCP;337445;1;1;0;0.00
100;SCP;342867;1;1;0;0.00
100;SCP;337565;1;1;0;0.00
100;SCP;340907;1;1;0;0.00
100;SCP;339741;1;1;0;0.00
100;SCP;342668;1;1;0;0.00
100;SCP;340012;1;1;0;0.00
100;SCP;339768;1;1;0;0.00
100;SCP;339924;1;1;0;0.00
100;SCP;342994;1;1;0;0.00
100;SCP;340300;1;1;0;0.00
100;SCP;339523;1;1;0;0.00
100;SCP;338609;1;1;0;0.00
100;SCP;339978;1;1;0;0.00
100;SCP;340067;1;1;0;0.00
100;SCP;340369;1;1;0;0.00
100;SCP;340981;1;1;0;0.00
100;SCP;339553;1;1;0;0.00
100;SCP;340592;1;1;0;0.00
100;SCP;338537;1;1;0;0.00
100;SCP;332817;1;1;0;0.00
100;SCP;340832;1;1;0;0.00
100;SCP;340647;1;1;0;0.00
100;SCP;340332;1;1;0;0.00
100;SCP;342110;1;1;0;0.00
100;SCP;337190;1;1;0;0.00
100;SCP;340532;1;1;0;0.00
100;SCP;342194;1;1;0;0.00
100;BFDC;1755;1;1;0;9.68
100;BFDC;1756;1;1;0;9.68
100;BFDC;1761;1;1;0;9.68
100;BFDC;1751;1;1;0;9.68
100;BFDC;1747;1;1;0;9.68
100;BFDC;1760;1;1;0;9.68
100;BFDC;1753;1;1;0;9.68
100;BFDC;1764;1;1;0;9.68
100;BFDC;1750;1;1;0;9.68
100;BFDC;1753;1;1;0;9.68
100;BFDC;1748;1;1;0;9.68
100;BFDC;1771;1;1;0;9.68
100;BFDC;1768;1;1;0;9.68
100;BFDC;1761;1;1;0;9.68
100;BFDC;1746;1;1;0;9.68
100;BFDC;1760;1;1;0;9.68
100;BFDC;1756;1;1;0;9.68
100;BFDC;1763;1;1;0;9.68
100;BFDC;1746;1;1;0;9.68
100;BFDC;1761;1;1;0;9.68
100;BFDC;1693;1;1;0;9.62
100;BFDC;1689;1;1;0;9.62
100;BFDC;1691;1;1;0;9.62
100;BFDC;1690;1;1;0;9.62
100;BFDC;1691;1;1;0;9.62
100;BFDC;1691;1;1;0;9.62
100;BFDC;1690;1;1;0;9.62
100;BFDC;1691;1;1;0;9.62
100;BFDC;1698;1;1;0;9.62
100;BFDC;1691;1;1;0;9.62
100;BFDC;1696;1;1;0;9.62
100;BFDC;1691;1;1;0;9.62
100;BFDC;1699;1;1;0;9.62
100;BFDC;1688;1;1;0;9.62
100;BFDC;1695;1;1;0;9.62
100;BFDC;1690;1;1;0;9.62
100;BFDC;1702;1;1;0;9.62
100;BFDC;1694;1;1;0;9.62
100;BFDC;1705;1;1;0;9.62
100;BFDC;1691;1;1;0;9.62
100;BFDC;1788;1;1;0;9.98
100;BFDC;1787;1;1;0;9.98
100;BFDC;1780;1;1;0;9.98
100;BFDC;1784;1;1;0;9.98
100;BFDC;1779;1;1;0;9.98
100;BFDC;1795;1;1;0;9.98
100;BFDC;1781;1;1;0;9.98
100;BFDC;1783;1;1;0;9.98
100;BFDC;1779;1;1;0;9.98
100;BFDC;1786;1;1;0;9.98
100;BFDC;1781;1;1;0;9.98
100;BFDC;1787;1;1;0;9.98
100;BFDC;1775;1;1;0;9.98
100;BFDC;1778;1;1;0;9.98
100;BFDC;1776;1;1;0;9.98
100;BFDC;1775;1;1;0;9.98
100;BFDC;1783;1;1;0;9.98
100;BFDC;1773;1;1;0;9.98
100;BFDC;1782;1;1;0;9.98
100;BFDC;1778;1;1;0;9.98
100;CRA;791185;1;1;0;2786.90
100;CRA;782224;1;1;0;2786.90
100;CRA;780652;1;1;0;2786.90
100;CRA;782438;1;1;0;2786.90
100;CRA;782331;1;1;0;2786.90
100;CRA;786856;1;1;0;2786.90
100;CRA;780936;1;1;0;2786.90
100;CRA;782279;1;1;0;2786.90
100;CRA;782309;1;1;0;2786.90
100;CRA;781175;1;1;0;2786.90
100;CRA;788397;1;1;0;2786.90
100;CRA;782707;1;1;0;2786.90
100;CRA;782540;1;1;0;2786.90
100;CRA;781269;1;1;0;2786.90
100;CRA;780727;1;1;0;2786.90
100;CRA;788369;1;1;0;2786.90
100;CRA;782169;1;1;0;2786.90
100;CRA;780614;1;1;0;2786.90
100;CRA;781016;1;1;0;2786.90
100;CRA;782315;1;1;0;2786.90
100;CRA;823835;1;1;0;3009.52
100;CRA;813176;1;1;0;3009.52
100;CRA;812885;1;1;0;3009.52
100;CRA;812953;1;1;0;3009.52
100;CRA;815249;1;1;0;3009.52
100;CRA;814029;1;1;0;3009.52
100;CRA;814504;1;1;0;3009.52
100;CRA;815010;1;1;0;3009.52
100;CRA;812772;1;1;0;3009.52
100;CRA;817882;1;1;0;3009.52
100;CRA;813040;1;1;0;3009.52
100;CRA;813502;1;1;0;3009.52
100;CRA;814813;1;1;0;3009.52
100;CRA;812926;1;1;0;3009.52
100;CRA;812756;1;1;0;3009.52
100;CRA;812562;1;1;0;3009.52
100;CRA;812925;1;1;0;3009.52
100;CRA;812619;1;1;0;3009.52
100;CRA;817334;1;1;0;3009.52
100;CRA;813100;1;1;0;3009.52
100;CRA;806450;1;1;0;2931.28
100;CRA;801551;1;1;0;2931.28
100;CRA;801284;1;1;0;2931.28
100;CRA;799421;1;1;0;2931.28
100;CRA;799715;1;1;0;2931.28
100;CRA;799580;1;1;0;2931.28
100;CRA;806617;1;1;0;2931.28
100;CRA;799784;1;1;0;2931.28
100;CRA;799634;1;1;0;2931.28
100;CRA;799527;1;1;0;2931.28
100;CRA;799513;1;1;0;2931.28
100;CRA;799853;1;1;0;2931.28
100;CRA;799813;1;1;0;2931.28
100;CRA;799536;1;1;0;2931.28
100;CRA;799589;1;1;0;2931.28
100;CRA;799624;1;1;0;2931.28
100;CRA;799682;1;1;0;2931.28
100;CRA;799794;1;1;0;2931.28
100;CRA;799557;1;1;0;2931.28
100;CRA;799651;1;1;0;2931.28
10;RULT;7825;1;1;0;24.89
10;RULT;7809;1;1;0;24.89
10;RULT;7813;1;1;0;24.89
10;RULT;7798;1;1;0;24.89
10;RULT;7795;1;1;0;24.89
10;RULT;7801;1;1;0;24.89
10;RULT;7796;1;1;0;24.89
10;RULT;7801;1;1;0;24.89
10;RULT;7810;1;1;0;24.89
10;RULT;7799;1;1;0;24.89
10;RULT;7811;1;1;0;24.89
10;RULT;7815;1;1;0;24.89
10;RULT;7807;1;1;0;24.89
10;RULT;7814;1;1;0;24.89
10;RULT;7803;1;1;0;24.89
10;RULT;7798;1;1;0;24.89
10;RULT;7797;1;1;0;24.89
10;RULT;7807;1;1;0;24.89
10;RULT;7821;1;1;0;24.89
10;RULT;7807;1;1;0;24.89
10;RULT;7533;1;1;0;23.51
10;RULT;7530;1;1;0;23.51
10;RULT;7535;1;1;0;23.51
10;RULT;7531;1;1;0;23.51
10;RULT;7525;1;1;0;23.51
10;RULT;7539;1;1;0;23.51
10;RULT;7542;1;1;0;23.51
10;RULT;7533;1;1;0;23.51
10;RULT;7537;1;1;0;23.51
10;RULT;7532;1;1;0;23.51
10;RULT;7532;1;1;0;23.51
10;RULT;7544;1;1;0;23.51
10;RULT;7539;1;1;0;23.51
10;RULT;7527;1;1;0;23.51
10;RULT;7519;1;1;0;23.51
10;RULT;7531;1;1;0;23.51
10;RULT;7525;1;1;0;23.51
10;RULT;7529;1;1;0;23.51
10;RULT;7537;1;1;0;23.51
10;RULT;7527;1;1;0;23.51
10;RULT;7200;1;1;0;22.90
10;RULT;7200;1;1;0;22.90
10;RULT;7191;1;1;0;22.90
10;RULT;7241;1;1;0;22.90
10;RULT;7359;1;1;0;22.90
10;RULT;7210;1;1;0;22.90
10;RULT;7197;1;1;0;22.90
10;RULT;7188;1;1;0;22.90
10;RULT;7193;1;1;0;22.90
10;RULT;7184;1;1;0;22.90
10;RULT;7192;1;1;0;22.90
10;RULT;7184;1;1;0;22.90
10;RULT;7190;1;1;0;22.90
10;RULT;7184;1;1;0;22.90
10;RULT;7190;1;1;0;22.90
10;RULT;7197;1;1;0;22.90
10;RULT;7188;1;1;0;22.90
10;RULT;7176;1;1;0;22.90
10;RULT;7177;1;1;0;22.90
10;RULT;7180;1;1;0;22.90
10;ILP;162081;1;1;0;0.00
10;ILP;161308;1;1;0;0.00
10;ILP;161804;1;1;0;0.00
10;ILP;157849;1;1;0;0.00
10;ILP;159401;1;1;0;0.00
10;ILP;157594;1;1;0;0.00
10;ILP;159646;1;1;0;0.00
10;ILP;159543;1;1;0;0.00
10;ILP;160721;1;1;0;0.00
10;ILP;158380;1;1;0;0.00
10;ILP;160486;1;1;0;0.00
10;ILP;159253;1;1;0;0.00
10;ILP;160192;1;1;0;0.00
10;ILP;159348;1;1;0;0.00
10;ILP;160339;1;1;0;0.00
10;ILP;159421;1;1;0;0.00
10;ILP;160348;1;1;0;0.00
10;ILP;159131;1;1;0;0.00
10;ILP;161444;1;1;0;0.00
10;ILP;159147;1;1;0;0.00
10;ILP;152480;1;1;0;0.00
10;ILP;152125;1;1;0;0.00
10;ILP;150591;1;1;0;0.00
10;ILP;152506;1;1;0;0.00
10;ILP;152750;1;1;0;0.00
10;ILP;152114;1;1;0;0.00
10;ILP;151084;1;1;0;0.00
10;ILP;153766;1;1;0;0.00
10;ILP;154940;1;1;0;0.00
10;ILP;154753;1;1;0;0.00
10;ILP;155121;1;1;0;0.00
10;ILP;155170;1;1;0;0.00
10;ILP;155046;1;1;0;0.00
10;ILP;155286;1;1;0;0.00
10;ILP;155789;1;1;0;0.00
10;ILP;155499;1;1;0;0.00
10;ILP;154674;1;1;0;0.00
10;ILP;154700;1;1;0;0.00
10;ILP;154714;1;1;0;0.00
10;ILP;152178;1;1;0;0.00
10;ILP;150269;1;1;0;0.00
10;ILP;150198;1;1;0;0.00
10;ILP;150233;1;1;0;0.00
10;ILP;151000;1;1;0;0.00
10;ILP;150900;1;1;0;0.00
10;ILP;150636;1;1;0;0.00
10;ILP;149219;1;1;0;0.00
10;ILP;149316;1;1;0;0.00
10;ILP;150752;1;1;0;0.00
10;ILP;150544;1;1;0;0.00
10;ILP;150717;1;1;0;0.00
10;ILP;151024;1;1;0;0.00
10;ILP;151229;1;1;0;0.00
10;ILP;151840;1;1;0;0.00
10;ILP;150574;1;1;0;0.00
10;ILP;151008;1;1;0;0.00
10;ILP;152372;1;1;0;0.00
10;ILP;150742;1;1;0;0.00
10;ILP;151296;1;1;0;0.00
10;ILP;151151;1;1;0;0.00
10;CP;314876;1;1;0;0.00
10;CP;318070;1;1;0;0.00
10;CP;322035;1;1;0;0.00
10;CP;322861;1;1;0;0.00
10;CP;319890;1;1;0;0.00
10;CP;317769;1;1;0;0.00
10;CP;313948;1;1;0;0.00
10;CP;314243;1;1;0;0.00
10;CP;319344;1;1;0;0.00
10;CP;321478;1;1;0;0.00
10;CP;322829;1;1;0;0.00
10;CP;322812;1;1;0;0.00
10;CP;316964;1;1;0;0.00
10;CP;315532;1;1;0;0.00
10;CP;315422;1;1;0;0.00
10;CP;328095;1;1;0;0.00
10;CP;336566;1;1;0;0.00
10;CP;302594;1;1;0;0.00
10;CP;297947;1;1;0;0.00
10;CP;299474;1;1;0;0.00
10;CP;353146;1;1;0;0.00
10;CP;356112;1;1;0;0.00
10;CP;355594;1;1;0;0.00
10;CP;354063;1;1;0;0.00
10;CP;353944;1;1;0;0.00
10;CP;330528;1;1;0;0.00
10;CP;338850;1;1;0;0.00
10;CP;355668;1;1;0;0.00
10;CP;355717;1;1;0;0.00
10;CP;353452;1;1;0;0.00
10;CP;353082;1;1;0;0.00
10;CP;348105;1;1;0;0.00
10;CP;313436;1;1;0;0.00
10;CP;355320;1;1;0;0.00
10;CP;355742;1;1;0;0.00
10;CP;354443;1;1;0;0.00
10;CP;353215;1;1;0;0.00
10;CP;353704;1;1;0;0.00
10;CP;301559;1;1;0;0.00
10;CP;355979;1;1;0;0.00
10;CP;335547;1;1;0;0.00
10;CP;336396;1;1;0;0.00
10;CP;330447;1;1;0;0.00
10;CP;333224;1;1;0;0.00
10;CP;336669;1;1;0;0.00
10;CP;332939;1;1;0;0.00
10;CP;332486;1;1;0;0.00
10;CP;335358;1;1;0;0.00
10;CP;337574;1;1;0;0.00
10;CP;329328;1;1;0;0.00
10;CP;325336;1;1;0;0.00
10;CP;325485;1;1;0;0.00
10;CP;327249;1;1;0;0.00
10;CP;324558;1;1;0;0.00
10;CP;324828;1;1;0;0.00
10;CP;324006;1;1;0;0.00
10;CP;317778;1;1;0;0.00
10;CP;296912;1;1;0;0.00
10;CP;312489;1;1;0;0.00
10;CP;305072;1;1;0;0.00
10;SCP;121625;1;1;0;0.00
10;SCP;123236;1;1;0;0.00
10;SCP;122708;1;1;0;0.00
10;SCP;125717;1;1;0;0.00
10;SCP;129027;1;1;0;0.00
10;SCP;130294;1;1;0;0.00
10;SCP;128620;1;1;0;0.00
10;SCP;130745;1;1;0;0.00
10;SCP;122980;1;1;0;0.00
10;SCP;122402;1;1;0;0.00
10;SCP;122632;1;1;0;0.00
10;SCP;122709;1;1;0;0.00
10;SCP;122072;1;1;0;0.00
10;SCP;123437;1;1;0;0.00
10;SCP;123409;1;1;0;0.00
10;SCP;123282;1;1;0;0.00
10;SCP;122592;1;1;0;0.00
10;SCP;122560;1;1;0;0.00
10;SCP;124437;1;1;0;0.00
10;SCP;126982;1;1;0;0.00
10;SCP;132848;1;1;0;0.00
10;SCP;133341;1;1;0;0.00
10;SCP;133451;1;1;0;0.00
10;SCP;133310;1;1;0;0.00
10;SCP;133348;1;1;0;0.00
10;SCP;133193;1;1;0;0.00
10;SCP;133439;1;1;0;0.00
10;SCP;133291;1;1;0;0.00
10;SCP;133460;1;1;0;0.00
10;SCP;133584;1;1;0;0.00
10;SCP;133502;1;1;0;0.00
10;SCP;131514;1;1;0;0.00
10;SCP;127836;1;1;0;0.00
10;SCP;130140;1;1;0;0.00
10;SCP;133294;1;1;0;0.00
10;SCP;133230;1;1;0;0.00
10;SCP;133418;1;1;0;0.00
10;SCP;133242;1;1;0;0.00
10;SCP;133402;1;1;0;0.00
10;SCP;133514;1;1;0;0.00
10;SCP;121835;1;1;0;0.00
10;SCP;124347;1;1;0;0.00
10;SCP;125811;1;1;0;0.00
10;SCP;125396;1;1;0;0.00
10;SCP;126953;1;1;0;0.00
10;SCP;122355;1;1;0;0.00
10;SCP;121776;1;1;0;0.00
10;SCP;123587;1;1;0;0.00
10;SCP;124531;1;1;0;0.00
10;SCP;124964;1;1;0;0.00
10;SCP;125640;1;1;0;0.00
10;SCP;127322;1;1;0;0.00
10;SCP;122766;1;1;0;0.00
10;SCP;122066;1;1;0;0.00
10;SCP;123316;1;1;0;0.00
10;SCP;124204;1;1;0;0.00
10;SCP;125165;1;1;0;0.00
10;SCP;125720;1;1;0;0.00
10;SCP;125950;1;1;0;0.00
10;SCP;122948;1;1;0;0.00
10;BFDC;419;1;1;0;3.07
10;BFDC;418;1;1;0;3.07
10;BFDC;418;1;1;0;3.07
10;BFDC;418;1;1;0;3.07
10;BFDC;418;1;1;0;3.07
10;BFDC;418;1;1;0;3.07
10;BFDC;417;1;1;0;3.07
10;BFDC;422;1;1;0;3.07
10;BFDC;418;1;1;0;3.07
10;BFDC;418;1;1;0;3.07
10;BFDC;418;1;1;0;3.07
10;BFDC;417;1;1;0;3.07
10;BFDC;418;1;1;0;3.07
10;BFDC;418;1;1;0;3.07
10;BFDC;417;1;1;0;3.07
10;BFDC;418;1;1;0;3.07
10;BFDC;417;1;1;0;3.07
10;BFDC;418;1;1;0;3.07
10;BFDC;417;1;1;0;3.07
10;BFDC;418;1;1;0;3.07
10;BFDC;404;1;1;0;2.94
10;BFDC;397;1;1;0;2.94
10;BFDC;396;1;1;0;2.94
10;BFDC;396;1;1;0;2.94
10;BFDC;396;1;1;0;2.94
10;BFDC;396;1;1;0;2.94
10;BFDC;397;1;1;0;2.94
10;BFDC;401;1;1;0;2.94
10;BFDC;397;1;1;0;2.94
10;BFDC;396;1;1;0;2.94
10;BFDC;398;1;1;0;2.94
10;BFDC;397;1;1;0;2.94
10;BFDC;397;1;1;0;2.94
10;BFDC;396;1;1;0;2.94
10;BFDC;397;1;1;0;2.94
10;BFDC;397;1;1;0;2.94
10;BFDC;397;1;1;0;2.94
10;BFDC;397;1;1;0;2.94
10;BFDC;396;1;1;0;2.94
10;BFDC;397;1;1;0;2.94
10;BFDC;428;1;1;0;3.09
10;BFDC;427;1;1;0;3.09
10;BFDC;427;1;1;0;3.09
10;BFDC;427;1;1;0;3.09
10;BFDC;426;1;1;0;3.09
10;BFDC;425;1;1;0;3.09
10;BFDC;425;1;1;0;3.09
10;BFDC;426;1;1;0;3.09
10;BFDC;424;1;1;0;3.09
10;BFDC;426;1;1;0;3.09
10;BFDC;427;1;1;0;3.09
10;BFDC;436;1;1;0;3.09
10;BFDC;427;1;1;0;3.09
10;BFDC;426;1;1;0;3.09
10;BFDC;426;1;1;0;3.09
10;BFDC;426;1;1;0;3.09
10;BFDC;426;1;1;0;3.09
10;BFDC;431;1;1;0;3.09
10;BFDC;425;1;1;0;3.09
10;BFDC;426;1;1;0;3.09
10;CRA;163019;1;1;0;422.96
10;CRA;162672;1;1;0;422.96
10;CRA;162618;1;1;0;422.96
10;CRA;162642;1;1;0;422.96
10;CRA;162653;1;1;0;422.96
10;CRA;163448;1;1;0;422.96
10;CRA;162642;1;1;0;422.96
10;CRA;162493;1;1;0;422.96
10;CRA;161879;1;1;0;422.96
10;CRA;161739;1;1;0;422.96
10;CRA;161732;1;1;0;422.96
10;CRA;162583;1;1;0;422.96
10;CRA;161894;1;1;0;422.96
10;CRA;162682;1;1;0;422.96
10;CRA;162695;1;1;0;422.96
10;CRA;162649;1;1;0;422.96
10;CRA;162622;1;1;0;422.96
10;CRA;163408;1;1;0;422.96
10;CRA;162629;1;1;0;422.96
10;CRA;162584;1;1;0;422.96
10;CRA;158135;1;1;0;412.26
10;CRA;157610;1;1;0;412.26
10;CRA;157574;1;1;0;412.26
10;CRA;157541;1;1;0;412.26
10;CRA;157280;1;1;0;412.26
10;CRA;156680;1;1;0;412.26
10;CRA;156806;1;1;0;412.26
10;CRA;157462;1;1;0;412.26
10;CRA;157527;1;1;0;412.26
10;CRA;157554;1;1;0;412.26
10;CRA;157516;1;1;0;412.26
10;CRA;157565;1;1;0;412.26
10;CRA;157528;1;1;0;412.26
10;CRA;157561;1;1;0;412.26
10;CRA;157522;1;1;0;412.26
10;CRA;157608;1;1;0;412.26
10;CRA;157574;1;1;0;412.26
10;CRA;157249;1;1;0;412.26
10;CRA;156678;1;1;0;412.26
10;CRA;156796;1;1;0;412.26
10;CRA;195585;1;1;0;493.97
10;CRA;195198;1;1;0;493.97
10;CRA;194559;1;1;0;493.97
10;CRA;194675;1;1;0;493.97
10;CRA;194699;1;1;0;493.97
10;CRA;194627;1;1;0;493.97
10;CRA;194660;1;1;0;493.97
10;CRA;194638;1;1;0;493.97
10;CRA;194613;1;1;0;493.97
10;CRA;194625;1;1;0;493.97
10;CRA;194679;1;1;0;493.97
10;CRA;194600;1;1;0;493.97
10;CRA;194682;1;1;0;493.97
10;CRA;195166;1;1;0;493.97
10;CRA;194861;1;1;0;493.97
10;CRA;195094;1;1;0;493.97
10;CRA;195229;1;1;0;493.97
10;CRA;195228;1;1;0;493.97
10;CRA;195226;1;1;0;493.97
10;CRA;195215;1;1;0;493.97
50;RULT;28256;1;1;0;82.15
50;RULT;28275;1;1;0;82.15
50;RULT;28274;1;1;0;82.15
50;RULT;28258;1;1;0;82.15
50;RULT;28299;1;1;0;82.15
50;RULT;28279;1;1;0;82.15
50;RULT;28270;1;1;0;82.15
50;RULT;28272;1;1;0;82.15
50;RULT;28272;1;1;0;82.15
50;RULT;28257;1;1;0;82.15
50;RULT;28270;1;1;0;82.15
50;RULT;28283;1;1;0;82.15
50;RULT;28264;1;1;0;82.15
50;RULT;28280;1;1;0;82.15
50;RULT;28273;1;1;0;82.15
50;RULT;29005;1;1;0;82.15
50;RULT;28245;1;1;0;82.15
50;RULT;28252;1;1;0;82.15
50;RULT;28240;1;1;0;82.15
50;RULT;28224;1;1;0;82.15
50;RULT;24724;1;1;0;72.52
50;RULT;24689;1;1;0;72.52
50;RULT;24696;1;1;0;72.52
50;RULT;24687;1;1;0;72.52
50;RULT;24696;1;1;0;72.52
50;RULT;24684;1;1;0;72.52
50;RULT;24720;1;1;0;72.52
50;RULT;24670;1;1;0;72.52
50;RULT;24669;1;1;0;72.52
50;RULT;24696;1;1;0;72.52
50;RULT;24680;1;1;0;72.52
50;RULT;24684;1;1;0;72.52
50;RULT;24694;1;1;0;72.52
50;RULT;24694;1;1;0;72.52
50;RULT;24683;1;1;0;72.52
50;RULT;24686;1;1;0;72.52
50;RULT;24700;1;1;0;72.52
50;RULT;24692;1;1;0;72.52
50;RULT;24704;1;1;0;72.52
50;RULT;24683;1;1;0;72.52
50;RULT;25313;1;1;0;76.82
50;RULT;25243;1;1;0;76.82
50;RULT;25206;1;1;0;76.82
50;RULT;25227;1;1;0;76.82
50;RULT;25242;1;1;0;76.82
50;RULT;25250;1;1;0;76.82
50;RULT;25228;1;1;0;76.82
50;RULT;25330;1;1;0;76.82
50;RULT;25221;1;1;0;76.82
50;RULT;25235;1;1;0;76.82
50;RULT;25230;1;1;0;76.82
50;RULT;25218;1;1;0;76.82
50;RULT;25221;1;1;0;76.82
50;RULT;25217;1;1;0;76.82
50;RULT;25208;1;1;0;76.82
50;RULT;25230;1;1;0;76.82
50;RULT;25217;1;1;0;76.82
50;RULT;25235;1;1;0;76.82
50;RULT;25234;1;1;0;76.82
50;RULT;25236;1;1;0;76.82
50;ILP;874931;1;1;0;0.00
50;ILP;821254;1;1;0;0.00
50;ILP;807260;1;1;0;0.00
50;ILP;817106;1;1;0;0.00
50;ILP;803535;1;1;0;0.00
50;ILP;816737;1;1;0;0.00
50;ILP;803228;1;1;0;0.00
50;ILP;826277;1;1;0;0.00
50;ILP;815560;1;1;0;0.00
50;ILP;820813;1;1;0;0.00
50;ILP;819897;1;1;0;0.00
50;ILP;819704;1;1;0;0.00
50;ILP;824829;1;1;0;0.00
50;ILP;812577;1;1;0;0.00
50;ILP;821644;1;1;0;0.00
50;ILP;809673;1;1;0;0.00
50;ILP;825537;1;1;0;0.00
50;ILP;810322;1;1;0;0.00
50;ILP;824802;1;1;0;0.00
50;ILP;810111;1;1;0;0.00
50;ILP;984627;1;1;0;0.00
50;ILP;894734;1;1;0;0.00
50;ILP;917213;1;1;0;0.00
50;ILP;886872;1;1;0;0.00
50;ILP;914175;1;1;0;0.00
50;ILP;899522;1;1;0;0.00
50;ILP;893744;1;1;0;0.00
50;ILP;891668;1;1;0;0.00
50;ILP;892113;1;1;0;0.00
50;ILP;890366;1;1;0;0.00
50;ILP;889517;1;1;0;0.00
50;ILP;891462;1;1;0;0.00
50;ILP;893800;1;1;0;0.00
50;ILP;890731;1;1;0;0.00
50;ILP;897031;1;1;0;0.00
50;ILP;889957;1;1;0;0.00
50;ILP;903097;1;1;0;0.00
50;ILP;915911;1;1;0;0.00
50;ILP;922980;1;1;0;0.00
50;ILP;918886;1;1;0;0.00
50;ILP;880355;1;1;0;0.00
50;ILP;822481;1;1;0;0.00
50;ILP;807781;1;1;0;0.00
50;ILP;816487;1;1;0;0.00
50;ILP;801304;1;1;0;0.00
50;ILP;815988;1;1;0;0.00
50;ILP;817059;1;1;0;0.00
50;ILP;810125;1;1;0;0.00
50;ILP;816420;1;1;0;0.00
50;ILP;956639;1;1;0;0.00
50;ILP;840517;1;1;0;0.00
50;ILP;813443;1;1;0;0.00
50;ILP;814941;1;1;0;0.00
50;ILP;812767;1;1;0;0.00
50;ILP;821311;1;1;0;0.00
50;ILP;822123;1;1;0;0.00
50;ILP;812432;1;1;0;0.00
50;ILP;822145;1;1;0;0.00
50;ILP;810945;1;1;0;0.00
50;ILP;823422;1;1;0;0.00
50;CP;1538483;1;1;0;0.00
50;CP;1481150;1;1;0;0.00
50;CP;1463881;1;1;0;0.00
50;CP;1455561;1;1;0;0.00
50;CP;1511077;1;1;0;0.00
50;CP;1482735;1;1;0;0.00
50;CP;1471641;1;1;0;0.00
50;CP;1447110;1;1;0;0.00
50;CP;1489629;1;1;0;0.00
50;CP;1440470;1;1;0;0.00
50;CP;1402830;1;1;0;0.00
50;CP;1447148;1;1;0;0.00
50;CP;1483480;1;1;0;0.00
50;CP;1442233;1;1;0;0.00
50;CP;1407272;1;1;0;0.00
50;CP;1452488;1;1;0;0.00
50;CP;1489404;1;1;0;0.00
50;CP;1441772;1;1;0;0.00
50;CP;1401152;1;1;0;0.00
50;CP;1452051;1;1;0;0.00
50;CP;1944492;1;1;0;0.00
50;CP;1933007;1;1;0;0.00
50;CP;1931679;1;1;0;0.00
50;CP;1917991;1;1;0;0.00
50;CP;1926054;1;1;0;0.00
50;CP;1922402;1;1;0;0.00
50;CP;1927194;1;1;0;0.00
50;CP;1941564;1;1;0;0.00
50;CP;1935197;1;1;0;0.00
50;CP;1935997;1;1;0;0.00
50;CP;1941706;1;1;0;0.00
50;CP;1950167;1;1;0;0.00
50;CP;1960601;1;1;0;0.00
50;CP;1959306;1;1;0;0.00
50;CP;1963488;1;1;0;0.00
50;CP;1966769;1;1;0;0.00
50;CP;1966540;1;1;0;0.00
50;CP;1951884;1;1;0;0.00
50;CP;1967920;1;1;0;0.00
50;CP;1970889;1;1;0;0.00
50;CP;2001247;0;0;1;0.00
50;CP;2003327;0;0;1;0.00
50;CP;1999815;0;0;1;0.00
50;CP;1996831;0;0;1;0.00
50;CP;2001448;0;0;1;0.00
50;CP;1998603;0;0;1;0.00
50;CP;2000735;0;0;1;0.00
50;CP;1998171;0;0;1;0.00
50;CP;2000049;0;0;1;0.00
50;CP;1997316;0;0;1;0.00
50;CP;2000220;0;0;1;0.00
50;CP;1992448;0;0;1;0.00
50;CP;2002082;0;0;1;0.00
50;CP;2002341;0;0;1;0.00
50;CP;1997644;0;0;1;0.00
50;CP;1993528;0;0;1;0.00
50;CP;1999164;0;0;1;0.00
50;CP;1995587;0;0;1;0.00
50;CP;1999268;0;0;1;0.00
50;CP;1993741;0;0;1;0.00
50;SCP;228689;1;1;0;0.00
50;SCP;230764;1;1;0;0.00
50;SCP;231206;1;1;0;0.00
50;SCP;233994;1;1;0;0.00
50;SCP;232355;1;1;0;0.00
50;SCP;232124;1;1;0;0.00
50;SCP;228277;1;1;0;0.00
50;SCP;229774;1;1;0;0.00
50;SCP;227754;1;1;0;0.00
50;SCP;229200;1;1;0;0.00
50;SCP;231164;1;1;0;0.00
50;SCP;233812;1;1;0;0.00
50;SCP;231961;1;1;0;0.00
50;SCP;231859;1;1;0;0.00
50;SCP;229268;1;1;0;0.00
50;SCP;228186;1;1;0;0.00
50;SCP;227077;1;1;0;0.00
50;SCP;226800;1;1;0;0.00
50;SCP;232483;1;1;0;0.00
50;SCP;230965;1;1;0;0.00
50;SCP;237543;1;1;0;0.00
50;SCP;240827;1;1;0;0.00
50;SCP;239517;1;1;0;0.00
50;SCP;240715;1;1;0;0.00
50;SCP;240924;1;1;0;0.00
50;SCP;242955;1;1;0;0.00
50;SCP;236365;1;1;0;0.00
50;SCP;235705;1;1;0;0.00
50;SCP;236859;1;1;0;0.00
50;SCP;238146;1;1;0;0.00
50;SCP;242748;1;1;0;0.00
50;SCP;239469;1;1;0;0.00
50;SCP;242894;1;1;0;0.00
50;SCP;241709;1;1;0;0.00
50;SCP;240671;1;1;0;0.00
50;SCP;233586;1;1;0;0.00
50;SCP;237091;1;1;0;0.00
50;SCP;237688;1;1;0;0.00
50;SCP;245101;1;1;0;0.00
50;SCP;242212;1;1;0;0.00
50;SCP;226024;1;1;0;0.00
50;SCP;226104;1;1;0;0.00
50;SCP;226028;1;1;0;0.00
50;SCP;222278;1;1;0;0.00
50;SCP;222654;1;1;0;0.00
50;SCP;227083;1;1;0;0.00
50;SCP;226642;1;1;0;0.00
50;SCP;227254;1;1;0;0.00
50;SCP;226971;1;1;0;0.00
50;SCP;227040;1;1;0;0.00
50;SCP;226043;1;1;0;0.00
50;SCP;225544;1;1;0;0.00
50;SCP;221697;1;1;0;0.00
50;SCP;223967;1;1;0;0.00
50;SCP;225918;1;1;0;0.00
50;SCP;225537;1;1;0;0.00
50;SCP;225677;1;1;0;0.00
50;SCP;227417;1;1;0;0.00
50;SCP;227055;1;1;0;0.00
50;SCP;226617;1;1;0;0.00
50;BFDC;891;1;1;0;5.38
50;BFDC;889;1;1;0;5.38
50;BFDC;908;1;1;0;5.38
50;BFDC;889;1;1;0;5.38
50;BFDC;890;1;1;0;5.38
50;BFDC;891;1;1;0;5.38
50;BFDC;888;1;1;0;5.38
50;BFDC;888;1;1;0;5.38
50;BFDC;890;1;1;0;5.38
50;BFDC;890;1;1;0;5.38
50;BFDC;887;1;1;0;5.38
50;BFDC;889;1;1;0;5.38
50;BFDC;891;1;1;0;5.38
50;BFDC;887;1;1;0;5.38
50;BFDC;887;1;1;0;5.38
50;BFDC;889;1;1;0;5.38
50;BFDC;888;1;1;0;5.38
50;BFDC;889;1;1;0;5.38
50;BFDC;888;1;1;0;5.38
50;BFDC;900;1;1;0;5.38
50;BFDC;998;1;1;0;6.14
50;BFDC;997;1;1;0;6.14
50;BFDC;998;1;1;0;6.14
50;BFDC;995;1;1;0;6.14
50;BFDC;996;1;1;0;6.14
50;BFDC;992;1;1;0;6.14
50;BFDC;999;1;1;0;6.14
50;BFDC;995;1;1;0;6.14
50;BFDC;998;1;1;0;6.14
50;BFDC;1003;1;1;0;6.14
50;BFDC;994;1;1;0;6.14
50;BFDC;997;1;1;0;6.14
50;BFDC;998;1;1;0;6.14
50;BFDC;996;1;1;0;6.14
50;BFDC;997;1;1;0;6.14
50;BFDC;1003;1;1;0;6.14
50;BFDC;996;1;1;0;6.14
50;BFDC;998;1;1;0;6.14
50;BFDC;997;1;1;0;6.14
50;BFDC;997;1;1;0;6.14
50;BFDC;920;1;1;0;5.66
50;BFDC;923;1;1;0;5.66
50;BFDC;920;1;1;0;5.66
50;BFDC;925;1;1;0;5.66
50;BFDC;920;1;1;0;5.66
50;BFDC;919;1;1;0;5.66
50;BFDC;925;1;1;0;5.66
50;BFDC;921;1;1;0;5.66
50;BFDC;921;1;1;0;5.66
50;BFDC;921;1;1;0;5.66
50;BFDC;930;1;1;0;5.66
50;BFDC;923;1;1;0;5.66
50;BFDC;921;1;1;0;5.66
50;BFDC;924;1;1;0;5.66
50;BFDC;920;1;1;0;5.66
50;BFDC;921;1;1;0;5.66
50;BFDC;920;1;1;0;5.66
50;BFDC;920;1;1;0;5.66
50;BFDC;921;1;1;0;5.66
50;BFDC;920;1;1;0;5.66
50;CRA;598838;1;1;0;1824.29
50;CRA;595898;1;1;0;1824.29
50;CRA;596218;1;1;0;1824.29
50;CRA;595728;1;1;0;1824.29
50;CRA;595871;1;1;0;1824.29
50;CRA;595573;1;1;0;1824.29
50;CRA;595638;1;1;0;1824.29
50;CRA;596300;1;1;0;1824.29
50;CRA;595453;1;1;0;1824.29
50;CRA;595899;1;1;0;1824.29
50;CRA;595235;1;1;0;1824.29
50;CRA;595540;1;1;0;1824.29
50;CRA;596244;1;1;0;1824.29
50;CRA;595219;1;1;0;1824.29
50;CRA;596117;1;1;0;1824.29
50;CRA;595699;1;1;0;1824.29
50;CRA;595589;1;1;0;1824.29
50;CRA;596009;1;1;0;1824.29
50;CRA;595481;1;1;0;1824.29
50;CRA;595922;1;1;0;1824.29
50;CRA;628128;1;1;0;1975.28
50;CRA;628756;1;1;0;1975.28
50;CRA;629767;1;1;0;1975.28
50;CRA;626292;1;1;0;1975.28
50;CRA;628048;1;1;0;1975.28
50;CRA;629696;1;1;0;1975.28
50;CRA;627012;1;1;0;1975.28
50;CRA;626507;1;1;0;1975.28
50;CRA;629877;1;1;0;1975.28
50;CRA;627949;1;1;0;1975.28
50;CRA;624866;1;1;0;1975.28
50;CRA;629518;1;1;0;1975.28
50;CRA;629276;1;1;0;1975.28
50;CRA;626504;1;1;0;1975.28
50;CRA;626494;1;1;0;1975.28
50;CRA;626320;1;1;0;1975.28
50;CRA;626392;1;1;0;1975.28
50;CRA;626429;1;1;0;1975.28
50;CRA;626414;1;1;0;1975.28
50;CRA;626366;1;1;0;1975.28
50;CRA;629457;1;1;0;1992.70
50;CRA;627432;1;1;0;1992.70
50;CRA;627363;1;1;0;1992.70
50;CRA;627377;1;1;0;1992.70
50;CRA;627529;1;1;0;1992.70
50;CRA;627272;1;1;0;1992.70
50;CRA;627366;1;1;0;1992.70
50;CRA;631333;1;1;0;1992.70
50;CRA;629294;1;1;0;1992.70
50;CRA;630485;1;1;0;1992.70
50;CRA;631746;1;1;0;1992.70
50;CRA;630717;1;1;0;1992.70
50;CRA;629545;1;1;0;1992.70
50;CRA;634542;1;1;0;1992.70
50;CRA;631840;1;1;0;1992.70
50;CRA;627467;1;1;0;1992.70
50;CRA;631935;1;1;0;1992.70
50;CRA;631871;1;1;0;1992.70
50;CRA;628297;1;1;0;1992.70
50;CRA;631183;1;1;0;1992.70
30;RULT;17065;1;1;0;52.11
30;RULT;17034;1;1;0;52.11
30;RULT;17023;1;1;0;52.11
30;RULT;17025;1;1;0;52.11
30;RULT;17046;1;1;0;52.11
30;RULT;17033;1;1;0;52.11
30;RULT;17037;1;1;0;52.11
30;RULT;17035;1;1;0;52.11
30;RULT;17023;1;1;0;52.11
30;RULT;17027;1;1;0;52.11
30;RULT;17039;1;1;0;52.11
30;RULT;17034;1;1;0;52.11
30;RULT;17035;1;1;0;52.11
30;RULT;17039;1;1;0;52.11
30;RULT;17024;1;1;0;52.11
30;RULT;17040;1;1;0;52.11
30;RULT;17009;1;1;0;52.11
30;RULT;17033;1;1;0;52.11
30;RULT;17033;1;1;0;52.11
30;RULT;17031;1;1;0;52.11
30;RULT;16616;1;1;0;51.33
30;RULT;16562;1;1;0;51.33
30;RULT;16558;1;1;0;51.33
30;RULT;16553;1;1;0;51.33
30;RULT;16557;1;1;0;51.33
30;RULT;16551;1;1;0;51.33
30;RULT;16555;1;1;0;51.33
30;RULT;16572;1;1;0;51.33
30;RULT;16548;1;1;0;51.33
30;RULT;16551;1;1;0;51.33
30;RULT;16546;1;1;0;51.33
30;RULT;16552;1;1;0;51.33
30;RULT;16547;1;1;0;51.33
30;RULT;16540;1;1;0;51.33
30;RULT;16552;1;1;0;51.33
30;RULT;16543;1;1;0;51.33
30;RULT;16542;1;1;0;51.33
30;RULT;16539;1;1;0;51.33
30;RULT;16564;1;1;0;51.33
30;RULT;16555;1;1;0;51.33
30;RULT;15386;1;1;0;47.86
30;RULT;15396;1;1;0;47.86
30;RULT;15383;1;1;0;47.86
30;RULT;15387;1;1;0;47.86
30;RULT;15375;1;1;0;47.86
30;RULT;15390;1;1;0;47.86
30;RULT;15388;1;1;0;47.86
30;RULT;15378;1;1;0;47.86
30;RULT;15363;1;1;0;47.86
30;RULT;15357;1;1;0;47.86
30;RULT;15378;1;1;0;47.86
30;RULT;15365;1;1;0;47.86
30;RULT;15372;1;1;0;47.86
30;RULT;15387;1;1;0;47.86
30;RULT;15389;1;1;0;47.86
30;RULT;15373;1;1;0;47.86
30;RULT;15371;1;1;0;47.86
30;RULT;15511;1;1;0;47.86
30;RULT;15414;1;1;0;47.86
30;RULT;15392;1;1;0;47.86
30;ILP;580742;1;1;0;0.00
30;ILP;559458;1;1;0;0.00
30;ILP;555205;1;1;0;0.00
30;ILP;558692;1;1;0;0.00
30;ILP;541394;1;1;0;0.00
30;ILP;557568;1;1;0;0.00
30;ILP;558830;1;1;0;0.00
30;ILP;561421;1;1;0;0.00
30;ILP;547400;1;1;0;0.00
30;ILP;560315;1;1;0;0.00
30;ILP;558939;1;1;0;0.00
30;ILP;555089;1;1;0;0.00
30;ILP;555372;1;1;0;0.00
30;ILP;560951;1;1;0;0.00
30;ILP;556944;1;1;0;0.00
30;ILP;543495;1;1;0;0.00
30;ILP;559919;1;1;0;0.00
30;ILP;557886;1;1;0;0.00
30;ILP;560992;1;1;0;0.00
30;ILP;548172;1;1;0;0.00
30;ILP;522391;1;1;0;0.00
30;ILP;501413;1;1;0;0.00
30;ILP;500328;1;1;0;0.00
30;ILP;498142;1;1;0;0.00
30;ILP;486468;1;1;0;0.00
30;ILP;501054;1;1;0;0.00
30;ILP;498927;1;1;0;0.00
30;ILP;498714;1;1;0;0.00
30;ILP;485166;1;1;0;0.00
30;ILP;499543;1;1;0;0.00
30;ILP;496450;1;1;0;0.00
30;ILP;499155;1;1;0;0.00
30;ILP;486988;1;1;0;0.00
30;ILP;498312;1;1;0;0.00
30;ILP;500095;1;1;0;0.00
30;ILP;496439;1;1;0;0.00
30;ILP;485611;1;1;0;0.00
30;ILP;498337;1;1;0;0.00
30;ILP;496799;1;1;0;0.00
30;ILP;497485;1;1;0;0.00
30;ILP;606120;1;1;0;0.00
30;ILP;558692;1;1;0;0.00
30;ILP;565792;1;1;0;0.00
30;ILP;553127;1;1;0;0.00
30;ILP;569825;1;1;0;0.00
30;ILP;552254;1;1;0;0.00
30;ILP;571693;1;1;0;0.00
30;ILP;552524;1;1;0;0.00
30;ILP;568380;1;1;0;0.00
30;ILP;555827;1;1;0;0.00
30;ILP;570229;1;1;0;0.00
30;ILP;556831;1;1;0;0.00
30;ILP;567243;1;1;0;0.00
30;ILP;555577;1;1;0;0.00
30;ILP;569035;1;1;0;0.00
30;ILP;557299;1;1;0;0.00
30;ILP;570783;1;1;0;0.00
30;ILP;556431;1;1;0;0.00
30;ILP;569636;1;1;0;0.00
30;ILP;555728;1;1;0;0.00
30;CP;1004436;1;1;0;0.00
30;CP;939900;1;1;0;0.00
30;CP;1030289;1;1;0;0.00
30;CP;1133669;1;1;0;0.00
30;CP;935802;1;1;0;0.00
30;CP;900431;1;1;0;0.00
30;CP;896089;1;1;0;0.00
30;CP;916491;1;1;0;0.00
30;CP;892007;1;1;0;0.00
30;CP;923087;1;1;0;0.00
30;CP;872568;1;1;0;0.00
30;CP;953012;1;1;0;0.00
30;CP;870225;1;1;0;0.00
30;CP;962575;1;1;0;0.00
30;CP;861636;1;1;0;0.00
30;CP;964199;1;1;0;0.00
30;CP;861677;1;1;0;0.00
30;CP;957421;1;1;0;0.00
30;CP;863380;1;1;0;0.00
30;CP;947087;1;1;0;0.00
30;CP;1232494;1;1;0;0.00
30;CP;1256256;1;1;0;0.00
30;CP;1247593;1;1;0;0.00
30;CP;1256661;1;1;0;0.00
30;CP;1265127;1;1;0;0.00
30;CP;1182510;1;1;0;0.00
30;CP;1210815;1;1;0;0.00
30;CP;1210854;1;1;0;0.00
30;CP;1208097;1;1;0;0.00
30;CP;1211243;1;1;0;0.00
30;CP;1209630;1;1;0;0.00
30;CP;1205705;1;1;0;0.00
30;CP;1208327;1;1;0;0.00
30;CP;1210420;1;1;0;0.00
30;CP;1215021;1;1;0;0.00
30;CP;1209604;1;1;0;0.00
30;CP;1256290;1;1;0;0.00
30;CP;1255094;1;1;0;0.00
30;CP;1258943;1;1;0;0.00
30;CP;1263579;1;1;0;0.00
30;CP;970410;1;1;0;0.00
30;CP;931463;1;1;0;0.00
30;CP;911606;1;1;0;0.00
30;CP;908772;1;1;0;0.00
30;CP;960381;1;1;0;0.00
30;CP;890598;1;1;0;0.00
30;CP;884543;1;1;0;0.00
30;CP;891657;1;1;0;0.00
30;CP;891952;1;1;0;0.00
30;CP;834805;1;1;0;0.00
30;CP;907325;1;1;0;0.00
30;CP;850971;1;1;0;0.00
30;CP;899797;1;1;0;0.00
30;CP;873526;1;1;0;0.00
30;CP;891770;1;1;0;0.00
30;CP;905241;1;1;0;0.00
30;CP;870240;1;1;0;0.00
30;CP;903775;1;1;0;0.00
30;CP;860761;1;1;0;0.00
30;CP;900636;1;1;0;0.00
30;SCP;184953;1;1;0;0.00
30;SCP;182790;1;1;0;0.00
30;SCP;181321;1;1;0;0.00
30;SCP;181736;1;1;0;0.00
30;SCP;181882;1;1;0;0.00
30;SCP;181219;1;1;0;0.00
30;SCP;181636;1;1;0;0.00
30;SCP;182865;1;1;0;0.00
30;SCP;190327;1;1;0;0.00
30;SCP;188276;1;1;0;0.00
30;SCP;188347;1;1;0;0.00
30;SCP;181424;1;1;0;0.00
30;SCP;179063;1;1;0;0.00
30;SCP;181739;1;1;0;0.00
30;SCP;182036;1;1;0;0.00
30;SCP;181622;1;1;0;0.00
30;SCP;181609;1;1;0;0.00
30;SCP;182894;1;1;0;0.00
30;SCP;185140;1;1;0;0.00
30;SCP;190593;1;1;0;0.00
30;SCP;186111;1;1;0;0.00
30;SCP;183535;1;1;0;0.00
30;SCP;185562;1;1;0;0.00
30;SCP;187029;1;1;0;0.00
30;SCP;183438;1;1;0;0.00
30;SCP;184712;1;1;0;0.00
30;SCP;182831;1;1;0;0.00
30;SCP;186870;1;1;0;0.00
30;SCP;181200;1;1;0;0.00
30;SCP;185375;1;1;0;0.00
30;SCP;186421;1;1;0;0.00
30;SCP;183552;1;1;0;0.00
30;SCP;187736;1;1;0;0.00
30;SCP;180885;1;1;0;0.00
30;SCP;183590;1;1;0;0.00
30;SCP;185506;1;1;0;0.00
30;SCP;185476;1;1;0;0.00
30;SCP;186024;1;1;0;0.00
30;SCP;182210;1;1;0;0.00
30;SCP;184908;1;1;0;0.00
30;SCP;176632;1;1;0;0.00
30;SCP;172070;1;1;0;0.00
30;SCP;173455;1;1;0;0.00
30;SCP;177975;1;1;0;0.00
30;SCP;177235;1;1;0;0.00
30;SCP;177973;1;1;0;0.00
30;SCP;177962;1;1;0;0.00
30;SCP;177893;1;1;0;0.00
30;SCP;177111;1;1;0;0.00
30;SCP;177926;1;1;0;0.00
30;SCP;177097;1;1;0;0.00
30;SCP;176860;1;1;0;0.00
30;SCP;175153;1;1;0;0.00
30;SCP;173266;1;1;0;0.00
30;SCP;177624;1;1;0;0.00
30;SCP;177772;1;1;0;0.00
30;SCP;177271;1;1;0;0.00
30;SCP;176962;1;1;0;0.00
30;SCP;177047;1;1;0;0.00
30;SCP;176886;1;1;0;0.00
30;BFDC;625;1;1;0;3.99
30;BFDC;623;1;1;0;3.99
30;BFDC;624;1;1;0;3.99
30;BFDC;625;1;1;0;3.99
30;BFDC;626;1;1;0;3.99
30;BFDC;624;1;1;0;3.99
30;BFDC;622;1;1;0;3.99
30;BFDC;621;1;1;0;3.99
30;BFDC;627;1;1;0;3.99
30;BFDC;622;1;1;0;3.99
30;BFDC;621;1;1;0;3.99
30;BFDC;621;1;1;0;3.99
30;BFDC;623;1;1;0;3.99
30;BFDC;627;1;1;0;3.99
30;BFDC;622;1;1;0;3.99
30;BFDC;622;1;1;0;3.99
30;BFDC;623;1;1;0;3.99
30;BFDC;623;1;1;0;3.99
30;BFDC;627;1;1;0;3.99
30;BFDC;624;1;1;0;3.99
30;BFDC;693;1;1;0;4.32
30;BFDC;678;1;1;0;4.32
30;BFDC;681;1;1;0;4.32
30;BFDC;679;1;1;0;4.32
30;BFDC;687;1;1;0;4.32
30;BFDC;681;1;1;0;4.32
30;BFDC;678;1;1;0;4.32
30;BFDC;682;1;1;0;4.32
30;BFDC;680;1;1;0;4.32
30;BFDC;683;1;1;0;4.32
30;BFDC;680;1;1;0;4.32
30;BFDC;680;1;1;0;4.32
30;BFDC;683;1;1;0;4.32
30;BFDC;686;1;1;0;4.32
30;BFDC;677;1;1;0;4.32
30;BFDC;678;1;1;0;4.32
30;BFDC;679;1;1;0;4.32
30;BFDC;681;1;1;0;4.32
30;BFDC;678;1;1;0;4.32
30;BFDC;678;1;1;0;4.32
30;BFDC;630;1;1;0;4.01
30;BFDC;633;1;1;0;4.01
30;BFDC;630;1;1;0;4.01
30;BFDC;629;1;1;0;4.01
30;BFDC;631;1;1;0;4.01
30;BFDC;634;1;1;0;4.01
30;BFDC;630;1;1;0;4.01
30;BFDC;629;1;1;0;4.01
30;BFDC;629;1;1;0;4.01
30;BFDC;626;1;1;0;4.01
30;BFDC;641;1;1;0;4.01
30;BFDC;627;1;1;0;4.01
30;BFDC;631;1;1;0;4.01
30;BFDC;631;1;1;0;4.01
30;BFDC;629;1;1;0;4.01
30;BFDC;630;1;1;0;4.01
30;BFDC;631;1;1;0;4.01
30;BFDC;627;1;1;0;4.01
30;BFDC;628;1;1;0;4.01
30;BFDC;634;1;1;0;4.01
30;CRA;464113;1;1;0;1342.68
30;CRA;461920;1;1;0;1342.68
30;CRA;459689;1;1;0;1342.68
30;CRA;460756;1;1;0;1342.68
30;CRA;462195;1;1;0;1342.68
30;CRA;462012;1;1;0;1342.68
30;CRA;460716;1;1;0;1342.68
30;CRA;459170;1;1;0;1342.68
30;CRA;462108;1;1;0;1342.68
30;CRA;462117;1;1;0;1342.68
30;CRA;461450;1;1;0;1342.68
30;CRA;459470;1;1;0;1342.68
30;CRA;461319;1;1;0;1342.68
30;CRA;462146;1;1;0;1342.68
30;CRA;462182;1;1;0;1342.68
30;CRA;460250;1;1;0;1342.68
30;CRA;460173;1;1;0;1342.68
30;CRA;462297;1;1;0;1342.68
30;CRA;462146;1;1;0;1342.68
30;CRA;461140;1;1;0;1342.68
30;CRA;462440;1;1;0;1338.41
30;CRA;458107;1;1;0;1338.41
30;CRA;460563;1;1;0;1338.41
30;CRA;458261;1;1;0;1338.41
30;CRA;460569;1;1;0;1338.41
30;CRA;458170;1;1;0;1338.41
30;CRA;460562;1;1;0;1338.41
30;CRA;458387;1;1;0;1338.41
30;CRA;460544;1;1;0;1338.41
30;CRA;458155;1;1;0;1338.41
30;CRA;458215;1;1;0;1338.41
30;CRA;460542;1;1;0;1338.41
30;CRA;458250;1;1;0;1338.41
30;CRA;460558;1;1;0;1338.41
30;CRA;458295;1;1;0;1338.41
30;CRA;460443;1;1;0;1338.41
30;CRA;458072;1;1;0;1338.41
30;CRA;460451;1;1;0;1338.41
30;CRA;457970;1;1;0;1338.41
30;CRA;460871;1;1;0;1338.41
30;CRA;443358;1;1;0;1301.38
30;CRA;441333;1;1;0;1301.38
30;CRA;441139;1;1;0;1301.38
30;CRA;441137;1;1;0;1301.38
30;CRA;441628;1;1;0;1301.38
30;CRA;441269;1;1;0;1301.38
30;CRA;441355;1;1;0;1301.38
30;CRA;441213;1;1;0;1301.38
30;CRA;441323;1;1;0;1301.38
30;CRA;441128;1;1;0;1301.38
30;CRA;441596;1;1;0;1301.38
30;CRA;441380;1;1;0;1301.38
30;CRA;441186;1;1;0;1301.38
30;CRA;441393;1;1;0;1301.38
30;CRA;441270;1;1;0;1301.38
30;CRA;441512;1;1;0;1301.38
30;CRA;441454;1;1;0;1301.38
30;CRA;441315;1;1;0;1301.38
30;CRA;441252;1;1;0;1301.38
30;CRA;441336;1;1;0;1301.38
5;RULT;4781;1;1;0;15.02
5;RULT;4786;1;1;0;15.02
5;RULT;4787;1;1;0;15.02
5;RULT;4791;1;1;0;15.02
5;RULT;4788;1;1;0;15.02
5;RULT;4818;1;1;0;15.02
5;RULT;4900;1;1;0;15.02
5;RULT;4791;1;1;0;15.02
5;RULT;4781;1;1;0;15.02
5;RULT;4793;1;1;0;15.02
5;RULT;4787;1;1;0;15.02
5;RULT;4785;1;1;0;15.02
5;RULT;4800;1;1;0;15.02
5;RULT;4795;1;1;0;15.02
5;RULT;4794;1;1;0;15.02
5;RULT;4787;1;1;0;15.02
5;RULT;4784;1;1;0;15.02
5;RULT;4799;1;1;0;15.02
5;RULT;4795;1;1;0;15.02
5;RULT;4789;1;1;0;15.02
5;RULT;4611;1;1;0;14.79
5;RULT;4608;1;1;0;14.79
5;RULT;4613;1;1;0;14.79
5;RULT;4609;1;1;0;14.79
5;RULT;4604;1;1;0;14.79
5;RULT;4606;1;1;0;14.79
5;RULT;4611;1;1;0;14.79
5;RULT;4615;1;1;0;14.79
5;RULT;4614;1;1;0;14.79
5;RULT;4605;1;1;0;14.79
5;RULT;4621;1;1;0;14.79
5;RULT;4613;1;1;0;14.79
5;RULT;4607;1;1;0;14.79
5;RULT;4615;1;1;0;14.79
5;RULT;4611;1;1;0;14.79
5;RULT;4622;1;1;0;14.79
5;RULT;4614;1;1;0;14.79
5;RULT;4606;1;1;0;14.79
5;RULT;4605;1;1;0;14.79
5;RULT;4620;1;1;0;14.79
5;RULT;4565;1;1;0;15.05
5;RULT;4555;1;1;0;15.05
5;RULT;4559;1;1;0;15.05
5;RULT;4555;1;1;0;15.05
5;RULT;4551;1;1;0;15.05
5;RULT;4551;1;1;0;15.05
5;RULT;4552;1;1;0;15.05
5;RULT;4557;1;1;0;15.05
5;RULT;4549;1;1;0;15.05
5;RULT;4549;1;1;0;15.05
5;RULT;4559;1;1;0;15.05
5;RULT;4559;1;1;0;15.05
5;RULT;4554;1;1;0;15.05
5;RULT;4561;1;1;0;15.05
5;RULT;4556;1;1;0;15.05
5;RULT;4561;1;1;0;15.05
5;RULT;4562;1;1;0;15.05
5;RULT;4557;1;1;0;15.05
5;RULT;4563;1;1;0;15.05
5;RULT;4553;1;1;0;15.05
5;ILP;78419;1;1;0;0.00
5;ILP;76184;1;1;0;0.00
5;ILP;77183;1;1;0;0.00
5;ILP;76509;1;1;0;0.00
5;ILP;77238;1;1;0;0.00
5;ILP;77463;1;1;0;0.00
5;ILP;76727;1;1;0;0.00
5;ILP;79078;1;1;0;0.00
5;ILP;77018;1;1;0;0.00
5;ILP;78117;1;1;0;0.00
5;ILP;78517;1;1;0;0.00
5;ILP;77819;1;1;0;0.00
5;ILP;76522;1;1;0;0.00
5;ILP;76936;1;1;0;0.00
5;ILP;77261;1;1;0;0.00
5;ILP;77876;1;1;0;0.00
5;ILP;79630;1;1;0;0.00
5;ILP;79229;1;1;0;0.00
5;ILP;78137;1;1;0;0.00
5;ILP;77713;1;1;0;0.00
5;ILP;77381;1;1;0;0.00
5;ILP;77189;1;1;0;0.00
5;ILP;77156;1;1;0;0.00
5;ILP;76483;1;1;0;0.00
5;ILP;76516;1;1;0;0.00
5;ILP;76794;1;1;0;0.00
5;ILP;76117;1;1;0;0.00
5;ILP;76728;1;1;0;0.00
5;ILP;75721;1;1;0;0.00
5;ILP;75539;1;1;0;0.00
5;ILP;75515;1;1;0;0.00
5;ILP;76142;1;1;0;0.00
5;ILP;77659;1;1;0;0.00
5;ILP;75505;1;1;0;0.00
5;ILP;75612;1;1;0;0.00
5;ILP;75891;1;1;0;0.00
5;ILP;75858;1;1;0;0.00
5;ILP;76738;1;1;0;0.00
5;ILP;76240;1;1;0;0.00
5;ILP;75499;1;1;0;0.00
5;ILP;79148;1;1;0;0.00
5;ILP;78295;1;1;0;0.00
5;ILP;76918;1;1;0;0.00
5;ILP;77869;1;1;0;0.00
5;ILP;78175;1;1;0;0.00
5;ILP;78591;1;1;0;0.00
5;ILP;77652;1;1;0;0.00
5;ILP;79152;1;1;0;0.00
5;ILP;76624;1;1;0;0.00
5;ILP;78389;1;1;0;0.00
5;ILP;77586;1;1;0;0.00
5;ILP;78654;1;1;0;0.00
5;ILP;79117;1;1;0;0.00
5;ILP;78699;1;1;0;0.00
5;ILP;77295;1;1;0;0.00
5;ILP;78154;1;1;0;0.00
5;ILP;78829;1;1;0;0.00
5;ILP;76452;1;1;0;0.00
5;ILP;78394;1;1;0;0.00
5;ILP;76317;1;1;0;0.00
5;CP;216297;1;1;0;0.00
5;CP;218986;1;1;0;0.00
5;CP;220141;1;1;0;0.00
5;CP;216835;1;1;0;0.00
5;CP;217100;1;1;0;0.00
5;CP;219642;1;1;0;0.00
5;CP;217947;1;1;0;0.00
5;CP;217446;1;1;0;0.00
5;CP;215988;1;1;0;0.00
5;CP;217419;1;1;0;0.00
5;CP;218591;1;1;0;0.00
5;CP;218736;1;1;0;0.00
5;CP;218381;1;1;0;0.00
5;CP;218528;1;1;0;0.00
5;CP;217266;1;1;0;0.00
5;CP;218140;1;1;0;0.00
5;CP;219752;1;1;0;0.00
5;CP;218185;1;1;0;0.00
5;CP;216723;1;1;0;0.00
5;CP;215891;1;1;0;0.00
5;CP;241996;1;1;0;0.00
5;CP;240893;1;1;0;0.00
5;CP;240440;1;1;0;0.00
5;CP;239457;1;1;0;0.00
5;CP;241383;1;1;0;0.00
5;CP;240978;1;1;0;0.00
5;CP;241089;1;1;0;0.00
5;CP;239601;1;1;0;0.00
5;CP;240746;1;1;0;0.00
5;CP;242022;1;1;0;0.00
5;CP;243826;1;1;0;0.00
5;CP;241455;1;1;0;0.00
5;CP;239430;1;1;0;0.00
5;CP;239528;1;1;0;0.00
5;CP;241427;1;1;0;0.00
5;CP;241239;1;1;0;0.00
5;CP;239890;1;1;0;0.00
5;CP;238386;1;1;0;0.00
5;CP;236651;1;1;0;0.00
5;CP;232290;1;1;0;0.00
5;CP;233289;1;1;0;0.00
5;CP;230968;1;1;0;0.00
5;CP;232362;1;1;0;0.00
5;CP;232668;1;1;0;0.00
5;CP;230992;1;1;0;0.00
5;CP;231677;1;1;0;0.00
5;CP;230991;1;1;0;0.00
5;CP;245737;1;1;0;0.00
5;CP;244949;1;1;0;0.00
5;CP;244286;1;1;0;0.00
5;CP;242249;1;1;0;0.00
5;CP;246665;1;1;0;0.00
5;CP;246184;1;1;0;0.00
5;CP;244685;1;1;0;0.00
5;CP;246799;1;1;0;0.00
5;CP;246250;1;1;0;0.00
5;CP;244378;1;1;0;0.00
5;CP;243166;1;1;0;0.00
5;CP;245893;1;1;0;0.00
5;CP;246058;1;1;0;0.00
5;SCP;108004;1;1;0;0.00
5;SCP;107707;1;1;0;0.00
5;SCP;108248;1;1;0;0.00
5;SCP;106966;1;1;0;0.00
5;SCP;107159;1;1;0;0.00
5;SCP;106889;1;1;0;0.00
5;SCP;107560;1;1;0;0.00
5;SCP;106930;1;1;0;0.00
5;SCP;107175;1;1;0;0.00
5;SCP;106949;1;1;0;0.00
5;SCP;106329;1;1;0;0.00
5;SCP;106227;1;1;0;0.00
5;SCP;106987;1;1;0;0.00
5;SCP;106666;1;1;0;0.00
5;SCP;106669;1;1;0;0.00
5;SCP;106957;1;1;0;0.00
5;SCP;107182;1;1;0;0.00
5;SCP;107643;1;1;0;0.00
5;SCP;106670;1;1;0;0.00
5;SCP;106824;1;1;0;0.00
5;SCP;108624;1;1;0;0.00
5;SCP;109020;1;1;0;0.00
5;SCP;108944;1;1;0;0.00
5;SCP;108722;1;1;0;0.00
5;SCP;109800;1;1;0;0.00
5;SCP;108481;1;1;0;0.00
5;SCP;109199;1;1;0;0.00
5;SCP;108932;1;1;0;0.00
5;SCP;108505;1;1;0;0.00
5;SCP;108805;1;1;0;0.00
5;SCP;108553;1;1;0;0.00
5;SCP;108417;1;1;0;0.00
5;SCP;108973;1;1;0;0.00
5;SCP;109664;1;1;0;0.00
5;SCP;108650;1;1;0;0.00
5;SCP;109534;1;1;0;0.00
5;SCP;105713;1;1;0;0.00
5;SCP;105078;1;1;0;0.00
5;SCP;105634;1;1;0;0.00
5;SCP;105259;1;1;0;0.00
5;SCP;111309;1;1;0;0.00
5;SCP;111171;1;1;0;0.00
5;SCP;110455;1;1;0;0.00
5;SCP;110915;1;1;0;0.00
5;SCP;111190;1;1;0;0.00
5;SCP;109908;1;1;0;0.00
5;SCP;111379;1;1;0;0.00
5;SCP;112229;1;1;0;0.00
5;SCP;110509;1;1;0;0.00
5;SCP;111846;1;1;0;0.00
5;SCP;111718;1;1;0;0.00
5;SCP;111120;1;1;0;0.00
5;SCP;112143;1;1;0;0.00
5;SCP;111706;1;1;0;0.00
5;SCP;110748;1;1;0;0.00
5;SCP;111523;1;1;0;0.00
5;SCP;112157;1;1;0;0.00
5;SCP;110716;1;1;0;0.00
5;SCP;111081;1;1;0;0.00
5;SCP;112862;1;1;0;0.00
5;KAB;825119;1;1;0;0.00
5;KAB;826361;1;1;0;0.00
5;KAB;829739;1;1;0;0.00
5;KAB;830495;1;1;0;0.00
5;KAB;831440;1;1;0;0.00
5;KAB;832273;1;1;0;0.00
5;KAB;834097;1;1;0;0.00
5;KAB;832547;1;1;0;0.00
5;KAB;833929;1;1;0;0.00
5;KAB;835885;1;1;0;0.00
5;KAB;833817;1;1;0;0.00
5;KAB;834699;1;1;0;0.00
5;KAB;838417;1;1;0;0.00
5;KAB;836450;1;1;0;0.00
5;KAB;837245;1;1;0;0.00
5;KAB;837551;1;1;0;0.00
5;KAB;838882;1;1;0;0.00
5;KAB;841701;1;1;0;0.00
5;KAB;841278;1;1;0;0.00
5;KAB;839869;1;1;0;0.00
5;KAB;854476;1;1;0;0.00
5;KAB;850408;1;1;0;0.00
5;KAB;850530;1;1;0;0.00
5;KAB;851503;1;1;0;0.00
5;KAB;850456;1;1;0;0.00
5;KAB;853491;1;1;0;0.00
5;KAB;854723;1;1;0;0.00
5;KAB;854422;1;1;0;0.00
5;KAB;855197;1;1;0;0.00
5;KAB;854504;1;1;0;0.00
5;KAB;855820;1;1;0;0.00
5;KAB;854591;1;1;0;0.00
5;KAB;856358;1;1;0;0.00
5;KAB;857116;1;1;0;0.00
5;KAB;857579;1;1;0;0.00
5;KAB;860220;1;1;0;0.00
5;KAB;858650;1;1;0;0.00
5;KAB;863226;1;1;0;0.00
5;KAB;862294;1;1;0;0.00
5;KAB;849347;1;1;0;0.00
5;KAB;874961;1;1;0;0.00
5;KAB;869409;1;1;0;0.00
5;KAB;870746;1;1;0;0.00
5;KAB;870304;1;1;0;0.00
5;KAB;860312;1;1;0;0.00
5;KAB;857502;1;1;0;0.00
5;KAB;847684;1;1;0;0.00
5;KAB;857500;1;1;0;0.00
5;KAB;858413;1;1;0;0.00
5;KAB;868920;1;1;0;0.00
5;KAB;866526;1;1;0;0.00
5;KAB;856545;1;1;0;0.00
5;KAB;866421;1;1;0;0.00
5;KAB;856124;1;1;0;0.00
5;KAB;868966;1;1;0;0.00
5;KAB;869933;1;1;0;0.00
5;KAB;867498;1;1;0;0.00
5;KAB;859581;1;1;0;0.00
5;KAB;849947;1;1;0;0.00
5;KAB;859226;1;1;0;0.00
5;BFDC;373;1;1;0;2.92
5;BFDC;377;1;1;0;2.92
5;BFDC;372;1;1;0;2.92
5;BFDC;371;1;1;0;2.92
5;BFDC;372;1;1;0;2.92
5;BFDC;372;1;1;0;2.92
5;BFDC;372;1;1;0;2.92
5;BFDC;372;1;1;0;2.92
5;BFDC;376;1;1;0;2.92
5;BFDC;372;1;1;0;2.92
5;BFDC;372;1;1;0;2.92
5;BFDC;372;1;1;0;2.92
5;BFDC;372;1;1;0;2.92
5;BFDC;372;1;1;0;2.92
5;BFDC;372;1;1;0;2.92
5;BFDC;372;1;1;0;2.92
5;BFDC;371;1;1;0;2.92
5;BFDC;371;1;1;0;2.92
5;BFDC;372;1;1;0;2.92
5;BFDC;371;1;1;0;2.92
5;BFDC;379;1;1;0;3.00
5;BFDC;385;1;1;0;3.00
5;BFDC;379;1;1;0;3.00
5;BFDC;379;1;1;0;3.00
5;BFDC;380;1;1;0;3.00
5;BFDC;380;1;1;0;3.00
5;BFDC;379;1;1;0;3.00
5;BFDC;380;1;1;0;3.00
5;BFDC;386;1;1;0;3.00
5;BFDC;379;1;1;0;3.00
5;BFDC;380;1;1;0;3.00
5;BFDC;380;1;1;0;3.00
5;BFDC;380;1;1;0;3.00
5;BFDC;380;1;1;0;3.00
5;BFDC;380;1;1;0;3.00
5;BFDC;389;1;1;0;3.00
5;BFDC;387;1;1;0;3.00
5;BFDC;386;1;1;0;3.00
5;BFDC;386;1;1;0;3.00
5;BFDC;387;1;1;0;3.00
5;BFDC;362;1;1;0;2.91
5;BFDC;362;1;1;0;2.91
5;BFDC;361;1;1;0;2.91
5;BFDC;362;1;1;0;2.91
5;BFDC;360;1;1;0;2.91
5;BFDC;366;1;1;0;2.91
5;BFDC;363;1;1;0;2.91
5;BFDC;362;1;1;0;2.91
5;BFDC;363;1;1;0;2.91
5;BFDC;363;1;1;0;2.91
5;BFDC;362;1;1;0;2.91
5;BFDC;363;1;1;0;2.91
5;BFDC;363;1;1;0;2.91
5;BFDC;364;1;1;0;2.91
5;BFDC;362;1;1;0;2.91
5;BFDC;362;1;1;0;2.91
5;BFDC;363;1;1;0;2.91
5;BFDC;363;1;1;0;2.91
5;BFDC;363;1;1;0;2.91
5;BFDC;363;1;1;0;2.91
5;CRA;86556;1;1;0;218.31
5;CRA;86027;1;1;0;218.31
5;CRA;86875;1;1;0;218.31
5;CRA;86117;1;1;0;218.31
5;CRA;86033;1;1;0;218.31
5;CRA;86064;1;1;0;218.31
5;CRA;86056;1;1;0;218.31
5;CRA;86180;1;1;0;218.31
5;CRA;86524;1;1;0;218.31
5;CRA;86518;1;1;0;218.31
5;CRA;86519;1;1;0;218.31
5;CRA;86578;1;1;0;218.31
5;CRA;86511;1;1;0;218.31
5;CRA;86138;1;1;0;218.31
5;CRA;86899;1;1;0;218.31
5;CRA;86088;1;1;0;218.31
5;CRA;86093;1;1;0;218.31
5;CRA;86100;1;1;0;218.31
5;CRA;86101;1;1;0;218.31
5;CRA;86087;1;1;0;218.31
5;CRA;66367;1;1;0;159.07
5;CRA;66041;1;1;0;159.07
5;CRA;66032;1;1;0;159.07
5;CRA;65997;1;1;0;159.07
5;CRA;66010;1;1;0;159.07
5;CRA;66045;1;1;0;159.07
5;CRA;66257;1;1;0;159.07
5;CRA;72769;1;1;0;159.07
5;CRA;66731;1;1;0;159.07
5;CRA;66750;1;1;0;159.07
5;CRA;66759;1;1;0;159.07
5;CRA;66700;1;1;0;159.07
5;CRA;66699;1;1;0;159.07
5;CRA;71606;1;1;0;159.07
5;CRA;69705;1;1;0;159.07
5;CRA;66180;1;1;0;159.07
5;CRA;66161;1;1;0;159.07
5;CRA;66170;1;1;0;159.07
5;CRA;66148;1;1;0;159.07
5;CRA;66154;1;1;0;159.07
5;CRA;72900;1;1;0;175.88
5;CRA;72586;1;1;0;175.88
5;CRA;72567;1;1;0;175.88
5;CRA;72557;1;1;0;175.88
5;CRA;72593;1;1;0;175.88
5;CRA;72588;1;1;0;175.88
5;CRA;72810;1;1;0;175.88
5;CRA;72896;1;1;0;175.88
5;CRA;72910;1;1;0;175.88
5;CRA;72915;1;1;0;175.88
5;CRA;72922;1;1;0;175.88
5;CRA;72956;1;1;0;175.88
5;CRA;72925;1;1;0;175.88
5;CRA;72956;1;1;0;175.88
5;CRA;72922;1;1;0;175.88
5;CRA;72906;1;1;0;175.88
5;CRA;72941;1;1;0;175.88
5;CRA;72914;1;1;0;175.88
5;CRA;72926;1;1;0;175.88
5;CRA;72927;1;1;0;175.88
80;RULT;44484;1;1;0;127.83
80;RULT;44424;1;1;0;127.83
80;RULT;44964;1;1;0;127.83
80;RULT;44383;1;1;0;127.83
80;RULT;44407;1;1;0;127.83
80;RULT;44325;1;1;0;127.83
80;RULT;44304;1;1;0;127.83
80;RULT;44360;1;1;0;127.83
80;RULT;44339;1;1;0;127.83
80;RULT;44323;1;1;0;127.83
80;RULT;45201;1;1;0;127.83
80;RULT;44296;1;1;0;127.83
80;RULT;45427;1;1;0;127.83
80;RULT;44431;1;1;0;127.83
80;RULT;44348;1;1;0;127.83
80;RULT;44370;1;1;0;127.83
80;RULT;44825;1;1;0;127.83
80;RULT;44385;1;1;0;127.83
80;RULT;44812;1;1;0;127.83
80;RULT;44391;1;1;0;127.83
80;RULT;41758;1;1;0;120.89
80;RULT;41708;1;1;0;120.89
80;RULT;41698;1;1;0;120.89
80;RULT;41734;1;1;0;120.89
80;RULT;41848;1;1;0;120.89
80;RULT;41654;1;1;0;120.89
80;RULT;41677;1;1;0;120.89
80;RULT;41643;1;1;0;120.89
80;RULT;42429;1;1;0;120.89
80;RULT;41649;1;1;0;120.89
80;RULT;41645;1;1;0;120.89
80;RULT;41709;1;1;0;120.89
80;RULT;41713;1;1;0;120.89
80;RULT;41686;1;1;0;120.89
80;RULT;41708;1;1;0;120.89
80;RULT;41703;1;1;0;120.89
80;RULT;41722;1;1;0;120.89
80;RULT;41721;1;1;0;120.89
80;RULT;41710;1;1;0;120.89
80;RULT;41733;1;1;0;120.89
80;RULT;39899;1;1;0;122.03
80;RULT;39796;1;1;0;122.03
80;RULT;39813;1;1;0;122.03
80;RULT;39842;1;1;0;122.03
80;RULT;39832;1;1;0;122.03
80;RULT;39844;1;1;0;122.03
80;RULT;39796;1;1;0;122.03
80;RULT;39839;1;1;0;122.03
80;RULT;39846;1;1;0;122.03
80;RULT;39808;1;1;0;122.03
80;RULT;39800;1;1;0;122.03
80;RULT;39814;1;1;0;122.03
80;RULT;39817;1;1;0;122.03
80;RULT;40757;1;1;0;122.03
80;RULT;39833;1;1;0;122.03
80;RULT;39844;1;1;0;122.03
80;RULT;39863;1;1;0;122.03
80;RULT;39825;1;1;0;122.03
80;RULT;39807;1;1;0;122.03
80;RULT;39804;1;1;0;122.03
80;ILP;1378022;1;1;0;0.00
80;ILP;1300334;1;1;0;0.00
80;ILP;1293488;1;1;0;0.00
80;ILP;1287316;1;1;0;0.00
80;ILP;1297152;1;1;0;0.00
80;ILP;1295072;1;1;0;0.00
80;ILP;1286575;1;1;0;0.00
80;ILP;1297556;1;1;0;0.00
80;ILP;1287273;1;1;0;0.00
80;ILP;1286094;1;1;0;0.00
80;ILP;1293295;1;1;0;0.00
80;ILP;1297837;1;1;0;0.00
80;ILP;1293228;1;1;0;0.00
80;ILP;1299821;1;1;0;0.00
80;ILP;1288005;1;1;0;0.00
80;ILP;1292110;1;1;0;0.00
80;ILP;1295886;1;1;0;0.00
80;ILP;1286486;1;1;0;0.00
80;ILP;1299054;1;1;0;0.00
80;ILP;1295478;1;1;0;0.00
80;ILP;1377861;1;1;0;0.00
80;ILP;1300789;1;1;0;0.00
80;ILP;1278141;1;1;0;0.00
80;ILP;1293080;1;1;0;0.00
80;ILP;1369395;1;1;0;0.00
80;ILP;1332322;1;1;0;0.00
80;ILP;1302812;1;1;0;0.00
80;ILP;1251404;1;1;0;0.00
80;ILP;1255677;1;1;0;0.00
80;ILP;1253018;1;1;0;0.00
80;ILP;1263292;1;1;0;0.00
80;ILP;1253226;1;1;0;0.00
80;ILP;1248769;1;1;0;0.00
80;ILP;1249961;1;1;0;0.00
80;ILP;1246279;1;1;0;0.00
80;ILP;1244947;1;1;0;0.00
80;ILP;1243945;1;1;0;0.00
80;ILP;1283686;1;1;0;0.00
80;ILP;1286498;1;1;0;0.00
80;ILP;1294400;1;1;0;0.00
80;ILP;1373689;1;1;0;0.00
80;ILP;1302039;1;1;0;0.00
80;ILP;1292937;1;1;0;0.00
80;ILP;1286532;1;1;0;0.00
80;ILP;1297745;1;1;0;0.00
80;ILP;1306764;1;1;0;0.00
80;ILP;1292763;1;1;0;0.00
80;ILP;1307553;1;1;0;0.00
80;ILP;1286186;1;1;0;0.00
80;ILP;1298642;1;1;0;0.00
80;ILP;1296772;1;1;0;0.00
80;ILP;1288994;1;1;0;0.00
80;ILP;1297752;1;1;0;0.00
80;ILP;1295234;1;1;0;0.00
80;ILP;1283144;1;1;0;0.00
80;ILP;1297706;1;1;0;0.00
80;ILP;1292099;1;1;0;0.00
80;ILP;1276581;1;1;0;0.00
80;ILP;1298552;1;1;0;0.00
80;ILP;1290321;1;1;0;0.00
80;SCP;295969;1;1;0;0.00
80;SCP;289274;1;1;0;0.00
80;SCP;296915;1;1;0;0.00
80;SCP;297575;1;1;0;0.00
80;SCP;296574;1;1;0;0.00
80;SCP;300724;1;1;0;0.00
80;SCP;296929;1;1;0;0.00
80;SCP;294412;1;1;0;0.00
80;SCP;292025;1;1;0;0.00
80;SCP;296695;1;1;0;0.00
80;SCP;296625;1;1;0;0.00
80;SCP;296987;1;1;0;0.00
80;SCP;300166;1;1;0;0.00
80;SCP;296606;1;1;0;0.00
80;SCP;290846;1;1;0;0.00
80;SCP;293720;1;1;0;0.00
80;SCP;294958;1;1;0;0.00
80;SCP;296644;1;1;0;0.00
80;SCP;296883;1;1;0;0.00
80;SCP;299651;1;1;0;0.00
80;SCP;301598;1;1;0;0.00
80;SCP;299635;1;1;0;0.00
80;SCP;304108;1;1;0;0.00
80;SCP;303164;1;1;0;0.00
80;SCP;303925;1;1;0;0.00
80;SCP;305877;1;1;0;0.00
80;SCP;300334;1;1;0;0.00
80;SCP;302039;1;1;0;0.00
80;SCP;301578;1;1;0;0.00
80;SCP;305923;1;1;0;0.00
80;SCP;303677;1;1;0;0.00
80;SCP;301252;1;1;0;0.00
80;SCP;302982;1;1;0;0.00
80;SCP;303868;1;1;0;0.00
80;SCP;303912;1;1;0;0.00
80;SCP;306701;1;1;0;0.00
80;SCP;301343;1;1;0;0.00
80;SCP;302404;1;1;0;0.00
80;SCP;302938;1;1;0;0.00
80;SCP;303670;1;1;0;0.00
80;SCP;307634;1;1;0;0.00
80;SCP;302235;1;1;0;0.00
80;SCP;303331;1;1;0;0.00
80;SCP;308352;1;1;0;0.00
80;SCP;301307;1;1;0;0.00
80;SCP;304699;1;1;0;0.00
80;SCP;301703;1;1;0;0.00
80;SCP;305757;1;1;0;0.00
80;SCP;300080;1;1;0;0.00
80;SCP;307922;1;1;0;0.00
80;SCP;305862;1;1;0;0.00
80;SCP;304176;1;1;0;0.00
80;SCP;305297;1;1;0;0.00
80;SCP;305339;1;1;0;0.00
80;SCP;305462;1;1;0;0.00
80;SCP;301631;1;1;0;0.00
80;SCP;307731;1;1;0;0.00
80;SCP;306339;1;1;0;0.00
80;SCP;303318;1;1;0;0.00
80;SCP;310660;1;1;0;0.00
80;BFDC;1458;1;1;0;8.30
80;BFDC;1460;1;1;0;8.30
80;BFDC;1457;1;1;0;8.30
80;BFDC;1454;1;1;0;8.30
80;BFDC;1460;1;1;0;8.30
80;BFDC;1453;1;1;0;8.30
80;BFDC;1467;1;1;0;8.30
80;BFDC;1455;1;1;0;8.30
80;BFDC;1459;1;1;0;8.30
80;BFDC;1453;1;1;0;8.30
80;BFDC;1453;1;1;0;8.30
80;BFDC;1456;1;1;0;8.30
80;BFDC;1452;1;1;0;8.30
80;BFDC;1460;1;1;0;8.30
80;BFDC;1454;1;1;0;8.30
80;BFDC;1462;1;1;0;8.30
80;BFDC;1455;1;1;0;8.30
80;BFDC;1459;1;1;0;8.30
80;BFDC;1453;1;1;0;8.30
80;BFDC;1455;1;1;0;8.30
80;BFDC;1416;1;1;0;8.11
80;BFDC;1420;1;1;0;8.11
80;BFDC;1411;1;1;0;8.11
80;BFDC;1421;1;1;0;8.11
80;BFDC;1428;1;1;0;8.11
80;BFDC;1411;1;1;0;8.11
80;BFDC;1415;1;1;0;8.11
80;BFDC;1411;1;1;0;8.11
80;BFDC;1417;1;1;0;8.11
80;BFDC;1411;1;1;0;8.11
80;BFDC;1418;1;1;0;8.11
80;BFDC;1409;1;1;0;8.11
80;BFDC;1411;1;1;0;8.11
80;BFDC;1436;1;1;0;8.11
80;BFDC;1414;1;1;0;8.11
80;BFDC;1418;1;1;0;8.11
80;BFDC;1413;1;1;0;8.11
80;BFDC;1419;1;1;0;8.11
80;BFDC;1412;1;1;0;8.11
80;BFDC;1411;1;1;0;8.11
80;BFDC;1344;1;1;0;7.81
80;BFDC;1328;1;1;0;7.81
80;BFDC;1327;1;1;0;7.81
80;BFDC;1329;1;1;0;7.81
80;BFDC;1327;1;1;0;7.81
80;BFDC;1334;1;1;0;7.81
80;BFDC;1328;1;1;0;7.81
80;BFDC;1333;1;1;0;7.81
80;BFDC;1327;1;1;0;7.81
80;BFDC;1330;1;1;0;7.81
80;BFDC;1337;1;1;0;7.81
80;BFDC;1326;1;1;0;7.81
80;BFDC;1335;1;1;0;7.81
80;BFDC;1327;1;1;0;7.81
80;BFDC;1327;1;1;0;7.81
80;BFDC;1336;1;1;0;7.81
80;BFDC;1327;1;1;0;7.81
80;BFDC;1343;1;1;0;7.81
80;BFDC;1329;1;1;0;7.81
80;BFDC;1329;1;1;0;7.81
80;CRA;744978;1;1;0;2461.61
80;CRA;744132;1;1;0;2461.61
80;CRA;736430;1;1;0;2461.61
80;CRA;742565;1;1;0;2461.61
80;CRA;740938;1;1;0;2461.61
80;CRA;735647;1;1;0;2461.61
80;CRA;743734;1;1;0;2461.61
80;CRA;739058;1;1;0;2461.61
80;CRA;739007;1;1;0;2461.61
80;CRA;744144;1;1;0;2461.61
80;CRA;737845;1;1;0;2461.61
80;CRA;741165;1;1;0;2461.61
80;CRA;744292;1;1;0;2461.61
80;CRA;736479;1;1;0;2461.61
80;CRA;746957;1;1;0;2461.61
80;CRA;740624;1;1;0;2461.61
80;CRA;735752;1;1;0;2461.61
80;CRA;743848;1;1;0;2461.61
80;CRA;739170;1;1;0;2461.61
80;CRA;739092;1;1;0;2461.61
80;CRA;801832;1;1;0;2811.88
80;CRA;800085;1;1;0;2811.88
80;CRA;802886;1;1;0;2811.88
80;CRA;796553;1;1;0;2811.88
80;CRA;802412;1;1;0;2811.88
80;CRA;799910;1;1;0;2811.88
80;CRA;799547;1;1;0;2811.88
80;CRA;803022;1;1;0;2811.88
80;CRA;796970;1;1;0;2811.88
80;CRA;801862;1;1;0;2811.88
80;CRA;801120;1;1;0;2811.88
80;CRA;798478;1;1;0;2811.88
80;CRA;803155;1;1;0;2811.88
80;CRA;797559;1;1;0;2811.88
80;CRA;801334;1;1;0;2811.88
80;CRA;802837;1;1;0;2811.88
80;CRA;797700;1;1;0;2811.88
80;CRA;803083;1;1;0;2811.88
80;CRA;798251;1;1;0;2811.88
80;CRA;800819;1;1;0;2811.88
80;CRA;736172;1;1;0;2599.28
80;CRA;744192;1;1;0;2599.28
80;CRA;741342;1;1;0;2599.28
80;CRA;732975;1;1;0;2599.28
80;CRA;745277;1;1;0;2599.28
80;CRA;740103;1;1;0;2599.28
80;CRA;737413;1;1;0;2599.28
80;CRA;742502;1;1;0;2599.28
80;CRA;742362;1;1;0;2599.28
80;CRA;737204;1;1;0;2599.28
80;CRA;742399;1;1;0;2599.28
80;CRA;737673;1;1;0;2599.28
80;CRA;740761;1;1;0;2599.28
80;CRA;742305;1;1;0;2599.28
80;CRA;737495;1;1;0;2599.28
80;CRA;741335;1;1;0;2599.28
80;CRA;742276;1;1;0;2599.28
80;CRA;737676;1;1;0;2599.28
80;CRA;742342;1;1;0;2599.28
80;CRA;742057;1;1;0;2599.28
