Size;Method;Time;Status;Solution;Timeout;Scans
12800;RULT;56985;1;1;0;22.19
12800;RULT;54390;1;1;0;22.19
12800;RULT;54404;1;1;0;22.19
12800;RULT;54366;1;1;0;22.19
12800;RULT;54285;1;1;0;22.19
12800;RULT;54214;1;1;0;22.19
12800;RULT;54209;1;1;0;22.19
12800;RULT;54236;1;1;0;22.19
12800;RULT;54233;1;1;0;22.19
12800;RULT;54175;1;1;0;22.19
12800;RULT;54199;1;1;0;22.19
12800;RULT;54163;1;1;0;22.19
12800;RULT;54171;1;1;0;22.19
12800;RULT;54134;1;1;0;22.19
12800;RULT;54149;1;1;0;22.19
12800;RULT;54088;1;1;0;22.19
12800;RULT;54075;1;1;0;22.19
12800;RULT;54061;1;1;0;22.19
12800;RULT;54025;1;1;0;22.19
12800;RULT;54016;1;1;0;22.19
12800;RULT;64001;1;1;0;25.74
12800;RULT;61199;1;1;0;25.74
12800;RULT;61158;1;1;0;25.74
12800;RULT;64745;1;1;0;25.74
12800;RULT;61253;1;1;0;25.74
12800;RULT;61210;1;1;0;25.74
12800;RULT;61171;1;1;0;25.74
12800;RULT;61202;1;1;0;25.74
12800;RULT;61166;1;1;0;25.74
12800;RULT;61118;1;1;0;25.74
12800;RULT;61142;1;1;0;25.74
12800;RULT;61161;1;1;0;25.74
12800;RULT;61158;1;1;0;25.74
12800;RULT;61183;1;1;0;25.74
12800;RULT;89703;1;1;0;25.74
12800;RULT;62729;1;1;0;25.74
12800;RULT;61241;1;1;0;25.74
12800;RULT;61138;1;1;0;25.74
12800;RULT;61144;1;1;0;25.74
12800;RULT;61182;1;1;0;25.74
12800;RULT;67778;1;1;0;22.81
12800;RULT;70507;1;1;0;22.81
12800;RULT;70668;1;1;0;22.81
12800;RULT;79369;1;1;0;22.81
12800;RULT;70792;1;1;0;22.81
12800;RULT;70938;1;1;0;22.81
12800;RULT;70951;1;1;0;22.81
12800;RULT;70768;1;1;0;22.81
12800;RULT;70739;1;1;0;22.81
12800;RULT;70624;1;1;0;22.81
12800;RULT;75630;1;1;0;22.81
12800;RULT;70504;1;1;0;22.81
12800;RULT;70778;1;1;0;22.81
12800;RULT;70697;1;1;0;22.81
12800;RULT;70406;1;1;0;22.81
12800;RULT;70582;1;1;0;22.81
12800;RULT;79038;1;1;0;22.81
12800;RULT;70578;1;1;0;22.81
12800;RULT;70590;1;1;0;22.81
12800;RULT;70782;1;1;0;22.81
12800;ILP;1209987;1;1;0;0.00
12800;ILP;1207193;1;1;0;0.00
12800;ILP;1211006;1;1;0;0.00
12800;ILP;1206520;1;1;0;0.00
12800;ILP;1196106;1;1;0;0.00
12800;ILP;1296907;1;1;0;0.00
12800;ILP;1312422;1;1;0;0.00
12800;ILP;1236606;1;1;0;0.00
12800;ILP;1219054;1;1;0;0.00
12800;ILP;1222835;1;1;0;0.00
12800;ILP;1230262;1;1;0;0.00
12800;ILP;1215507;1;1;0;0.00
12800;ILP;1222830;1;1;0;0.00
12800;ILP;1214614;1;1;0;0.00
12800;ILP;1206910;1;1;0;0.00
12800;ILP;1209493;1;1;0;0.00
12800;ILP;1198414;1;1;0;0.00
12800;ILP;1296239;1;1;0;0.00
12800;ILP;1310320;1;1;0;0.00
12800;ILP;1241136;1;1;0;0.00
12800;ILP;1202975;1;1;0;0.00
12800;ILP;1208444;1;1;0;0.00
12800;ILP;1212038;1;1;0;0.00
12800;ILP;1208443;1;1;0;0.00
12800;ILP;1207480;1;1;0;0.00
12800;ILP;1209033;1;1;0;0.00
12800;ILP;1203199;1;1;0;0.00
12800;ILP;1197076;1;1;0;0.00
12800;ILP;1221895;1;1;0;0.00
12800;ILP;1197325;1;1;0;0.00
12800;ILP;1217022;1;1;0;0.00
12800;ILP;1215036;1;1;0;0.00
12800;ILP;1189631;1;1;0;0.00
12800;ILP;1221595;1;1;0;0.00
12800;ILP;1223214;1;1;0;0.00
12800;ILP;1212765;1;1;0;0.00
12800;ILP;1211957;1;1;0;0.00
12800;ILP;1215945;1;1;0;0.00
12800;ILP;1220160;1;1;0;0.00
12800;ILP;1217241;1;1;0;0.00
12800;ILP;1334365;1;1;0;0.00
12800;ILP;1229825;1;1;0;0.00
12800;ILP;1233047;1;1;0;0.00
12800;ILP;1232292;1;1;0;0.00
12800;ILP;1234676;1;1;0;0.00
12800;ILP;1232856;1;1;0;0.00
12800;ILP;1238229;1;1;0;0.00
12800;ILP;1234770;1;1;0;0.00
12800;ILP;1226887;1;1;0;0.00
12800;ILP;1226797;1;1;0;0.00
12800;ILP;1237407;1;1;0;0.00
12800;ILP;1230459;1;1;0;0.00
12800;ILP;1224308;1;1;0;0.00
12800;ILP;1240783;1;1;0;0.00
12800;ILP;1223791;1;1;0;0.00
12800;ILP;1224901;1;1;0;0.00
12800;ILP;1231727;1;1;0;0.00
12800;ILP;1227172;1;1;0;0.00
12800;ILP;1235644;1;1;0;0.00
12800;ILP;1232758;1;1;0;0.00
12800;SCP;1336599;1;1;0;0.00
12800;SCP;1315692;1;1;0;0.00
12800;SCP;1313035;1;1;0;0.00
12800;SCP;1537746;1;1;0;0.00
12800;SCP;1571824;1;1;0;0.00
12800;SCP;1357377;1;1;0;0.00
12800;SCP;1365206;1;1;0;0.00
12800;SCP;1353524;1;1;0;0.00
12800;SCP;1349618;1;1;0;0.00
12800;SCP;1350524;1;1;0;0.00
12800;SCP;1339944;1;1;0;0.00
12800;SCP;1346584;1;1;0;0.00
12800;SCP;1330862;1;1;0;0.00
12800;SCP;1316831;1;1;0;0.00
12800;SCP;1317696;1;1;0;0.00
12800;SCP;1512926;1;1;0;0.00
12800;SCP;1569394;1;1;0;0.00
12800;SCP;1368537;1;1;0;0.00
12800;SCP;1357546;1;1;0;0.00
12800;SCP;1353371;1;1;0;0.00
12800;SCP;1485157;1;1;0;0.00
12800;SCP;1505051;1;1;0;0.00
12800;SCP;1485089;1;1;0;0.00
12800;SCP;1481715;1;1;0;0.00
12800;SCP;1510589;1;1;0;0.00
12800;SCP;1484931;1;1;0;0.00
12800;SCP;1483023;1;1;0;0.00
12800;SCP;1492421;1;1;0;0.00
12800;SCP;1488990;1;1;0;0.00
12800;SCP;1479288;1;1;0;0.00
12800;SCP;1493593;1;1;0;0.00
12800;SCP;1496335;1;1;0;0.00
12800;SCP;1507226;1;1;0;0.00
12800;SCP;1482921;1;1;0;0.00
12800;SCP;1486469;1;1;0;0.00
12800;SCP;1496447;1;1;0;0.00
12800;SCP;1481829;1;1;0;0.00
12800;SCP;1500706;1;1;0;0.00
12800;SCP;1489959;1;1;0;0.00
12800;SCP;1478357;1;1;0;0.00
12800;SCP;1633751;1;1;0;0.00
12800;SCP;1671904;1;1;0;0.00
12800;SCP;1780254;1;1;0;0.00
12800;SCP;1727668;1;1;0;0.00
12800;SCP;1531557;1;1;0;0.00
12800;SCP;1533625;1;1;0;0.00
12800;SCP;1535546;1;1;0;0.00
12800;SCP;1532610;1;1;0;0.00
12800;SCP;1523156;1;1;0;0.00
12800;SCP;1534385;1;1;0;0.00
12800;SCP;1529444;1;1;0;0.00
12800;SCP;1537101;1;1;0;0.00
12800;SCP;1527602;1;1;0;0.00
12800;SCP;1552054;1;1;0;0.00
12800;SCP;1521860;1;1;0;0.00
12800;SCP;1536450;1;1;0;0.00
12800;SCP;1533286;1;1;0;0.00
12800;SCP;1534301;1;1;0;0.00
12800;SCP;1535265;1;1;0;0.00
12800;SCP;1547715;1;1;0;0.00
12800;BFDC;3482;1;1;0;3.22
12800;BFDC;3450;1;1;0;3.22
12800;BFDC;3441;1;1;0;3.22
12800;BFDC;3464;1;1;0;3.22
12800;BFDC;3521;1;1;0;3.22
12800;BFDC;3487;1;1;0;3.22
12800;BFDC;3542;1;1;0;3.22
12800;BFDC;3587;1;1;0;3.22
12800;BFDC;3548;1;1;0;3.22
12800;BFDC;3479;1;1;0;3.22
12800;BFDC;3460;1;1;0;3.22
12800;BFDC;3469;1;1;0;3.22
12800;BFDC;3495;1;1;0;3.22
12800;BFDC;3522;1;1;0;3.22
12800;BFDC;3466;1;1;0;3.22
12800;BFDC;3478;1;1;0;3.22
12800;BFDC;3476;1;1;0;3.22
12800;BFDC;3564;1;1;0;3.22
12800;BFDC;3517;1;1;0;3.22
12800;BFDC;3507;1;1;0;3.22
12800;BFDC;3225;1;1;0;3.03
12800;BFDC;3199;1;1;0;3.03
12800;BFDC;3200;1;1;0;3.03
12800;BFDC;3192;1;1;0;3.03
12800;BFDC;3190;1;1;0;3.03
12800;BFDC;3199;1;1;0;3.03
12800;BFDC;3199;1;1;0;3.03
12800;BFDC;3200;1;1;0;3.03
12800;BFDC;3202;1;1;0;3.03
12800;BFDC;3207;1;1;0;3.03
12800;BFDC;3198;1;1;0;3.03
12800;BFDC;3197;1;1;0;3.03
12800;BFDC;3204;1;1;0;3.03
12800;BFDC;3201;1;1;0;3.03
12800;BFDC;3207;1;1;0;3.03
12800;BFDC;3204;1;1;0;3.03
12800;BFDC;3197;1;1;0;3.03
12800;BFDC;3189;1;1;0;3.03
12800;BFDC;3196;1;1;0;3.03
12800;BFDC;3193;1;1;0;3.03
12800;BFDC;3196;1;1;0;3.07
12800;BFDC;3168;1;1;0;3.07
12800;BFDC;3161;1;1;0;3.07
12800;BFDC;3163;1;1;0;3.07
12800;BFDC;3169;1;1;0;3.07
12800;BFDC;3166;1;1;0;3.07
12800;BFDC;3172;1;1;0;3.07
12800;BFDC;3170;1;1;0;3.07
12800;BFDC;3171;1;1;0;3.07
12800;BFDC;3162;1;1;0;3.07
12800;BFDC;3159;1;1;0;3.07
12800;BFDC;3168;1;1;0;3.07
12800;BFDC;3169;1;1;0;3.07
12800;BFDC;3173;1;1;0;3.07
12800;BFDC;3175;1;1;0;3.07
12800;BFDC;3176;1;1;0;3.07
12800;BFDC;3172;1;1;0;3.07
12800;BFDC;3171;1;1;0;3.07
12800;BFDC;3170;1;1;0;3.07
12800;BFDC;3171;1;1;0;3.07
200;ULT;65585;1;1;0;1663.12
200;ULT;64988;1;1;0;1663.12
200;ULT;65678;1;1;0;1663.12
200;ULT;65029;1;1;0;1663.12
200;ULT;65218;1;1;0;1663.12
200;ULT;65274;1;1;0;1663.12
200;ULT;65080;1;1;0;1663.12
200;ULT;65092;1;1;0;1663.12
200;ULT;67130;1;1;0;1663.12
200;ULT;67124;1;1;0;1663.12
200;ULT;67182;1;1;0;1663.12
200;ULT;67129;1;1;0;1663.12
200;ULT;67093;1;1;0;1663.12
200;ULT;67154;1;1;0;1663.12
200;ULT;67066;1;1;0;1663.12
200;ULT;67271;1;1;0;1663.12
200;ULT;67161;1;1;0;1663.12
200;ULT;65091;1;1;0;1663.12
200;ULT;65134;1;1;0;1663.12
200;ULT;66870;1;1;0;1663.12
200;ULT;73373;1;1;0;1870.93
200;ULT;73398;1;1;0;1870.93
200;ULT;73391;1;1;0;1870.93
200;ULT;73180;1;1;0;1870.93
200;ULT;73408;1;1;0;1870.93
200;ULT;73286;1;1;0;1870.93
200;ULT;73263;1;1;0;1870.93
200;ULT;73247;1;1;0;1870.93
200;ULT;73292;1;1;0;1870.93
200;ULT;73459;1;1;0;1870.93
200;ULT;73119;1;1;0;1870.93
200;ULT;73358;1;1;0;1870.93
200;ULT;73291;1;1;0;1870.93
200;ULT;73351;1;1;0;1870.93
200;ULT;73404;1;1;0;1870.93
200;ULT;73277;1;1;0;1870.93
200;ULT;73546;1;1;0;1870.93
200;ULT;73747;1;1;0;1870.93
200;ULT;73904;1;1;0;1870.93
200;ULT;73806;1;1;0;1870.93
200;ULT;81351;1;1;0;2078.81
200;ULT;80878;1;1;0;2078.81
200;ULT;81399;1;1;0;2078.81
200;ULT;83330;1;1;0;2078.81
200;ULT;83348;1;1;0;2078.81
200;ULT;83378;1;1;0;2078.81
200;ULT;83391;1;1;0;2078.81
200;ULT;83292;1;1;0;2078.81
200;ULT;83563;1;1;0;2078.81
200;ULT;83318;1;1;0;2078.81
200;ULT;81119;1;1;0;2078.81
200;ULT;80915;1;1;0;2078.81
200;ULT;81237;1;1;0;2078.81
200;ULT;80917;1;1;0;2078.81
200;ULT;82579;1;1;0;2078.81
200;ULT;83852;1;1;0;2078.81
200;ULT;83952;1;1;0;2078.81
200;ULT;83748;1;1;0;2078.81
200;ULT;83856;1;1;0;2078.81
200;ULT;83819;1;1;0;2078.81
200;RULT;565;1;1;0;19.79
200;RULT;549;1;1;0;19.79
200;RULT;552;1;1;0;19.79
200;RULT;548;1;1;0;19.79
200;RULT;547;1;1;0;19.79
200;RULT;544;1;1;0;19.79
200;RULT;548;1;1;0;19.79
200;RULT;545;1;1;0;19.79
200;RULT;548;1;1;0;19.79
200;RULT;556;1;1;0;19.79
200;RULT;548;1;1;0;19.79
200;RULT;547;1;1;0;19.79
200;RULT;547;1;1;0;19.79
200;RULT;546;1;1;0;19.79
200;RULT;546;1;1;0;19.79
200;RULT;554;1;1;0;19.79
200;RULT;549;1;1;0;19.79
200;RULT;545;1;1;0;19.79
200;RULT;543;1;1;0;19.79
200;RULT;543;1;1;0;19.79
200;RULT;625;1;1;0;20.96
200;RULT;607;1;1;0;20.96
200;RULT;604;1;1;0;20.96
200;RULT;600;1;1;0;20.96
200;RULT;609;1;1;0;20.96
200;RULT;601;1;1;0;20.96
200;RULT;600;1;1;0;20.96
200;RULT;601;1;1;0;20.96
200;RULT;601;1;1;0;20.96
200;RULT;603;1;1;0;20.96
200;RULT;607;1;1;0;20.96
200;RULT;602;1;1;0;20.96
200;RULT;600;1;1;0;20.96
200;RULT;602;1;1;0;20.96
200;RULT;600;1;1;0;20.96
200;RULT;604;1;1;0;20.96
200;RULT;609;1;1;0;20.96
200;RULT;601;1;1;0;20.96
200;RULT;602;1;1;0;20.96
200;RULT;604;1;1;0;20.96
200;RULT;614;1;1;0;21.17
200;RULT;592;1;1;0;21.17
200;RULT;587;1;1;0;21.17
200;RULT;587;1;1;0;21.17
200;RULT;586;1;1;0;21.17
200;RULT;587;1;1;0;21.17
200;RULT;592;1;1;0;21.17
200;RULT;588;1;1;0;21.17
200;RULT;583;1;1;0;21.17
200;RULT;587;1;1;0;21.17
200;RULT;586;1;1;0;21.17
200;RULT;587;1;1;0;21.17
200;RULT;591;1;1;0;21.17
200;RULT;590;1;1;0;21.17
200;RULT;586;1;1;0;21.17
200;RULT;589;1;1;0;21.17
200;RULT;584;1;1;0;21.17
200;RULT;587;1;1;0;21.17
200;RULT;589;1;1;0;21.17
200;RULT;591;1;1;0;21.17
200;ILP;20550;1;1;0;0.00
200;ILP;15299;1;1;0;0.00
200;ILP;15031;1;1;0;0.00
200;ILP;15036;1;1;0;0.00
200;ILP;15011;1;1;0;0.00
200;ILP;15095;1;1;0;0.00
200;ILP;14734;1;1;0;0.00
200;ILP;14736;1;1;0;0.00
200;ILP;14533;1;1;0;0.00
200;ILP;14581;1;1;0;0.00
200;ILP;14867;1;1;0;0.00
200;ILP;14794;1;1;0;0.00
200;ILP;14817;1;1;0;0.00
200;ILP;14840;1;1;0;0.00
200;ILP;14743;1;1;0;0.00
200;ILP;14937;1;1;0;0.00
200;ILP;14922;1;1;0;0.00
200;ILP;14955;1;1;0;0.00
200;ILP;15004;1;1;0;0.00
200;ILP;15076;1;1;0;0.00
200;ILP;20066;1;1;0;0.00
200;ILP;15592;1;1;0;0.00
200;ILP;15579;1;1;0;0.00
200;ILP;15498;1;1;0;0.00
200;ILP;15641;1;1;0;0.00
200;ILP;15359;1;1;0;0.00
200;ILP;15481;1;1;0;0.00
200;ILP;15533;1;1;0;0.00
200;ILP;15176;1;1;0;0.00
200;ILP;15411;1;1;0;0.00
200;ILP;15377;1;1;0;0.00
200;ILP;15574;1;1;0;0.00
200;ILP;15569;1;1;0;0.00
200;ILP;15354;1;1;0;0.00
200;ILP;15340;1;1;0;0.00
200;ILP;15497;1;1;0;0.00
200;ILP;14907;1;1;0;0.00
200;ILP;14986;1;1;0;0.00
200;ILP;15209;1;1;0;0.00
200;ILP;15068;1;1;0;0.00
200;ILP;20481;1;1;0;0.00
200;ILP;14575;1;1;0;0.00
200;ILP;14274;1;1;0;0.00
200;ILP;14327;1;1;0;0.00
200;ILP;14465;1;1;0;0.00
200;ILP;14366;1;1;0;0.00
200;ILP;14451;1;1;0;0.00
200;ILP;14368;1;1;0;0.00
200;ILP;14251;1;1;0;0.00
200;ILP;14211;1;1;0;0.00
200;ILP;14184;1;1;0;0.00
200;ILP;14170;1;1;0;0.00
200;ILP;14196;1;1;0;0.00
200;ILP;14201;1;1;0;0.00
200;ILP;14143;1;1;0;0.00
200;ILP;14055;1;1;0;0.00
200;ILP;14170;1;1;0;0.00
200;ILP;14322;1;1;0;0.00
200;ILP;14162;1;1;0;0.00
200;ILP;14201;1;1;0;0.00
200;CP;24960;1;1;0;0.00
200;CP;24294;1;1;0;0.00
200;CP;24172;1;1;0;0.00
200;CP;24156;1;1;0;0.00
200;CP;24350;1;1;0;0.00
200;CP;24249;1;1;0;0.00
200;CP;24149;1;1;0;0.00
200;CP;24303;1;1;0;0.00
200;CP;24271;1;1;0;0.00
200;CP;24363;1;1;0;0.00
200;CP;24135;1;1;0;0.00
200;CP;24282;1;1;0;0.00
200;CP;24407;1;1;0;0.00
200;CP;24149;1;1;0;0.00
200;CP;24233;1;1;0;0.00
200;CP;24073;1;1;0;0.00
200;CP;24176;1;1;0;0.00
200;CP;24191;1;1;0;0.00
200;CP;24137;1;1;0;0.00
200;CP;24412;1;1;0;0.00
200;CP;26427;1;1;0;0.00
200;CP;26263;1;1;0;0.00
200;CP;25945;1;1;0;0.00
200;CP;26505;1;1;0;0.00
200;CP;26509;1;1;0;0.00
200;CP;26092;1;1;0;0.00
200;CP;26120;1;1;0;0.00
200;CP;25991;1;1;0;0.00
200;CP;26330;1;1;0;0.00
200;CP;26090;1;1;0;0.00
200;CP;26375;1;1;0;0.00
200;CP;26221;1;1;0;0.00
200;CP;26157;1;1;0;0.00
200;CP;25958;1;1;0;0.00
200;CP;26295;1;1;0;0.00
200;CP;26624;1;1;0;0.00
200;CP;26426;1;1;0;0.00
200;CP;26594;1;1;0;0.00
200;CP;26367;1;1;0;0.00
200;CP;26641;1;1;0;0.00
200;CP;24359;1;1;0;0.00
200;CP;24017;1;1;0;0.00
200;CP;23895;1;1;0;0.00
200;CP;24166;1;1;0;0.00
200;CP;24118;1;1;0;0.00
200;CP;24706;1;1;0;0.00
200;CP;23750;1;1;0;0.00
200;CP;24155;1;1;0;0.00
200;CP;23993;1;1;0;0.00
200;CP;24245;1;1;0;0.00
200;CP;24001;1;1;0;0.00
200;CP;23891;1;1;0;0.00
200;CP;24073;1;1;0;0.00
200;CP;23721;1;1;0;0.00
200;CP;23802;1;1;0;0.00
200;CP;23713;1;1;0;0.00
200;CP;23863;1;1;0;0.00
200;CP;24082;1;1;0;0.00
200;CP;24303;1;1;0;0.00
200;CP;23883;1;1;0;0.00
200;SCP;11002;1;1;0;0.00
200;SCP;11074;1;1;0;0.00
200;SCP;11018;1;1;0;0.00
200;SCP;11013;1;1;0;0.00
200;SCP;10876;1;1;0;0.00
200;SCP;11008;1;1;0;0.00
200;SCP;11022;1;1;0;0.00
200;SCP;10995;1;1;0;0.00
200;SCP;10976;1;1;0;0.00
200;SCP;11048;1;1;0;0.00
200;SCP;11015;1;1;0;0.00
200;SCP;11101;1;1;0;0.00
200;SCP;11125;1;1;0;0.00
200;SCP;11213;1;1;0;0.00
200;SCP;11332;1;1;0;0.00
200;SCP;11169;1;1;0;0.00
200;SCP;10892;1;1;0;0.00
200;SCP;11005;1;1;0;0.00
200;SCP;11020;1;1;0;0.00
200;SCP;11070;1;1;0;0.00
200;SCP;11978;1;1;0;0.00
200;SCP;11931;1;1;0;0.00
200;SCP;11938;1;1;0;0.00
200;SCP;12019;1;1;0;0.00
200;SCP;12109;1;1;0;0.00
200;SCP;11960;1;1;0;0.00
200;SCP;12037;1;1;0;0.00
200;SCP;12102;1;1;0;0.00
200;SCP;12059;1;1;0;0.00
200;SCP;12118;1;1;0;0.00
200;SCP;12086;1;1;0;0.00
200;SCP;12140;1;1;0;0.00
200;SCP;12048;1;1;0;0.00
200;SCP;11928;1;1;0;0.00
200;SCP;12069;1;1;0;0.00
200;SCP;11951;1;1;0;0.00
200;SCP;12076;1;1;0;0.00
200;SCP;11949;1;1;0;0.00
200;SCP;12066;1;1;0;0.00
200;SCP;12063;1;1;0;0.00
200;SCP;11053;1;1;0;0.00
200;SCP;11008;1;1;0;0.00
200;SCP;11058;1;1;0;0.00
200;SCP;11002;1;1;0;0.00
200;SCP;10985;1;1;0;0.00
200;SCP;10983;1;1;0;0.00
200;SCP;11068;1;1;0;0.00
200;SCP;10947;1;1;0;0.00
200;SCP;11124;1;1;0;0.00
200;SCP;10942;1;1;0;0.00
200;SCP;11113;1;1;0;0.00
200;SCP;11117;1;1;0;0.00
200;SCP;10992;1;1;0;0.00
200;SCP;11008;1;1;0;0.00
200;SCP;11008;1;1;0;0.00
200;SCP;11107;1;1;0;0.00
200;SCP;11073;1;1;0;0.00
200;SCP;11026;1;1;0;0.00
200;SCP;11081;1;1;0;0.00
200;SCP;11125;1;1;0;0.00
200;KAB;31571;1;1;0;0.00
200;KAB;29096;1;1;0;0.00
200;KAB;29463;1;1;0;0.00
200;KAB;29421;1;1;0;0.00
200;KAB;29489;1;1;0;0.00
200;KAB;29514;1;1;0;0.00
200;KAB;29349;1;1;0;0.00
200;KAB;29497;1;1;0;0.00
200;KAB;29484;1;1;0;0.00
200;KAB;29397;1;1;0;0.00
200;KAB;29213;1;1;0;0.00
200;KAB;29351;1;1;0;0.00
200;KAB;29481;1;1;0;0.00
200;KAB;29333;1;1;0;0.00
200;KAB;32489;1;1;0;0.00
200;KAB;38662;1;1;0;0.00
200;KAB;38635;1;1;0;0.00
200;KAB;38312;1;1;0;0.00
200;KAB;38374;1;1;0;0.00
200;KAB;38257;1;1;0;0.00
200;KAB;29054;1;1;0;0.00
200;KAB;29092;1;1;0;0.00
200;KAB;29585;1;1;0;0.00
200;KAB;29276;1;1;0;0.00
200;KAB;28921;1;1;0;0.00
200;KAB;29201;1;1;0;0.00
200;KAB;29137;1;1;0;0.00
200;KAB;29210;1;1;0;0.00
200;KAB;29399;1;1;0;0.00
200;KAB;29082;1;1;0;0.00
200;KAB;29227;1;1;0;0.00
200;KAB;29161;1;1;0;0.00
200;KAB;29258;1;1;0;0.00
200;KAB;29405;1;1;0;0.00
200;KAB;29154;1;1;0;0.00
200;KAB;29215;1;1;0;0.00
200;KAB;29254;1;1;0;0.00
200;KAB;29230;1;1;0;0.00
200;KAB;29203;1;1;0;0.00
200;KAB;29218;1;1;0;0.00
200;KAB;33285;1;1;0;0.00
200;KAB;31902;1;1;0;0.00
200;KAB;31758;1;1;0;0.00
200;KAB;31735;1;1;0;0.00
200;KAB;31788;1;1;0;0.00
200;KAB;31859;1;1;0;0.00
200;KAB;31562;1;1;0;0.00
200;KAB;31715;1;1;0;0.00
200;KAB;31803;1;1;0;0.00
200;KAB;31792;1;1;0;0.00
200;KAB;31815;1;1;0;0.00
200;KAB;31755;1;1;0;0.00
200;KAB;31711;1;1;0;0.00
200;KAB;31790;1;1;0;0.00
200;KAB;31671;1;1;0;0.00
200;KAB;33730;1;1;0;0.00
200;KAB;31843;1;1;0;0.00
200;KAB;31665;1;1;0;0.00
200;KAB;31780;1;1;0;0.00
200;KAB;31795;1;1;0;0.00
200;BFDC;37;1;1;0;3.31
200;BFDC;36;1;1;0;3.31
200;BFDC;35;1;1;0;3.31
200;BFDC;35;1;1;0;3.31
200;BFDC;34;1;1;0;3.31
200;BFDC;34;1;1;0;3.31
200;BFDC;34;1;1;0;3.31
200;BFDC;34;1;1;0;3.31
200;BFDC;34;1;1;0;3.31
200;BFDC;33;1;1;0;3.31
200;BFDC;34;1;1;0;3.31
200;BFDC;33;1;1;0;3.31
200;BFDC;33;1;1;0;3.31
200;BFDC;34;1;1;0;3.31
200;BFDC;33;1;1;0;3.31
200;BFDC;33;1;1;0;3.31
200;BFDC;33;1;1;0;3.31
200;BFDC;33;1;1;0;3.31
200;BFDC;33;1;1;0;3.31
200;BFDC;33;1;1;0;3.31
200;BFDC;35;1;1;0;3.14
200;BFDC;33;1;1;0;3.14
200;BFDC;33;1;1;0;3.14
200;BFDC;33;1;1;0;3.14
200;BFDC;33;1;1;0;3.14
200;BFDC;33;1;1;0;3.14
200;BFDC;33;1;1;0;3.14
200;BFDC;33;1;1;0;3.14
200;BFDC;33;1;1;0;3.14
200;BFDC;33;1;1;0;3.14
200;BFDC;33;1;1;0;3.14
200;BFDC;33;1;1;0;3.14
200;BFDC;33;1;1;0;3.14
200;BFDC;33;1;1;0;3.14
200;BFDC;42;1;1;0;3.14
200;BFDC;33;1;1;0;3.14
200;BFDC;33;1;1;0;3.14
200;BFDC;33;1;1;0;3.14
200;BFDC;33;1;1;0;3.14
200;BFDC;33;1;1;0;3.14
200;BFDC;37;1;1;0;3.30
200;BFDC;36;1;1;0;3.30
200;BFDC;35;1;1;0;3.30
200;BFDC;35;1;1;0;3.30
200;BFDC;35;1;1;0;3.30
200;BFDC;34;1;1;0;3.30
200;BFDC;34;1;1;0;3.30
200;BFDC;34;1;1;0;3.30
200;BFDC;34;1;1;0;3.30
200;BFDC;34;1;1;0;3.30
200;BFDC;34;1;1;0;3.30
200;BFDC;34;1;1;0;3.30
200;BFDC;33;1;1;0;3.30
200;BFDC;34;1;1;0;3.30
200;BFDC;34;1;1;0;3.30
200;BFDC;34;1;1;0;3.30
200;BFDC;33;1;1;0;3.30
200;BFDC;33;1;1;0;3.30
200;BFDC;34;1;1;0;3.30
200;BFDC;34;1;1;0;3.30
200;CRA;3529;1;1;0;121.90
200;CRA;3472;1;1;0;121.90
200;CRA;3477;1;1;0;121.90
200;CRA;3465;1;1;0;121.90
200;CRA;3477;1;1;0;121.90
200;CRA;3577;1;1;0;121.90
200;CRA;3475;1;1;0;121.90
200;CRA;3490;1;1;0;121.90
200;CRA;3468;1;1;0;121.90
200;CRA;3470;1;1;0;121.90
200;CRA;3473;1;1;0;121.90
200;CRA;3478;1;1;0;121.90
200;CRA;3471;1;1;0;121.90
200;CRA;3465;1;1;0;121.90
200;CRA;3477;1;1;0;121.90
200;CRA;3469;1;1;0;121.90
200;CRA;3466;1;1;0;121.90
200;CRA;3467;1;1;0;121.90
200;CRA;3484;1;1;0;121.90
200;CRA;3470;1;1;0;121.90
200;CRA;3579;1;1;0;117.40
200;CRA;3479;1;1;0;117.40
200;CRA;3494;1;1;0;117.40
200;CRA;3492;1;1;0;117.40
200;CRA;3495;1;1;0;117.40
200;CRA;3495;1;1;0;117.40
200;CRA;3485;1;1;0;117.40
200;CRA;3490;1;1;0;117.40
200;CRA;3501;1;1;0;117.40
200;CRA;3484;1;1;0;117.40
200;CRA;3482;1;1;0;117.40
200;CRA;3490;1;1;0;117.40
200;CRA;3493;1;1;0;117.40
200;CRA;3500;1;1;0;117.40
200;CRA;3497;1;1;0;117.40
200;CRA;3498;1;1;0;117.40
200;CRA;3495;1;1;0;117.40
200;CRA;3489;1;1;0;117.40
200;CRA;3483;1;1;0;117.40
200;CRA;3492;1;1;0;117.40
200;CRA;3343;1;1;0;122.14
200;CRA;3293;1;1;0;122.14
200;CRA;3307;1;1;0;122.14
200;CRA;3299;1;1;0;122.14
200;CRA;3285;1;1;0;122.14
200;CRA;3288;1;1;0;122.14
200;CRA;3293;1;1;0;122.14
200;CRA;3292;1;1;0;122.14
200;CRA;3296;1;1;0;122.14
200;CRA;3302;1;1;0;122.14
200;CRA;3301;1;1;0;122.14
200;CRA;3288;1;1;0;122.14
200;CRA;3294;1;1;0;122.14
200;CRA;3298;1;1;0;122.14
200;CRA;3303;1;1;0;122.14
200;CRA;3287;1;1;0;122.14
200;CRA;3287;1;1;0;122.14
200;CRA;3283;1;1;0;122.14
200;CRA;3281;1;1;0;122.14
200;CRA;3306;1;1;0;122.14
100;ULT;10242;1;1;0;861.54
100;ULT;10290;1;1;0;861.54
100;ULT;10297;1;1;0;861.54
100;ULT;10221;1;1;0;861.54
100;ULT;10207;1;1;0;861.54
100;ULT;16360;1;1;0;861.54
100;ULT;10307;1;1;0;861.54
100;ULT;10304;1;1;0;861.54
100;ULT;10750;1;1;0;861.54
100;ULT;10687;1;1;0;861.54
100;ULT;10750;1;1;0;861.54
100;ULT;10736;1;1;0;861.54
100;ULT;10763;1;1;0;861.54
100;ULT;10711;1;1;0;861.54
100;ULT;10764;1;1;0;861.54
100;ULT;10738;1;1;0;861.54
100;ULT;10813;1;1;0;861.54
100;ULT;10798;1;1;0;861.54
100;ULT;10857;1;1;0;861.54
100;ULT;10821;1;1;0;861.54
100;ULT;10136;1;1;0;862.02
100;ULT;10242;1;1;0;862.02
100;ULT;10195;1;1;0;862.02
100;ULT;10170;1;1;0;862.02
100;ULT;10181;1;1;0;862.02
100;ULT;10538;1;1;0;862.02
100;ULT;10194;1;1;0;862.02
100;ULT;10209;1;1;0;862.02
100;ULT;10129;1;1;0;862.02
100;ULT;10122;1;1;0;862.02
100;ULT;10159;1;1;0;862.02
100;ULT;10129;1;1;0;862.02
100;ULT;10120;1;1;0;862.02
100;ULT;10119;1;1;0;862.02
100;ULT;10127;1;1;0;862.02
100;ULT;10600;1;1;0;862.02
100;ULT;10121;1;1;0;862.02
100;ULT;10121;1;1;0;862.02
100;ULT;10209;1;1;0;862.02
100;ULT;10212;1;1;0;862.02
100;ULT;10273;1;1;0;861.78
100;ULT;10783;1;1;0;861.78
100;ULT;10849;1;1;0;861.78
100;ULT;10844;1;1;0;861.78
100;ULT;10817;1;1;0;861.78
100;ULT;10818;1;1;0;861.78
100;ULT;10748;1;1;0;861.78
100;ULT;10741;1;1;0;861.78
100;ULT;10793;1;1;0;861.78
100;ULT;10694;1;1;0;861.78
100;ULT;10692;1;1;0;861.78
100;ULT;10813;1;1;0;861.78
100;ULT;10743;1;1;0;861.78
100;ULT;10726;1;1;0;861.78
100;ULT;10760;1;1;0;861.78
100;ULT;10757;1;1;0;861.78
100;ULT;10717;1;1;0;861.78
100;ULT;10153;1;1;0;861.78
100;ULT;10154;1;1;0;861.78
100;ULT;10165;1;1;0;861.78
100;RULT;251;1;1;0;18.58
100;RULT;225;1;1;0;18.58
100;RULT;217;1;1;0;18.58
100;RULT;215;1;1;0;18.58
100;RULT;212;1;1;0;18.58
100;RULT;208;1;1;0;18.58
100;RULT;208;1;1;0;18.58
100;RULT;205;1;1;0;18.58
100;RULT;208;1;1;0;18.58
100;RULT;209;1;1;0;18.58
100;RULT;206;1;1;0;18.58
100;RULT;205;1;1;0;18.58
100;RULT;203;1;1;0;18.58
100;RULT;204;1;1;0;18.58
100;RULT;205;1;1;0;18.58
100;RULT;205;1;1;0;18.58
100;RULT;205;1;1;0;18.58
100;RULT;205;1;1;0;18.58
100;RULT;206;1;1;0;18.58
100;RULT;206;1;1;0;18.58
100;RULT;261;1;1;0;18.97
100;RULT;227;1;1;0;18.97
100;RULT;218;1;1;0;18.97
100;RULT;217;1;1;0;18.97
100;RULT;215;1;1;0;18.97
100;RULT;215;1;1;0;18.97
100;RULT;213;1;1;0;18.97
100;RULT;210;1;1;0;18.97
100;RULT;210;1;1;0;18.97
100;RULT;214;1;1;0;18.97
100;RULT;211;1;1;0;18.97
100;RULT;211;1;1;0;18.97
100;RULT;208;1;1;0;18.97
100;RULT;209;1;1;0;18.97
100;RULT;209;1;1;0;18.97
100;RULT;209;1;1;0;18.97
100;RULT;211;1;1;0;18.97
100;RULT;210;1;1;0;18.97
100;RULT;207;1;1;0;18.97
100;RULT;207;1;1;0;18.97
100;RULT;272;1;1;0;18.70
100;RULT;254;1;1;0;18.70
100;RULT;251;1;1;0;18.70
100;RULT;250;1;1;0;18.70
100;RULT;251;1;1;0;18.70
100;RULT;249;1;1;0;18.70
100;RULT;248;1;1;0;18.70
100;RULT;248;1;1;0;18.70
100;RULT;249;1;1;0;18.70
100;RULT;249;1;1;0;18.70
100;RULT;248;1;1;0;18.70
100;RULT;248;1;1;0;18.70
100;RULT;247;1;1;0;18.70
100;RULT;252;1;1;0;18.70
100;RULT;248;1;1;0;18.70
100;RULT;247;1;1;0;18.70
100;RULT;245;1;1;0;18.70
100;RULT;247;1;1;0;18.70
100;RULT;247;1;1;0;18.70
100;RULT;246;1;1;0;18.70
100;ILP;13150;1;1;0;0.00
100;ILP;8743;1;1;0;0.00
100;ILP;7797;1;1;0;0.00
100;ILP;7882;1;1;0;0.00
100;ILP;7736;1;1;0;0.00
100;ILP;7837;1;1;0;0.00
100;ILP;7863;1;1;0;0.00
100;ILP;7789;1;1;0;0.00
100;ILP;7803;1;1;0;0.00
100;ILP;7742;1;1;0;0.00
100;ILP;7785;1;1;0;0.00
100;ILP;7870;1;1;0;0.00
100;ILP;7746;1;1;0;0.00
100;ILP;7698;1;1;0;0.00
100;ILP;7814;1;1;0;0.00
100;ILP;7715;1;1;0;0.00
100;ILP;7787;1;1;0;0.00
100;ILP;7765;1;1;0;0.00
100;ILP;7814;1;1;0;0.00
100;ILP;7837;1;1;0;0.00
100;ILP;12884;1;1;0;0.00
100;ILP;8927;1;1;0;0.00
100;ILP;7955;1;1;0;0.00
100;ILP;7854;1;1;0;0.00
100;ILP;8001;1;1;0;0.00
100;ILP;7925;1;1;0;0.00
100;ILP;7957;1;1;0;0.00
100;ILP;8073;1;1;0;0.00
100;ILP;8020;1;1;0;0.00
100;ILP;7880;1;1;0;0.00
100;ILP;7957;1;1;0;0.00
100;ILP;8032;1;1;0;0.00
100;ILP;7891;1;1;0;0.00
100;ILP;7968;1;1;0;0.00
100;ILP;8013;1;1;0;0.00
100;ILP;8007;1;1;0;0.00
100;ILP;7910;1;1;0;0.00
100;ILP;7950;1;1;0;0.00
100;ILP;7938;1;1;0;0.00
100;ILP;8090;1;1;0;0.00
100;ILP;12495;1;1;0;0.00
100;ILP;9255;1;1;0;0.00
100;ILP;7484;1;1;0;0.00
100;ILP;7493;1;1;0;0.00
100;ILP;7450;1;1;0;0.00
100;ILP;7555;1;1;0;0.00
100;ILP;7476;1;1;0;0.00
100;ILP;7543;1;1;0;0.00
100;ILP;7585;1;1;0;0.00
100;ILP;7526;1;1;0;0.00
100;ILP;7513;1;1;0;0.00
100;ILP;7514;1;1;0;0.00
100;ILP;7396;1;1;0;0.00
100;ILP;7445;1;1;0;0.00
100;ILP;7448;1;1;0;0.00
100;ILP;7487;1;1;0;0.00
100;ILP;7551;1;1;0;0.00
100;ILP;7537;1;1;0;0.00
100;ILP;7481;1;1;0;0.00
100;ILP;7416;1;1;0;0.00
100;CP;12544;1;1;0;0.00
100;CP;12327;1;1;0;0.00
100;CP;12664;1;1;0;0.00
100;CP;12595;1;1;0;0.00
100;CP;12436;1;1;0;0.00
100;CP;12073;1;1;0;0.00
100;CP;12594;1;1;0;0.00
100;CP;12366;1;1;0;0.00
100;CP;12276;1;1;0;0.00
100;CP;12474;1;1;0;0.00
100;CP;12077;1;1;0;0.00
100;CP;12476;1;1;0;0.00
100;CP;12347;1;1;0;0.00
100;CP;12297;1;1;0;0.00
100;CP;12204;1;1;0;0.00
100;CP;12074;1;1;0;0.00
100;CP;12373;1;1;0;0.00
100;CP;12518;1;1;0;0.00
100;CP;12338;1;1;0;0.00
100;CP;12376;1;1;0;0.00
100;CP;12601;1;1;0;0.00
100;CP;12612;1;1;0;0.00
100;CP;12464;1;1;0;0.00
100;CP;12469;1;1;0;0.00
100;CP;12364;1;1;0;0.00
100;CP;12433;1;1;0;0.00
100;CP;12513;1;1;0;0.00
100;CP;12681;1;1;0;0.00
100;CP;12442;1;1;0;0.00
100;CP;12522;1;1;0;0.00
100;CP;12446;1;1;0;0.00
100;CP;12317;1;1;0;0.00
100;CP;12565;1;1;0;0.00
100;CP;12419;1;1;0;0.00
100;CP;12474;1;1;0;0.00
100;CP;12418;1;1;0;0.00
100;CP;12547;1;1;0;0.00
100;CP;12387;1;1;0;0.00
100;CP;12513;1;1;0;0.00
100;CP;12356;1;1;0;0.00
100;CP;12485;1;1;0;0.00
100;CP;12655;1;1;0;0.00
100;CP;12346;1;1;0;0.00
100;CP;12371;1;1;0;0.00
100;CP;12336;1;1;0;0.00
100;CP;12269;1;1;0;0.00
100;CP;12227;1;1;0;0.00
100;CP;12275;1;1;0;0.00
100;CP;12169;1;1;0;0.00
100;CP;12450;1;1;0;0.00
100;CP;12218;1;1;0;0.00
100;CP;12307;1;1;0;0.00
100;CP;12120;1;1;0;0.00
100;CP;12561;1;1;0;0.00
100;CP;12171;1;1;0;0.00
100;CP;12376;1;1;0;0.00
100;CP;12220;1;1;0;0.00
100;CP;12256;1;1;0;0.00
100;CP;12316;1;1;0;0.00
100;CP;12157;1;1;0;0.00
100;SCP;5946;1;1;0;0.00
100;SCP;5875;1;1;0;0.00
100;SCP;5983;1;1;0;0.00
100;SCP;5899;1;1;0;0.00
100;SCP;6035;1;1;0;0.00
100;SCP;6012;1;1;0;0.00
100;SCP;6033;1;1;0;0.00
100;SCP;5962;1;1;0;0.00
100;SCP;5880;1;1;0;0.00
100;SCP;5878;1;1;0;0.00
100;SCP;5983;1;1;0;0.00
100;SCP;5916;1;1;0;0.00
100;SCP;5871;1;1;0;0.00
100;SCP;5934;1;1;0;0.00
100;SCP;5940;1;1;0;0.00
100;SCP;6028;1;1;0;0.00
100;SCP;6035;1;1;0;0.00
100;SCP;6032;1;1;0;0.00
100;SCP;6048;1;1;0;0.00
100;SCP;6000;1;1;0;0.00
100;SCP;5869;1;1;0;0.00
100;SCP;5887;1;1;0;0.00
100;SCP;5849;1;1;0;0.00
100;SCP;5944;1;1;0;0.00
100;SCP;5879;1;1;0;0.00
100;SCP;5898;1;1;0;0.00
100;SCP;5937;1;1;0;0.00
100;SCP;5885;1;1;0;0.00
100;SCP;5844;1;1;0;0.00
100;SCP;5840;1;1;0;0.00
100;SCP;6021;1;1;0;0.00
100;SCP;6010;1;1;0;0.00
100;SCP;6092;1;1;0;0.00
100;SCP;6080;1;1;0;0.00
100;SCP;6022;1;1;0;0.00
100;SCP;5884;1;1;0;0.00
100;SCP;5989;1;1;0;0.00
100;SCP;5866;1;1;0;0.00
100;SCP;5948;1;1;0;0.00
100;SCP;5867;1;1;0;0.00
100;SCP;5768;1;1;0;0.00
100;SCP;5915;1;1;0;0.00
100;SCP;5814;1;1;0;0.00
100;SCP;5782;1;1;0;0.00
100;SCP;5884;1;1;0;0.00
100;SCP;5763;1;1;0;0.00
100;SCP;5779;1;1;0;0.00
100;SCP;5892;1;1;0;0.00
100;SCP;5944;1;1;0;0.00
100;SCP;5768;1;1;0;0.00
100;SCP;5831;1;1;0;0.00
100;SCP;5840;1;1;0;0.00
100;SCP;5922;1;1;0;0.00
100;SCP;5869;1;1;0;0.00
100;SCP;5818;1;1;0;0.00
100;SCP;5787;1;1;0;0.00
100;SCP;5862;1;1;0;0.00
100;SCP;5808;1;1;0;0.00
100;SCP;5774;1;1;0;0.00
100;SCP;5767;1;1;0;0.00
100;KAB;8806;1;1;0;0.00
100;KAB;8126;1;1;0;0.00
100;KAB;8084;1;1;0;0.00
100;KAB;8074;1;1;0;0.00
100;KAB;8140;1;1;0;0.00
100;KAB;8104;1;1;0;0.00
100;KAB;8109;1;1;0;0.00
100;KAB;8117;1;1;0;0.00
100;KAB;8096;1;1;0;0.00
100;KAB;8083;1;1;0;0.00
100;KAB;8093;1;1;0;0.00
100;KAB;8103;1;1;0;0.00
100;KAB;8210;1;1;0;0.00
100;KAB;8104;1;1;0;0.00
100;KAB;8087;1;1;0;0.00
100;KAB;8109;1;1;0;0.00
100;KAB;8108;1;1;0;0.00
100;KAB;8114;1;1;0;0.00
100;KAB;8109;1;1;0;0.00
100;KAB;8102;1;1;0;0.00
100;KAB;6830;1;1;0;0.00
100;KAB;6590;1;1;0;0.00
100;KAB;6592;1;1;0;0.00
100;KAB;6592;1;1;0;0.00
100;KAB;6581;1;1;0;0.00
100;KAB;6591;1;1;0;0.00
100;KAB;6588;1;1;0;0.00
100;KAB;6562;1;1;0;0.00
100;KAB;6567;1;1;0;0.00
100;KAB;6596;1;1;0;0.00
100;KAB;6637;1;1;0;0.00
100;KAB;6569;1;1;0;0.00
100;KAB;6576;1;1;0;0.00
100;KAB;6564;1;1;0;0.00
100;KAB;6574;1;1;0;0.00
100;KAB;6573;1;1;0;0.00
100;KAB;6669;1;1;0;0.00
100;KAB;6575;1;1;0;0.00
100;KAB;6580;1;1;0;0.00
100;KAB;6562;1;1;0;0.00
100;KAB;8240;1;1;0;0.00
100;KAB;7994;1;1;0;0.00
100;KAB;7834;1;1;0;0.00
100;KAB;7821;1;1;0;0.00
100;KAB;7846;1;1;0;0.00
100;KAB;7846;1;1;0;0.00
100;KAB;7828;1;1;0;0.00
100;KAB;7815;1;1;0;0.00
100;KAB;7770;1;1;0;0.00
100;KAB;7800;1;1;0;0.00
100;KAB;7860;1;1;0;0.00
100;KAB;7840;1;1;0;0.00
100;KAB;7839;1;1;0;0.00
100;KAB;7792;1;1;0;0.00
100;KAB;7836;1;1;0;0.00
100;KAB;7797;1;1;0;0.00
100;KAB;7838;1;1;0;0.00
100;KAB;7826;1;1;0;0.00
100;KAB;7866;1;1;0;0.00
100;KAB;7940;1;1;0;0.00
100;BFDC;17;1;1;0;3.06
100;BFDC;16;1;1;0;3.06
100;BFDC;15;1;1;0;3.06
100;BFDC;14;1;1;0;3.06
100;BFDC;14;1;1;0;3.06
100;BFDC;14;1;1;0;3.06
100;BFDC;14;1;1;0;3.06
100;BFDC;13;1;1;0;3.06
100;BFDC;13;1;1;0;3.06
100;BFDC;13;1;1;0;3.06
100;BFDC;13;1;1;0;3.06
100;BFDC;13;1;1;0;3.06
100;BFDC;13;1;1;0;3.06
100;BFDC;13;1;1;0;3.06
100;BFDC;13;1;1;0;3.06
100;BFDC;13;1;1;0;3.06
100;BFDC;13;1;1;0;3.06
100;BFDC;13;1;1;0;3.06
100;BFDC;13;1;1;0;3.06
100;BFDC;13;1;1;0;3.06
100;BFDC;21;1;1;0;3.84
100;BFDC;20;1;1;0;3.84
100;BFDC;19;1;1;0;3.84
100;BFDC;18;1;1;0;3.84
100;BFDC;18;1;1;0;3.84
100;BFDC;23;1;1;0;3.84
100;BFDC;17;1;1;0;3.84
100;BFDC;17;1;1;0;3.84
100;BFDC;17;1;1;0;3.84
100;BFDC;17;1;1;0;3.84
100;BFDC;17;1;1;0;3.84
100;BFDC;16;1;1;0;3.84
100;BFDC;17;1;1;0;3.84
100;BFDC;16;1;1;0;3.84
100;BFDC;16;1;1;0;3.84
100;BFDC;16;1;1;0;3.84
100;BFDC;16;1;1;0;3.84
100;BFDC;16;1;1;0;3.84
100;BFDC;16;1;1;0;3.84
100;BFDC;16;1;1;0;3.84
100;BFDC;22;1;1;0;3.80
100;BFDC;20;1;1;0;3.80
100;BFDC;19;1;1;0;3.80
100;BFDC;19;1;1;0;3.80
100;BFDC;18;1;1;0;3.80
100;BFDC;18;1;1;0;3.80
100;BFDC;18;1;1;0;3.80
100;BFDC;17;1;1;0;3.80
100;BFDC;17;1;1;0;3.80
100;BFDC;17;1;1;0;3.80
100;BFDC;17;1;1;0;3.80
100;BFDC;17;1;1;0;3.80
100;BFDC;17;1;1;0;3.80
100;BFDC;17;1;1;0;3.80
100;BFDC;17;1;1;0;3.80
100;BFDC;17;1;1;0;3.80
100;BFDC;17;1;1;0;3.80
100;BFDC;17;1;1;0;3.80
100;BFDC;17;1;1;0;3.80
100;BFDC;17;1;1;0;3.80
100;CRA;1004;1;1;0;80.10
100;CRA;965;1;1;0;80.10
100;CRA;964;1;1;0;80.10
100;CRA;965;1;1;0;80.10
100;CRA;961;1;1;0;80.10
100;CRA;960;1;1;0;80.10
100;CRA;963;1;1;0;80.10
100;CRA;970;1;1;0;80.10
100;CRA;968;1;1;0;80.10
100;CRA;968;1;1;0;80.10
100;CRA;968;1;1;0;80.10
100;CRA;969;1;1;0;80.10
100;CRA;964;1;1;0;80.10
100;CRA;962;1;1;0;80.10
100;CRA;964;1;1;0;80.10
100;CRA;967;1;1;0;80.10
100;CRA;966;1;1;0;80.10
100;CRA;964;1;1;0;80.10
100;CRA;964;1;1;0;80.10
100;CRA;969;1;1;0;80.10
100;CRA;894;1;1;0;66.50
100;CRA;859;1;1;0;66.50
100;CRA;853;1;1;0;66.50
100;CRA;853;1;1;0;66.50
100;CRA;860;1;1;0;66.50
100;CRA;854;1;1;0;66.50
100;CRA;855;1;1;0;66.50
100;CRA;855;1;1;0;66.50
100;CRA;860;1;1;0;66.50
100;CRA;855;1;1;0;66.50
100;CRA;857;1;1;0;66.50
100;CRA;858;1;1;0;66.50
100;CRA;856;1;1;0;66.50
100;CRA;857;1;1;0;66.50
100;CRA;858;1;1;0;66.50
100;CRA;855;1;1;0;66.50
100;CRA;860;1;1;0;66.50
100;CRA;855;1;1;0;66.50
100;CRA;859;1;1;0;66.50
100;CRA;857;1;1;0;66.50
100;CRA;1009;1;1;0;74.93
100;CRA;975;1;1;0;74.93
100;CRA;976;1;1;0;74.93
100;CRA;971;1;1;0;74.93
100;CRA;976;1;1;0;74.93
100;CRA;968;1;1;0;74.93
100;CRA;969;1;1;0;74.93
100;CRA;973;1;1;0;74.93
100;CRA;971;1;1;0;74.93
100;CRA;977;1;1;0;74.93
100;CRA;972;1;1;0;74.93
100;CRA;969;1;1;0;74.93
100;CRA;972;1;1;0;74.93
100;CRA;974;1;1;0;74.93
100;CRA;975;1;1;0;74.93
100;CRA;972;1;1;0;74.93
100;CRA;968;1;1;0;74.93
100;CRA;976;1;1;0;74.93
100;CRA;973;1;1;0;74.93
100;CRA;975;1;1;0;74.93
3200;RULT;12259;1;1;0;23.33
3200;RULT;12255;1;1;0;23.33
3200;RULT;12249;1;1;0;23.33
3200;RULT;12258;1;1;0;23.33
3200;RULT;12247;1;1;0;23.33
3200;RULT;12264;1;1;0;23.33
3200;RULT;12268;1;1;0;23.33
3200;RULT;12259;1;1;0;23.33
3200;RULT;12259;1;1;0;23.33
3200;RULT;12262;1;1;0;23.33
3200;RULT;12265;1;1;0;23.33
3200;RULT;12263;1;1;0;23.33
3200;RULT;12258;1;1;0;23.33
3200;RULT;12267;1;1;0;23.33
3200;RULT;12266;1;1;0;23.33
3200;RULT;12262;1;1;0;23.33
3200;RULT;12256;1;1;0;23.33
3200;RULT;12280;1;1;0;23.33
3200;RULT;12272;1;1;0;23.33
3200;RULT;12264;1;1;0;23.33
3200;RULT;12055;1;1;0;22.87
3200;RULT;12050;1;1;0;22.87
3200;RULT;12045;1;1;0;22.87
3200;RULT;12046;1;1;0;22.87
3200;RULT;12047;1;1;0;22.87
3200;RULT;12044;1;1;0;22.87
3200;RULT;12046;1;1;0;22.87
3200;RULT;12051;1;1;0;22.87
3200;RULT;12452;1;1;0;22.87
3200;RULT;12135;1;1;0;22.87
3200;RULT;12095;1;1;0;22.87
3200;RULT;12094;1;1;0;22.87
3200;RULT;12097;1;1;0;22.87
3200;RULT;12089;1;1;0;22.87
3200;RULT;14249;1;1;0;22.87
3200;RULT;12130;1;1;0;22.87
3200;RULT;12113;1;1;0;22.87
3200;RULT;12112;1;1;0;22.87
3200;RULT;12091;1;1;0;22.87
3200;RULT;12106;1;1;0;22.87
3200;RULT;11746;1;1;0;22.44
3200;RULT;11743;1;1;0;22.44
3200;RULT;11735;1;1;0;22.44
3200;RULT;11740;1;1;0;22.44
3200;RULT;11732;1;1;0;22.44
3200;RULT;11942;1;1;0;22.44
3200;RULT;11757;1;1;0;22.44
3200;RULT;11732;1;1;0;22.44
3200;RULT;11718;1;1;0;22.44
3200;RULT;11732;1;1;0;22.44
3200;RULT;11739;1;1;0;22.44
3200;RULT;11742;1;1;0;22.44
3200;RULT;11734;1;1;0;22.44
3200;RULT;11728;1;1;0;22.44
3200;RULT;11728;1;1;0;22.44
3200;RULT;11735;1;1;0;22.44
3200;RULT;11726;1;1;0;22.44
3200;RULT;11731;1;1;0;22.44
3200;RULT;11737;1;1;0;22.44
3200;RULT;11743;1;1;0;22.44
3200;ILP;249135;1;1;0;0.00
3200;ILP;248498;1;1;0;0.00
3200;ILP;246759;1;1;0;0.00
3200;ILP;248056;1;1;0;0.00
3200;ILP;246155;1;1;0;0.00
3200;ILP;248310;1;1;0;0.00
3200;ILP;250609;1;1;0;0.00
3200;ILP;245975;1;1;0;0.00
3200;ILP;247494;1;1;0;0.00
3200;ILP;246867;1;1;0;0.00
3200;ILP;249180;1;1;0;0.00
3200;ILP;250157;1;1;0;0.00
3200;ILP;246267;1;1;0;0.00
3200;ILP;251348;1;1;0;0.00
3200;ILP;249001;1;1;0;0.00
3200;ILP;248160;1;1;0;0.00
3200;ILP;246963;1;1;0;0.00
3200;ILP;247914;1;1;0;0.00
3200;ILP;245447;1;1;0;0.00
3200;ILP;247720;1;1;0;0.00
3200;ILP;262482;1;1;0;0.00
3200;ILP;265282;1;1;0;0.00
3200;ILP;266840;1;1;0;0.00
3200;ILP;262778;1;1;0;0.00
3200;ILP;265920;1;1;0;0.00
3200;ILP;263132;1;1;0;0.00
3200;ILP;247846;1;1;0;0.00
3200;ILP;244814;1;1;0;0.00
3200;ILP;254688;1;1;0;0.00
3200;ILP;265247;1;1;0;0.00
3200;ILP;262968;1;1;0;0.00
3200;ILP;265280;1;1;0;0.00
3200;ILP;266232;1;1;0;0.00
3200;ILP;263474;1;1;0;0.00
3200;ILP;265425;1;1;0;0.00
3200;ILP;248887;1;1;0;0.00
3200;ILP;245304;1;1;0;0.00
3200;ILP;244329;1;1;0;0.00
3200;ILP;263497;1;1;0;0.00
3200;ILP;264842;1;1;0;0.00
3200;ILP;244483;1;1;0;0.00
3200;ILP;245322;1;1;0;0.00
3200;ILP;242448;1;1;0;0.00
3200;ILP;250090;1;1;0;0.00
3200;ILP;249199;1;1;0;0.00
3200;ILP;249774;1;1;0;0.00
3200;ILP;245735;1;1;0;0.00
3200;ILP;244697;1;1;0;0.00
3200;ILP;244323;1;1;0;0.00
3200;ILP;242913;1;1;0;0.00
3200;ILP;250722;1;1;0;0.00
3200;ILP;248110;1;1;0;0.00
3200;ILP;250340;1;1;0;0.00
3200;ILP;243885;1;1;0;0.00
3200;ILP;242780;1;1;0;0.00
3200;ILP;246765;1;1;0;0.00
3200;ILP;243285;1;1;0;0.00
3200;ILP;250421;1;1;0;0.00
3200;ILP;248366;1;1;0;0.00
3200;ILP;250723;1;1;0;0.00
3200;CP;553231;1;1;0;0.00
3200;CP;541617;1;1;0;0.00
3200;CP;540806;1;1;0;0.00
3200;CP;554829;1;1;0;0.00
3200;CP;541543;1;1;0;0.00
3200;CP;541561;1;1;0;0.00
3200;CP;541223;1;1;0;0.00
3200;CP;550044;1;1;0;0.00
3200;CP;539633;1;1;0;0.00
3200;CP;541767;1;1;0;0.00
3200;CP;557192;1;1;0;0.00
3200;CP;542911;1;1;0;0.00
3200;CP;541428;1;1;0;0.00
3200;CP;539516;1;1;0;0.00
3200;CP;546651;1;1;0;0.00
3200;CP;542467;1;1;0;0.00
3200;CP;539235;1;1;0;0.00
3200;CP;557610;1;1;0;0.00
3200;CP;541059;1;1;0;0.00
3200;CP;541995;1;1;0;0.00
3200;CP;670207;1;1;0;0.00
3200;CP;664920;1;1;0;0.00
3200;CP;540429;1;1;0;0.00
3200;CP;644931;1;1;0;0.00
3200;CP;669636;1;1;0;0.00
3200;CP;670627;1;1;0;0.00
3200;CP;556337;1;1;0;0.00
3200;CP;596420;1;1;0;0.00
3200;CP;658334;1;1;0;0.00
3200;CP;670590;1;1;0;0.00
3200;CP;592300;1;1;0;0.00
3200;CP;553902;1;1;0;0.00
3200;CP;671012;1;1;0;0.00
3200;CP;669297;1;1;0;0.00
3200;CP;646297;1;1;0;0.00
3200;CP;537626;1;1;0;0.00
3200;CP;658059;1;1;0;0.00
3200;CP;669465;1;1;0;0.00
3200;CP;672154;1;1;0;0.00
3200;CP;539963;1;1;0;0.00
3200;CP;538705;1;1;0;0.00
3200;CP;533229;1;1;0;0.00
3200;CP;577943;1;1;0;0.00
3200;CP;564336;1;1;0;0.00
3200;CP;535216;1;1;0;0.00
3200;CP;566387;1;1;0;0.00
3200;CP;581337;1;1;0;0.00
3200;CP;532694;1;1;0;0.00
3200;CP;539112;1;1;0;0.00
3200;CP;582098;1;1;0;0.00
3200;CP;546478;1;1;0;0.00
3200;CP;533277;1;1;0;0.00
3200;CP;571941;1;1;0;0.00
3200;CP;578121;1;1;0;0.00
3200;CP;533453;1;1;0;0.00
3200;CP;548854;1;1;0;0.00
3200;CP;581595;1;1;0;0.00
3200;CP;540552;1;1;0;0.00
3200;CP;534514;1;1;0;0.00
3200;CP;579538;1;1;0;0.00
3200;SCP;219891;1;1;0;0.00
3200;SCP;221781;1;1;0;0.00
3200;SCP;226878;1;1;0;0.00
3200;SCP;223210;1;1;0;0.00
3200;SCP;222839;1;1;0;0.00
3200;SCP;222706;1;1;0;0.00
3200;SCP;223285;1;1;0;0.00
3200;SCP;221885;1;1;0;0.00
3200;SCP;221357;1;1;0;0.00
3200;SCP;220935;1;1;0;0.00
3200;SCP;223211;1;1;0;0.00
3200;SCP;226387;1;1;0;0.00
3200;SCP;221011;1;1;0;0.00
3200;SCP;220866;1;1;0;0.00
3200;SCP;221700;1;1;0;0.00
3200;SCP;220600;1;1;0;0.00
3200;SCP;223117;1;1;0;0.00
3200;SCP;224066;1;1;0;0.00
3200;SCP;221088;1;1;0;0.00
3200;SCP;227090;1;1;0;0.00
3200;SCP;207293;1;1;0;0.00
3200;SCP;224888;1;1;0;0.00
3200;SCP;221508;1;1;0;0.00
3200;SCP;223890;1;1;0;0.00
3200;SCP;222008;1;1;0;0.00
3200;SCP;223572;1;1;0;0.00
3200;SCP;222482;1;1;0;0.00
3200;SCP;224191;1;1;0;0.00
3200;SCP;222314;1;1;0;0.00
3200;SCP;218101;1;1;0;0.00
3200;SCP;203030;1;1;0;0.00
3200;SCP;201934;1;1;0;0.00
3200;SCP;205487;1;1;0;0.00
3200;SCP;221909;1;1;0;0.00
3200;SCP;224144;1;1;0;0.00
3200;SCP;221992;1;1;0;0.00
3200;SCP;224238;1;1;0;0.00
3200;SCP;221594;1;1;0;0.00
3200;SCP;223890;1;1;0;0.00
3200;SCP;221756;1;1;0;0.00
3200;SCP;223486;1;1;0;0.00
3200;SCP;220539;1;1;0;0.00
3200;SCP;215693;1;1;0;0.00
3200;SCP;214146;1;1;0;0.00
3200;SCP;212899;1;1;0;0.00
3200;SCP;213214;1;1;0;0.00
3200;SCP;218899;1;1;0;0.00
3200;SCP;223428;1;1;0;0.00
3200;SCP;221236;1;1;0;0.00
3200;SCP;222933;1;1;0;0.00
3200;SCP;217835;1;1;0;0.00
3200;SCP;215825;1;1;0;0.00
3200;SCP;213249;1;1;0;0.00
3200;SCP;215293;1;1;0;0.00
3200;SCP;213384;1;1;0;0.00
3200;SCP;219988;1;1;0;0.00
3200;SCP;223019;1;1;0;0.00
3200;SCP;220401;1;1;0;0.00
3200;SCP;222184;1;1;0;0.00
3200;SCP;218617;1;1;0;0.00
3200;BFDC;691;1;1;0;3.03
3200;BFDC;690;1;1;0;3.03
3200;BFDC;694;1;1;0;3.03
3200;BFDC;699;1;1;0;3.03
3200;BFDC;699;1;1;0;3.03
3200;BFDC;697;1;1;0;3.03
3200;BFDC;694;1;1;0;3.03
3200;BFDC;690;1;1;0;3.03
3200;BFDC;688;1;1;0;3.03
3200;BFDC;689;1;1;0;3.03
3200;BFDC;696;1;1;0;3.03
3200;BFDC;699;1;1;0;3.03
3200;BFDC;699;1;1;0;3.03
3200;BFDC;694;1;1;0;3.03
3200;BFDC;699;1;1;0;3.03
3200;BFDC;699;1;1;0;3.03
3200;BFDC;698;1;1;0;3.03
3200;BFDC;694;1;1;0;3.03
3200;BFDC;696;1;1;0;3.03
3200;BFDC;698;1;1;0;3.03
3200;BFDC;666;1;1;0;2.98
3200;BFDC;664;1;1;0;2.98
3200;BFDC;670;1;1;0;2.98
3200;BFDC;664;1;1;0;2.98
3200;BFDC;663;1;1;0;2.98
3200;BFDC;663;1;1;0;2.98
3200;BFDC;668;1;1;0;2.98
3200;BFDC;664;1;1;0;2.98
3200;BFDC;665;1;1;0;2.98
3200;BFDC;663;1;1;0;2.98
3200;BFDC;674;1;1;0;2.98
3200;BFDC;671;1;1;0;2.98
3200;BFDC;662;1;1;0;2.98
3200;BFDC;664;1;1;0;2.98
3200;BFDC;669;1;1;0;2.98
3200;BFDC;663;1;1;0;2.98
3200;BFDC;664;1;1;0;2.98
3200;BFDC;664;1;1;0;2.98
3200;BFDC;669;1;1;0;2.98
3200;BFDC;665;1;1;0;2.98
3200;BFDC;684;1;1;0;3.02
3200;BFDC;683;1;1;0;3.02
3200;BFDC;681;1;1;0;3.02
3200;BFDC;693;1;1;0;3.02
3200;BFDC;682;1;1;0;3.02
3200;BFDC;681;1;1;0;3.02
3200;BFDC;679;1;1;0;3.02
3200;BFDC;685;1;1;0;3.02
3200;BFDC;677;1;1;0;3.02
3200;BFDC;677;1;1;0;3.02
3200;BFDC;677;1;1;0;3.02
3200;BFDC;689;1;1;0;3.02
3200;BFDC;675;1;1;0;3.02
3200;BFDC;676;1;1;0;3.02
3200;BFDC;676;1;1;0;3.02
3200;BFDC;682;1;1;0;3.02
3200;BFDC;676;1;1;0;3.02
3200;BFDC;676;1;1;0;3.02
3200;BFDC;678;1;1;0;3.02
3200;BFDC;691;1;1;0;3.02
3200;CRA;373535;1;1;0;570.73
3200;CRA;371427;1;1;0;570.73
3200;CRA;371473;1;1;0;570.73
3200;CRA;371423;1;1;0;570.73
3200;CRA;371544;1;1;0;570.73
3200;CRA;372474;1;1;0;570.73
3200;CRA;374759;1;1;0;570.73
3200;CRA;374842;1;1;0;570.73
3200;CRA;374817;1;1;0;570.73
3200;CRA;374823;1;1;0;570.73
3200;CRA;374727;1;1;0;570.73
3200;CRA;375101;1;1;0;570.73
3200;CRA;372437;1;1;0;570.73
3200;CRA;371585;1;1;0;570.73
3200;CRA;371472;1;1;0;570.73
3200;CRA;371523;1;1;0;570.73
3200;CRA;371508;1;1;0;570.73
3200;CRA;371437;1;1;0;570.73
3200;CRA;371441;1;1;0;570.73
3200;CRA;371608;1;1;0;570.73
3200;CRA;362197;1;1;0;536.29
3200;CRA;360657;1;1;0;536.29
3200;CRA;359655;1;1;0;536.29
3200;CRA;359494;1;1;0;536.29
3200;CRA;359628;1;1;0;536.29
3200;CRA;359532;1;1;0;536.29
3200;CRA;360483;1;1;0;536.29
3200;CRA;360156;1;1;0;536.29
3200;CRA;359412;1;1;0;536.29
3200;CRA;359455;1;1;0;536.29
3200;CRA;359409;1;1;0;536.29
3200;CRA;359549;1;1;0;536.29
3200;CRA;360675;1;1;0;536.29
3200;CRA;359819;1;1;0;536.29
3200;CRA;359456;1;1;0;536.29
3200;CRA;359538;1;1;0;536.29
3200;CRA;359425;1;1;0;536.29
3200;CRA;360263;1;1;0;536.29
3200;CRA;360345;1;1;0;536.29
3200;CRA;359527;1;1;0;536.29
3200;CRA;293841;1;1;0;421.11
3200;CRA;292081;1;1;0;421.11
3200;CRA;292048;1;1;0;421.11
3200;CRA;292401;1;1;0;421.11
3200;CRA;293158;1;1;0;421.11
3200;CRA;293122;1;1;0;421.11
3200;CRA;293154;1;1;0;421.11
3200;CRA;292650;1;1;0;421.11
3200;CRA;292064;1;1;0;421.11
3200;CRA;291973;1;1;0;421.11
3200;CRA;292549;1;1;0;421.11
3200;CRA;293039;1;1;0;421.11
3200;CRA;293019;1;1;0;421.11
3200;CRA;293072;1;1;0;421.11
3200;CRA;292586;1;1;0;421.11
3200;CRA;292089;1;1;0;421.11
3200;CRA;292059;1;1;0;421.11
3200;CRA;292580;1;1;0;421.11
3200;CRA;293140;1;1;0;421.11
3200;CRA;293116;1;1;0;421.11
25600;RULT;136913;1;1;0;22.95
25600;RULT;136801;1;1;0;22.95
25600;RULT;134847;1;1;0;22.95
25600;RULT;134285;1;1;0;22.95
25600;RULT;134090;1;1;0;22.95
25600;RULT;134127;1;1;0;22.95
25600;RULT;133944;1;1;0;22.95
25600;RULT;147972;1;1;0;22.95
25600;RULT;134500;1;1;0;22.95
25600;RULT;134157;1;1;0;22.95
25600;RULT;134388;1;1;0;22.95
25600;RULT;134123;1;1;0;22.95
25600;RULT;134075;1;1;0;22.95
25600;RULT;134093;1;1;0;22.95
25600;RULT;133976;1;1;0;22.95
25600;RULT;143260;1;1;0;22.95
25600;RULT;134257;1;1;0;22.95
25600;RULT;134166;1;1;0;22.95
25600;RULT;134173;1;1;0;22.95
25600;RULT;134031;1;1;0;22.95
25600;RULT;139654;1;1;0;23.90
25600;RULT;148095;1;1;0;23.90
25600;RULT;137593;1;1;0;23.90
25600;RULT;137566;1;1;0;23.90
25600;RULT;137576;1;1;0;23.90
25600;RULT;137615;1;1;0;23.90
25600;RULT;137568;1;1;0;23.90
25600;RULT;137467;1;1;0;23.90
25600;RULT;137590;1;1;0;23.90
25600;RULT;146127;1;1;0;23.90
25600;RULT;137876;1;1;0;23.90
25600;RULT;137841;1;1;0;23.90
25600;RULT;137631;1;1;0;23.90
25600;RULT;137580;1;1;0;23.90
25600;RULT;137474;1;1;0;23.90
25600;RULT;137594;1;1;0;23.90
25600;RULT;137624;1;1;0;23.90
25600;RULT;138770;1;1;0;23.90
25600;RULT;137852;1;1;0;23.90
25600;RULT;137681;1;1;0;23.90
25600;RULT;146174;1;1;0;24.67
25600;RULT;143918;1;1;0;24.67
25600;RULT;143719;1;1;0;24.67
25600;RULT;143738;1;1;0;24.67
25600;RULT;143598;1;1;0;24.67
25600;RULT;143574;1;1;0;24.67
25600;RULT;151698;1;1;0;24.67
25600;RULT;143912;1;1;0;24.67
25600;RULT;143637;1;1;0;24.67
25600;RULT;143985;1;1;0;24.67
25600;RULT;143779;1;1;0;24.67
25600;RULT;143807;1;1;0;24.67
25600;RULT;151560;1;1;0;24.67
25600;RULT;143958;1;1;0;24.67
25600;RULT;143773;1;1;0;24.67
25600;RULT;143756;1;1;0;24.67
25600;RULT;143795;1;1;0;24.67
25600;RULT;143708;1;1;0;24.67
25600;RULT;147922;1;1;0;24.67
25600;RULT;143705;1;1;0;24.67
25600;BFDC;7389;1;1;0;3.10
25600;BFDC;7254;1;1;0;3.10
25600;BFDC;7248;1;1;0;3.10
25600;BFDC;7249;1;1;0;3.10
25600;BFDC;7243;1;1;0;3.10
25600;BFDC;7269;1;1;0;3.10
25600;BFDC;7253;1;1;0;3.10
25600;BFDC;7256;1;1;0;3.10
25600;BFDC;7247;1;1;0;3.10
25600;BFDC;7247;1;1;0;3.10
25600;BFDC;7239;1;1;0;3.10
25600;BFDC;7241;1;1;0;3.10
25600;BFDC;7250;1;1;0;3.10
25600;BFDC;7236;1;1;0;3.10
25600;BFDC;7242;1;1;0;3.10
25600;BFDC;7244;1;1;0;3.10
25600;BFDC;7261;1;1;0;3.10
25600;BFDC;7246;1;1;0;3.10
25600;BFDC;7222;1;1;0;3.10
25600;BFDC;7240;1;1;0;3.10
25600;BFDC;7003;1;1;0;3.01
25600;BFDC;6902;1;1;0;3.01
25600;BFDC;6927;1;1;0;3.01
25600;BFDC;6910;1;1;0;3.01
25600;BFDC;6907;1;1;0;3.01
25600;BFDC;6905;1;1;0;3.01
25600;BFDC;6910;1;1;0;3.01
25600;BFDC;6913;1;1;0;3.01
25600;BFDC;6905;1;1;0;3.01
25600;BFDC;6926;1;1;0;3.01
25600;BFDC;6902;1;1;0;3.01
25600;BFDC;6908;1;1;0;3.01
25600;BFDC;6901;1;1;0;3.01
25600;BFDC;6955;1;1;0;3.01
25600;BFDC;6907;1;1;0;3.01
25600;BFDC;6907;1;1;0;3.01
25600;BFDC;6909;1;1;0;3.01
25600;BFDC;6907;1;1;0;3.01
25600;BFDC;6927;1;1;0;3.01
25600;BFDC;6915;1;1;0;3.01
25600;BFDC;6905;1;1;0;2.94
25600;BFDC;6766;1;1;0;2.94
25600;BFDC;6776;1;1;0;2.94
25600;BFDC;6766;1;1;0;2.94
25600;BFDC;6766;1;1;0;2.94
25600;BFDC;6763;1;1;0;2.94
25600;BFDC;6775;1;1;0;2.94
25600;BFDC;6755;1;1;0;2.94
25600;BFDC;6782;1;1;0;2.94
25600;BFDC;6758;1;1;0;2.94
25600;BFDC;6787;1;1;0;2.94
25600;BFDC;6762;1;1;0;2.94
25600;BFDC;6773;1;1;0;2.94
25600;BFDC;6765;1;1;0;2.94
25600;BFDC;6770;1;1;0;2.94
25600;BFDC;6762;1;1;0;2.94
25600;BFDC;6753;1;1;0;2.94
25600;BFDC;6771;1;1;0;2.94
25600;BFDC;6782;1;1;0;2.94
25600;BFDC;6762;1;1;0;2.94
800;RULT;3107;1;1;0;26.35
800;RULT;3099;1;1;0;26.35
800;RULT;3101;1;1;0;26.35
800;RULT;3109;1;1;0;26.35
800;RULT;3105;1;1;0;26.35
800;RULT;3117;1;1;0;26.35
800;RULT;3101;1;1;0;26.35
800;RULT;3106;1;1;0;26.35
800;RULT;3114;1;1;0;26.35
800;RULT;3105;1;1;0;26.35
800;RULT;3104;1;1;0;26.35
800;RULT;3110;1;1;0;26.35
800;RULT;3101;1;1;0;26.35
800;RULT;3103;1;1;0;26.35
800;RULT;3107;1;1;0;26.35
800;RULT;3108;1;1;0;26.35
800;RULT;3106;1;1;0;26.35
800;RULT;3102;1;1;0;26.35
800;RULT;3105;1;1;0;26.35
800;RULT;3103;1;1;0;26.35
800;RULT;2840;1;1;0;23.35
800;RULT;2833;1;1;0;23.35
800;RULT;2838;1;1;0;23.35
800;RULT;2841;1;1;0;23.35
800;RULT;2847;1;1;0;23.35
800;RULT;2840;1;1;0;23.35
800;RULT;2835;1;1;0;23.35
800;RULT;2839;1;1;0;23.35
800;RULT;2838;1;1;0;23.35
800;RULT;2833;1;1;0;23.35
800;RULT;2837;1;1;0;23.35
800;RULT;2842;1;1;0;23.35
800;RULT;2850;1;1;0;23.35
800;RULT;2841;1;1;0;23.35
800;RULT;2839;1;1;0;23.35
800;RULT;2838;1;1;0;23.35
800;RULT;2844;1;1;0;23.35
800;RULT;2846;1;1;0;23.35
800;RULT;2842;1;1;0;23.35
800;RULT;2838;1;1;0;23.35
800;RULT;2916;1;1;0;23.31
800;RULT;2922;1;1;0;23.31
800;RULT;2916;1;1;0;23.31
800;RULT;2909;1;1;0;23.31
800;RULT;2918;1;1;0;23.31
800;RULT;2915;1;1;0;23.31
800;RULT;2914;1;1;0;23.31
800;RULT;2917;1;1;0;23.31
800;RULT;2909;1;1;0;23.31
800;RULT;2916;1;1;0;23.31
800;RULT;2917;1;1;0;23.31
800;RULT;2925;1;1;0;23.31
800;RULT;2916;1;1;0;23.31
800;RULT;2901;1;1;0;23.31
800;RULT;2909;1;1;0;23.31
800;RULT;2918;1;1;0;23.31
800;RULT;2917;1;1;0;23.31
800;RULT;2912;1;1;0;23.31
800;RULT;2913;1;1;0;23.31
800;RULT;2919;1;1;0;23.31
800;ILP;63037;1;1;0;0.00
800;ILP;59766;1;1;0;0.00
800;ILP;58759;1;1;0;0.00
800;ILP;59752;1;1;0;0.00
800;ILP;58680;1;1;0;0.00
800;ILP;58633;1;1;0;0.00
800;ILP;59249;1;1;0;0.00
800;ILP;59287;1;1;0;0.00
800;ILP;59774;1;1;0;0.00
800;ILP;58952;1;1;0;0.00
800;ILP;58913;1;1;0;0.00
800;ILP;59512;1;1;0;0.00
800;ILP;58150;1;1;0;0.00
800;ILP;58255;1;1;0;0.00
800;ILP;57895;1;1;0;0.00
800;ILP;59231;1;1;0;0.00
800;ILP;58831;1;1;0;0.00
800;ILP;58903;1;1;0;0.00
800;ILP;59809;1;1;0;0.00
800;ILP;59695;1;1;0;0.00
800;ILP;62330;1;1;0;0.00
800;ILP;60031;1;1;0;0.00
800;ILP;58871;1;1;0;0.00
800;ILP;58872;1;1;0;0.00
800;ILP;59313;1;1;0;0.00
800;ILP;58954;1;1;0;0.00
800;ILP;58883;1;1;0;0.00
800;ILP;59590;1;1;0;0.00
800;ILP;59023;1;1;0;0.00
800;ILP;59588;1;1;0;0.00
800;ILP;60078;1;1;0;0.00
800;ILP;59191;1;1;0;0.00
800;ILP;58860;1;1;0;0.00
800;ILP;59525;1;1;0;0.00
800;ILP;60132;1;1;0;0.00
800;ILP;59622;1;1;0;0.00
800;ILP;59743;1;1;0;0.00
800;ILP;59364;1;1;0;0.00
800;ILP;59125;1;1;0;0.00
800;ILP;59326;1;1;0;0.00
800;ILP;61842;1;1;0;0.00
800;ILP;58821;1;1;0;0.00
800;ILP;58592;1;1;0;0.00
800;ILP;58279;1;1;0;0.00
800;ILP;58141;1;1;0;0.00
800;ILP;58906;1;1;0;0.00
800;ILP;58291;1;1;0;0.00
800;ILP;59333;1;1;0;0.00
800;ILP;58333;1;1;0;0.00
800;ILP;58665;1;1;0;0.00
800;ILP;58321;1;1;0;0.00
800;ILP;59209;1;1;0;0.00
800;ILP;58316;1;1;0;0.00
800;ILP;58183;1;1;0;0.00
800;ILP;58420;1;1;0;0.00
800;ILP;59291;1;1;0;0.00
800;ILP;58540;1;1;0;0.00
800;ILP;58415;1;1;0;0.00
800;ILP;58920;1;1;0;0.00
800;ILP;57966;1;1;0;0.00
800;CP;107321;1;1;0;0.00
800;CP;105713;1;1;0;0.00
800;CP;106236;1;1;0;0.00
800;CP;105202;1;1;0;0.00
800;CP;105463;1;1;0;0.00
800;CP;105146;1;1;0;0.00
800;CP;105507;1;1;0;0.00
800;CP;105101;1;1;0;0.00
800;CP;106329;1;1;0;0.00
800;CP;105213;1;1;0;0.00
800;CP;104957;1;1;0;0.00
800;CP;105197;1;1;0;0.00
800;CP;105677;1;1;0;0.00
800;CP;105786;1;1;0;0.00
800;CP;104744;1;1;0;0.00
800;CP;102049;1;1;0;0.00
800;CP;105174;1;1;0;0.00
800;CP;103355;1;1;0;0.00
800;CP;103611;1;1;0;0.00
800;CP;103984;1;1;0;0.00
800;CP;110198;1;1;0;0.00
800;CP;109481;1;1;0;0.00
800;CP;107900;1;1;0;0.00
800;CP;110752;1;1;0;0.00
800;CP;110262;1;1;0;0.00
800;CP;111325;1;1;0;0.00
800;CP;111154;1;1;0;0.00
800;CP;110291;1;1;0;0.00
800;CP;109660;1;1;0;0.00
800;CP;109207;1;1;0;0.00
800;CP;109588;1;1;0;0.00
800;CP;110022;1;1;0;0.00
800;CP;110046;1;1;0;0.00
800;CP;109173;1;1;0;0.00
800;CP;108905;1;1;0;0.00
800;CP;108521;1;1;0;0.00
800;CP;109731;1;1;0;0.00
800;CP;109912;1;1;0;0.00
800;CP;109544;1;1;0;0.00
800;CP;108891;1;1;0;0.00
800;CP;120406;1;1;0;0.00
800;CP;117541;1;1;0;0.00
800;CP;118248;1;1;0;0.00
800;CP;118019;1;1;0;0.00
800;CP;117517;1;1;0;0.00
800;CP;117148;1;1;0;0.00
800;CP;117487;1;1;0;0.00
800;CP;116709;1;1;0;0.00
800;CP;117798;1;1;0;0.00
800;CP;117364;1;1;0;0.00
800;CP;117011;1;1;0;0.00
800;CP;116872;1;1;0;0.00
800;CP;116251;1;1;0;0.00
800;CP;116089;1;1;0;0.00
800;CP;116282;1;1;0;0.00
800;CP;116275;1;1;0;0.00
800;CP;117153;1;1;0;0.00
800;CP;116757;1;1;0;0.00
800;CP;117275;1;1;0;0.00
800;CP;114671;1;1;0;0.00
800;SCP;44918;1;1;0;0.00
800;SCP;44247;1;1;0;0.00
800;SCP;43945;1;1;0;0.00
800;SCP;44253;1;1;0;0.00
800;SCP;43239;1;1;0;0.00
800;SCP;44012;1;1;0;0.00
800;SCP;44718;1;1;0;0.00
800;SCP;43345;1;1;0;0.00
800;SCP;43776;1;1;0;0.00
800;SCP;44233;1;1;0;0.00
800;SCP;43112;1;1;0;0.00
800;SCP;44189;1;1;0;0.00
800;SCP;44017;1;1;0;0.00
800;SCP;43473;1;1;0;0.00
800;SCP;44993;1;1;0;0.00
800;SCP;43685;1;1;0;0.00
800;SCP;43347;1;1;0;0.00
800;SCP;44461;1;1;0;0.00
800;SCP;44053;1;1;0;0.00
800;SCP;43228;1;1;0;0.00
800;SCP;44957;1;1;0;0.00
800;SCP;45475;1;1;0;0.00
800;SCP;45137;1;1;0;0.00
800;SCP;44769;1;1;0;0.00
800;SCP;45047;1;1;0;0.00
800;SCP;44616;1;1;0;0.00
800;SCP;44436;1;1;0;0.00
800;SCP;44573;1;1;0;0.00
800;SCP;44747;1;1;0;0.00
800;SCP;44779;1;1;0;0.00
800;SCP;44757;1;1;0;0.00
800;SCP;44873;1;1;0;0.00
800;SCP;45024;1;1;0;0.00
800;SCP;44536;1;1;0;0.00
800;SCP;44847;1;1;0;0.00
800;SCP;44805;1;1;0;0.00
800;SCP;44421;1;1;0;0.00
800;SCP;45048;1;1;0;0.00
800;SCP;44587;1;1;0;0.00
800;SCP;44950;1;1;0;0.00
800;SCP;45388;1;1;0;0.00
800;SCP;45739;1;1;0;0.00
800;SCP;45562;1;1;0;0.00
800;SCP;45472;1;1;0;0.00
800;SCP;45756;1;1;0;0.00
800;SCP;45594;1;1;0;0.00
800;SCP;45715;1;1;0;0.00
800;SCP;45507;1;1;0;0.00
800;SCP;45927;1;1;0;0.00
800;SCP;46051;1;1;0;0.00
800;SCP;45416;1;1;0;0.00
800;SCP;45854;1;1;0;0.00
800;SCP;45699;1;1;0;0.00
800;SCP;45769;1;1;0;0.00
800;SCP;46259;1;1;0;0.00
800;SCP;45718;1;1;0;0.00
800;SCP;45834;1;1;0;0.00
800;SCP;45666;1;1;0;0.00
800;SCP;45404;1;1;0;0.00
800;SCP;45917;1;1;0;0.00
800;KAB;885189;1;1;0;0.00
800;KAB;888265;1;1;0;0.00
800;KAB;901913;1;1;0;0.00
800;KAB;901568;1;1;0;0.00
800;KAB;903232;1;1;0;0.00
800;KAB;900409;1;1;0;0.00
800;KAB;900964;1;1;0;0.00
800;KAB;895739;1;1;0;0.00
800;KAB;890031;1;1;0;0.00
800;KAB;887806;1;1;0;0.00
800;KAB;884482;1;1;0;0.00
800;KAB;886616;1;1;0;0.00
800;KAB;884240;1;1;0;0.00
800;KAB;885395;1;1;0;0.00
800;KAB;885297;1;1;0;0.00
800;KAB;889630;1;1;0;0.00
800;KAB;890448;1;1;0;0.00
800;KAB;875854;1;1;0;0.00
800;KAB;888205;1;1;0;0.00
800;KAB;885777;1;1;0;0.00
800;KAB;696167;1;1;0;0.00
800;KAB;698453;1;1;0;0.00
800;KAB;700055;1;1;0;0.00
800;KAB;699270;1;1;0;0.00
800;KAB;695308;1;1;0;0.00
800;KAB;699185;1;1;0;0.00
800;KAB;692923;1;1;0;0.00
800;KAB;698815;1;1;0;0.00
800;KAB;692939;1;1;0;0.00
800;KAB;699234;1;1;0;0.00
800;KAB;692411;1;1;0;0.00
800;KAB;699978;1;1;0;0.00
800;KAB;699253;1;1;0;0.00
800;KAB;698385;1;1;0;0.00
800;KAB;700948;1;1;0;0.00
800;KAB;697925;1;1;0;0.00
800;KAB;697955;1;1;0;0.00
800;KAB;690879;1;1;0;0.00
800;KAB;697650;1;1;0;0.00
800;KAB;700097;1;1;0;0.00
800;KAB;461920;1;1;0;0.00
800;KAB;455442;1;1;0;0.00
800;KAB;462174;1;1;0;0.00
800;KAB;461938;1;1;0;0.00
800;KAB;458829;1;1;0;0.00
800;KAB;462957;1;1;0;0.00
800;KAB;461036;1;1;0;0.00
800;KAB;460947;1;1;0;0.00
800;KAB;463424;1;1;0;0.00
800;KAB;461886;1;1;0;0.00
800;KAB;462664;1;1;0;0.00
800;KAB;463502;1;1;0;0.00
800;KAB;462353;1;1;0;0.00
800;KAB;463059;1;1;0;0.00
800;KAB;463579;1;1;0;0.00
800;KAB;462159;1;1;0;0.00
800;KAB;463240;1;1;0;0.00
800;KAB;463552;1;1;0;0.00
800;KAB;461665;1;1;0;0.00
800;KAB;463830;1;1;0;0.00
800;BFDC;156;1;1;0;3.18
800;BFDC;154;1;1;0;3.18
800;BFDC;155;1;1;0;3.18
800;BFDC;155;1;1;0;3.18
800;BFDC;155;1;1;0;3.18
800;BFDC;155;1;1;0;3.18
800;BFDC;155;1;1;0;3.18
800;BFDC;155;1;1;0;3.18
800;BFDC;155;1;1;0;3.18
800;BFDC;155;1;1;0;3.18
800;BFDC;155;1;1;0;3.18
800;BFDC;155;1;1;0;3.18
800;BFDC;156;1;1;0;3.18
800;BFDC;155;1;1;0;3.18
800;BFDC;155;1;1;0;3.18
800;BFDC;155;1;1;0;3.18
800;BFDC;155;1;1;0;3.18
800;BFDC;155;1;1;0;3.18
800;BFDC;155;1;1;0;3.18
800;BFDC;156;1;1;0;3.18
800;BFDC;158;1;1;0;3.20
800;BFDC;155;1;1;0;3.20
800;BFDC;156;1;1;0;3.20
800;BFDC;155;1;1;0;3.20
800;BFDC;156;1;1;0;3.20
800;BFDC;155;1;1;0;3.20
800;BFDC;155;1;1;0;3.20
800;BFDC;155;1;1;0;3.20
800;BFDC;155;1;1;0;3.20
800;BFDC;161;1;1;0;3.20
800;BFDC;156;1;1;0;3.20
800;BFDC;155;1;1;0;3.20
800;BFDC;155;1;1;0;3.20
800;BFDC;155;1;1;0;3.20
800;BFDC;155;1;1;0;3.20
800;BFDC;155;1;1;0;3.20
800;BFDC;156;1;1;0;3.20
800;BFDC;155;1;1;0;3.20
800;BFDC;155;1;1;0;3.20
800;BFDC;155;1;1;0;3.20
800;BFDC;153;1;1;0;3.14
800;BFDC;151;1;1;0;3.14
800;BFDC;151;1;1;0;3.14
800;BFDC;159;1;1;0;3.14
800;BFDC;152;1;1;0;3.14
800;BFDC;152;1;1;0;3.14
800;BFDC;152;1;1;0;3.14
800;BFDC;152;1;1;0;3.14
800;BFDC;151;1;1;0;3.14
800;BFDC;152;1;1;0;3.14
800;BFDC;151;1;1;0;3.14
800;BFDC;151;1;1;0;3.14
800;BFDC;151;1;1;0;3.14
800;BFDC;151;1;1;0;3.14
800;BFDC;151;1;1;0;3.14
800;BFDC;151;1;1;0;3.14
800;BFDC;151;1;1;0;3.14
800;BFDC;151;1;1;0;3.14
800;BFDC;152;1;1;0;3.14
800;BFDC;152;1;1;0;3.14
800;CRA;20369;1;1;0;147.92
800;CRA;20202;1;1;0;147.92
800;CRA;20189;1;1;0;147.92
800;CRA;20166;1;1;0;147.92
800;CRA;20173;1;1;0;147.92
800;CRA;20182;1;1;0;147.92
800;CRA;20189;1;1;0;147.92
800;CRA;20196;1;1;0;147.92
800;CRA;20186;1;1;0;147.92
800;CRA;20200;1;1;0;147.92
800;CRA;20159;1;1;0;147.92
800;CRA;20186;1;1;0;147.92
800;CRA;20168;1;1;0;147.92
800;CRA;20174;1;1;0;147.92
800;CRA;20153;1;1;0;147.92
800;CRA;20168;1;1;0;147.92
800;CRA;20191;1;1;0;147.92
800;CRA;20187;1;1;0;147.92
800;CRA;20193;1;1;0;147.92
800;CRA;20181;1;1;0;147.92
800;CRA;31108;1;1;0;208.61
800;CRA;30396;1;1;0;208.61
800;CRA;30357;1;1;0;208.61
800;CRA;30351;1;1;0;208.61
800;CRA;30355;1;1;0;208.61
800;CRA;30337;1;1;0;208.61
800;CRA;30355;1;1;0;208.61
800;CRA;30346;1;1;0;208.61
800;CRA;30368;1;1;0;208.61
800;CRA;30352;1;1;0;208.61
800;CRA;30364;1;1;0;208.61
800;CRA;30374;1;1;0;208.61
800;CRA;30351;1;1;0;208.61
800;CRA;30372;1;1;0;208.61
800;CRA;30537;1;1;0;208.61
800;CRA;30635;1;1;0;208.61
800;CRA;30533;1;1;0;208.61
800;CRA;30477;1;1;0;208.61
800;CRA;30392;1;1;0;208.61
800;CRA;30264;1;1;0;208.61
800;CRA;33865;1;1;0;234.14
800;CRA;33673;1;1;0;234.14
800;CRA;33672;1;1;0;234.14
800;CRA;33677;1;1;0;234.14
800;CRA;33685;1;1;0;234.14
800;CRA;33666;1;1;0;234.14
800;CRA;33679;1;1;0;234.14
800;CRA;33729;1;1;0;234.14
800;CRA;33946;1;1;0;234.14
800;CRA;33781;1;1;0;234.14
800;CRA;33586;1;1;0;234.14
800;CRA;33533;1;1;0;234.14
800;CRA;33524;1;1;0;234.14
800;CRA;33552;1;1;0;234.14
800;CRA;33586;1;1;0;234.14
800;CRA;33636;1;1;0;234.14
800;CRA;33675;1;1;0;234.14
800;CRA;33663;1;1;0;234.14
800;CRA;33659;1;1;0;234.14
800;CRA;33663;1;1;0;234.14
400;ULT;462623;1;1;0;3263.50
400;ULT;460849;1;1;0;3263.50
400;ULT;460564;1;1;0;3263.50
400;ULT;461394;1;1;0;3263.50
400;ULT;460833;1;1;0;3263.50
400;ULT;460177;1;1;0;3263.50
400;ULT;461582;1;1;0;3263.50
400;ULT;460517;1;1;0;3263.50
400;ULT;461022;1;1;0;3263.50
400;ULT;460687;1;1;0;3263.50
400;ULT;461112;1;1;0;3263.50
400;ULT;461172;1;1;0;3263.50
400;ULT;461314;1;1;0;3263.50
400;ULT;460409;1;1;0;3263.50
400;ULT;460974;1;1;0;3263.50
400;ULT;460205;1;1;0;3263.50
400;ULT;460861;1;1;0;3263.50
400;ULT;461149;1;1;0;3263.50
400;ULT;460990;1;1;0;3263.50
400;ULT;461186;1;1;0;3263.50
400;ULT;519914;1;1;0;3671.57
400;ULT;524070;1;1;0;3671.57
400;ULT;519448;1;1;0;3671.57
400;ULT;523640;1;1;0;3671.57
400;ULT;521208;1;1;0;3671.57
400;ULT;523509;1;1;0;3671.57
400;ULT;522146;1;1;0;3671.57
400;ULT;522059;1;1;0;3671.57
400;ULT;522764;1;1;0;3671.57
400;ULT;522234;1;1;0;3671.57
400;ULT;523333;1;1;0;3671.57
400;ULT;522639;1;1;0;3671.57
400;ULT;522851;1;1;0;3671.57
400;ULT;522290;1;1;0;3671.57
400;ULT;523409;1;1;0;3671.57
400;ULT;518279;1;1;0;3671.57
400;ULT;523515;1;1;0;3671.57
400;ULT;521329;1;1;0;3671.57
400;ULT;522375;1;1;0;3671.57
400;ULT;520990;1;1;0;3671.57
400;ULT;579515;1;1;0;4079.30
400;ULT;575540;1;1;0;4079.30
400;ULT;575516;1;1;0;4079.30
400;ULT;575757;1;1;0;4079.30
400;ULT;575856;1;1;0;4079.30
400;ULT;576198;1;1;0;4079.30
400;ULT;576582;1;1;0;4079.30
400;ULT;577049;1;1;0;4079.30
400;ULT;576337;1;1;0;4079.30
400;ULT;576222;1;1;0;4079.30
400;ULT;577292;1;1;0;4079.30
400;ULT;577414;1;1;0;4079.30
400;ULT;575163;1;1;0;4079.30
400;ULT;576454;1;1;0;4079.30
400;ULT;575753;1;1;0;4079.30
400;ULT;576043;1;1;0;4079.30
400;ULT;575930;1;1;0;4079.30
400;ULT;578306;1;1;0;4079.30
400;ULT;578103;1;1;0;4079.30
400;ULT;579370;1;1;0;4079.30
400;RULT;1201;1;1;0;20.55
400;RULT;1205;1;1;0;20.55
400;RULT;1200;1;1;0;20.55
400;RULT;1197;1;1;0;20.55
400;RULT;1201;1;1;0;20.55
400;RULT;1202;1;1;0;20.55
400;RULT;1199;1;1;0;20.55
400;RULT;1203;1;1;0;20.55
400;RULT;1198;1;1;0;20.55
400;RULT;1197;1;1;0;20.55
400;RULT;1203;1;1;0;20.55
400;RULT;1198;1;1;0;20.55
400;RULT;1201;1;1;0;20.55
400;RULT;1204;1;1;0;20.55
400;RULT;1201;1;1;0;20.55
400;RULT;1202;1;1;0;20.55
400;RULT;1204;1;1;0;20.55
400;RULT;1202;1;1;0;20.55
400;RULT;1200;1;1;0;20.55
400;RULT;1203;1;1;0;20.55
400;RULT;1329;1;1;0;22.24
400;RULT;1327;1;1;0;22.24
400;RULT;1329;1;1;0;22.24
400;RULT;1326;1;1;0;22.24
400;RULT;1329;1;1;0;22.24
400;RULT;1323;1;1;0;22.24
400;RULT;1324;1;1;0;22.24
400;RULT;1327;1;1;0;22.24
400;RULT;1324;1;1;0;22.24
400;RULT;1325;1;1;0;22.24
400;RULT;1330;1;1;0;22.24
400;RULT;1323;1;1;0;22.24
400;RULT;1324;1;1;0;22.24
400;RULT;1328;1;1;0;22.24
400;RULT;1321;1;1;0;22.24
400;RULT;1330;1;1;0;22.24
400;RULT;1322;1;1;0;22.24
400;RULT;1322;1;1;0;22.24
400;RULT;1327;1;1;0;22.24
400;RULT;1325;1;1;0;22.24
400;RULT;1218;1;1;0;19.99
400;RULT;1218;1;1;0;19.99
400;RULT;1217;1;1;0;19.99
400;RULT;1216;1;1;0;19.99
400;RULT;1213;1;1;0;19.99
400;RULT;1232;1;1;0;19.99
400;RULT;1225;1;1;0;19.99
400;RULT;1224;1;1;0;19.99
400;RULT;1229;1;1;0;19.99
400;RULT;1228;1;1;0;19.99
400;RULT;1225;1;1;0;19.99
400;RULT;1226;1;1;0;19.99
400;RULT;1225;1;1;0;19.99
400;RULT;1229;1;1;0;19.99
400;RULT;1226;1;1;0;19.99
400;RULT;1226;1;1;0;19.99
400;RULT;1229;1;1;0;19.99
400;RULT;1224;1;1;0;19.99
400;RULT;1224;1;1;0;19.99
400;RULT;1225;1;1;0;19.99
400;ILP;34306;1;1;0;0.00
400;ILP;28662;1;1;0;0.00
400;ILP;28297;1;1;0;0.00
400;ILP;27989;1;1;0;0.00
400;ILP;28175;1;1;0;0.00
400;ILP;28203;1;1;0;0.00
400;ILP;28203;1;1;0;0.00
400;ILP;28126;1;1;0;0.00
400;ILP;28275;1;1;0;0.00
400;ILP;28243;1;1;0;0.00
400;ILP;28185;1;1;0;0.00
400;ILP;28083;1;1;0;0.00
400;ILP;28117;1;1;0;0.00
400;ILP;27699;1;1;0;0.00
400;ILP;27823;1;1;0;0.00
400;ILP;28303;1;1;0;0.00
400;ILP;27969;1;1;0;0.00
400;ILP;28255;1;1;0;0.00
400;ILP;28257;1;1;0;0.00
400;ILP;28507;1;1;0;0.00
400;ILP;34106;1;1;0;0.00
400;ILP;28377;1;1;0;0.00
400;ILP;27766;1;1;0;0.00
400;ILP;28017;1;1;0;0.00
400;ILP;27581;1;1;0;0.00
400;ILP;27889;1;1;0;0.00
400;ILP;27548;1;1;0;0.00
400;ILP;27660;1;1;0;0.00
400;ILP;27749;1;1;0;0.00
400;ILP;27823;1;1;0;0.00
400;ILP;27764;1;1;0;0.00
400;ILP;27492;1;1;0;0.00
400;ILP;27832;1;1;0;0.00
400;ILP;27739;1;1;0;0.00
400;ILP;27627;1;1;0;0.00
400;ILP;27593;1;1;0;0.00
400;ILP;27554;1;1;0;0.00
400;ILP;27856;1;1;0;0.00
400;ILP;27593;1;1;0;0.00
400;ILP;27728;1;1;0;0.00
400;ILP;35401;1;1;0;0.00
400;ILP;29615;1;1;0;0.00
400;ILP;29114;1;1;0;0.00
400;ILP;28960;1;1;0;0.00
400;ILP;28939;1;1;0;0.00
400;ILP;29012;1;1;0;0.00
400;ILP;28745;1;1;0;0.00
400;ILP;28707;1;1;0;0.00
400;ILP;29445;1;1;0;0.00
400;ILP;29275;1;1;0;0.00
400;ILP;28990;1;1;0;0.00
400;ILP;28999;1;1;0;0.00
400;ILP;28987;1;1;0;0.00
400;ILP;28827;1;1;0;0.00
400;ILP;28898;1;1;0;0.00
400;ILP;28883;1;1;0;0.00
400;ILP;28755;1;1;0;0.00
400;ILP;29098;1;1;0;0.00
400;ILP;29135;1;1;0;0.00
400;ILP;28968;1;1;0;0.00
400;CP;50741;1;1;0;0.00
400;CP;49130;1;1;0;0.00
400;CP;49726;1;1;0;0.00
400;CP;49799;1;1;0;0.00
400;CP;49743;1;1;0;0.00
400;CP;49554;1;1;0;0.00
400;CP;49138;1;1;0;0.00
400;CP;49555;1;1;0;0.00
400;CP;49524;1;1;0;0.00
400;CP;49451;1;1;0;0.00
400;CP;49159;1;1;0;0.00
400;CP;49540;1;1;0;0.00
400;CP;49773;1;1;0;0.00
400;CP;49546;1;1;0;0.00
400;CP;49726;1;1;0;0.00
400;CP;49076;1;1;0;0.00
400;CP;49846;1;1;0;0.00
400;CP;49703;1;1;0;0.00
400;CP;49261;1;1;0;0.00
400;CP;49453;1;1;0;0.00
400;CP;50495;1;1;0;0.00
400;CP;49145;1;1;0;0.00
400;CP;49391;1;1;0;0.00
400;CP;49810;1;1;0;0.00
400;CP;48584;1;1;0;0.00
400;CP;49010;1;1;0;0.00
400;CP;49094;1;1;0;0.00
400;CP;49229;1;1;0;0.00
400;CP;49163;1;1;0;0.00
400;CP;49089;1;1;0;0.00
400;CP;48716;1;1;0;0.00
400;CP;48985;1;1;0;0.00
400;CP;48891;1;1;0;0.00
400;CP;48811;1;1;0;0.00
400;CP;49418;1;1;0;0.00
400;CP;48888;1;1;0;0.00
400;CP;48169;1;1;0;0.00
400;CP;49161;1;1;0;0.00
400;CP;49093;1;1;0;0.00
400;CP;49065;1;1;0;0.00
400;CP;50461;1;1;0;0.00
400;CP;49447;1;1;0;0.00
400;CP;48711;1;1;0;0.00
400;CP;49206;1;1;0;0.00
400;CP;49274;1;1;0;0.00
400;CP;48410;1;1;0;0.00
400;CP;48611;1;1;0;0.00
400;CP;49197;1;1;0;0.00
400;CP;48359;1;1;0;0.00
400;CP;48494;1;1;0;0.00
400;CP;48481;1;1;0;0.00
400;CP;47927;1;1;0;0.00
400;CP;48350;1;1;0;0.00
400;CP;48855;1;1;0;0.00
400;CP;49136;1;1;0;0.00
400;CP;49398;1;1;0;0.00
400;CP;48638;1;1;0;0.00
400;CP;48605;1;1;0;0.00
400;CP;48476;1;1;0;0.00
400;CP;48150;1;1;0;0.00
400;SCP;21663;1;1;0;0.00
400;SCP;21480;1;1;0;0.00
400;SCP;21837;1;1;0;0.00
400;SCP;22360;1;1;0;0.00
400;SCP;21671;1;1;0;0.00
400;SCP;21472;1;1;0;0.00
400;SCP;21575;1;1;0;0.00
400;SCP;21407;1;1;0;0.00
400;SCP;21830;1;1;0;0.00
400;SCP;21365;1;1;0;0.00
400;SCP;21422;1;1;0;0.00
400;SCP;21587;1;1;0;0.00
400;SCP;21557;1;1;0;0.00
400;SCP;21665;1;1;0;0.00
400;SCP;21686;1;1;0;0.00
400;SCP;21497;1;1;0;0.00
400;SCP;21464;1;1;0;0.00
400;SCP;21515;1;1;0;0.00
400;SCP;21579;1;1;0;0.00
400;SCP;21513;1;1;0;0.00
400;SCP;21497;1;1;0;0.00
400;SCP;21329;1;1;0;0.00
400;SCP;21708;1;1;0;0.00
400;SCP;21621;1;1;0;0.00
400;SCP;21460;1;1;0;0.00
400;SCP;21257;1;1;0;0.00
400;SCP;21457;1;1;0;0.00
400;SCP;21328;1;1;0;0.00
400;SCP;21640;1;1;0;0.00
400;SCP;21327;1;1;0;0.00
400;SCP;22120;1;1;0;0.00
400;SCP;22017;1;1;0;0.00
400;SCP;21633;1;1;0;0.00
400;SCP;21666;1;1;0;0.00
400;SCP;21385;1;1;0;0.00
400;SCP;21533;1;1;0;0.00
400;SCP;21355;1;1;0;0.00
400;SCP;21307;1;1;0;0.00
400;SCP;21483;1;1;0;0.00
400;SCP;21216;1;1;0;0.00
400;SCP;21766;1;1;0;0.00
400;SCP;21686;1;1;0;0.00
400;SCP;21738;1;1;0;0.00
400;SCP;21581;1;1;0;0.00
400;SCP;21686;1;1;0;0.00
400;SCP;21802;1;1;0;0.00
400;SCP;21813;1;1;0;0.00
400;SCP;21681;1;1;0;0.00
400;SCP;22004;1;1;0;0.00
400;SCP;22042;1;1;0;0.00
400;SCP;21941;1;1;0;0.00
400;SCP;21959;1;1;0;0.00
400;SCP;21806;1;1;0;0.00
400;SCP;21855;1;1;0;0.00
400;SCP;21836;1;1;0;0.00
400;SCP;21656;1;1;0;0.00
400;SCP;22075;1;1;0;0.00
400;SCP;21653;1;1;0;0.00
400;SCP;21601;1;1;0;0.00
400;SCP;21465;1;1;0;0.00
400;KAB;180223;1;1;0;0.00
400;KAB;181052;1;1;0;0.00
400;KAB;181612;1;1;0;0.00
400;KAB;181164;1;1;0;0.00
400;KAB;181474;1;1;0;0.00
400;KAB;181338;1;1;0;0.00
400;KAB;181366;1;1;0;0.00
400;KAB;182331;1;1;0;0.00
400;KAB;181512;1;1;0;0.00
400;KAB;181185;1;1;0;0.00
400;KAB;181954;1;1;0;0.00
400;KAB;182034;1;1;0;0.00
400;KAB;180923;1;1;0;0.00
400;KAB;181262;1;1;0;0.00
400;KAB;181790;1;1;0;0.00
400;KAB;181579;1;1;0;0.00
400;KAB;183304;1;1;0;0.00
400;KAB;181537;1;1;0;0.00
400;KAB;182211;1;1;0;0.00
400;KAB;181604;1;1;0;0.00
400;KAB;159055;1;1;0;0.00
400;KAB;159174;1;1;0;0.00
400;KAB;159007;1;1;0;0.00
400;KAB;158888;1;1;0;0.00
400;KAB;158942;1;1;0;0.00
400;KAB;160695;1;1;0;0.00
400;KAB;159163;1;1;0;0.00
400;KAB;159355;1;1;0;0.00
400;KAB;158827;1;1;0;0.00
400;KAB;159113;1;1;0;0.00
400;KAB;158851;1;1;0;0.00
400;KAB;158832;1;1;0;0.00
400;KAB;160946;1;1;0;0.00
400;KAB;159722;1;1;0;0.00
400;KAB;159407;1;1;0;0.00
400;KAB;159268;1;1;0;0.00
400;KAB;158588;1;1;0;0.00
400;KAB;159499;1;1;0;0.00
400;KAB;159268;1;1;0;0.00
400;KAB;160549;1;1;0;0.00
400;KAB;157841;1;1;0;0.00
400;KAB;157827;1;1;0;0.00
400;KAB;159430;1;1;0;0.00
400;KAB;157991;1;1;0;0.00
400;KAB;159125;1;1;0;0.00
400;KAB;158408;1;1;0;0.00
400;KAB;157954;1;1;0;0.00
400;KAB;157310;1;1;0;0.00
400;KAB;158070;1;1;0;0.00
400;KAB;160556;1;1;0;0.00
400;KAB;158172;1;1;0;0.00
400;KAB;157358;1;1;0;0.00
400;KAB;158425;1;1;0;0.00
400;KAB;159185;1;1;0;0.00
400;KAB;158749;1;1;0;0.00
400;KAB;158129;1;1;0;0.00
400;KAB;160390;1;1;0;0.00
400;KAB;158990;1;1;0;0.00
400;KAB;158875;1;1;0;0.00
400;KAB;158437;1;1;0;0.00
400;BFDC;67;1;1;0;3.03
400;BFDC;65;1;1;0;3.03
400;BFDC;65;1;1;0;3.03
400;BFDC;65;1;1;0;3.03
400;BFDC;64;1;1;0;3.03
400;BFDC;64;1;1;0;3.03
400;BFDC;64;1;1;0;3.03
400;BFDC;64;1;1;0;3.03
400;BFDC;64;1;1;0;3.03
400;BFDC;64;1;1;0;3.03
400;BFDC;64;1;1;0;3.03
400;BFDC;64;1;1;0;3.03
400;BFDC;64;1;1;0;3.03
400;BFDC;64;1;1;0;3.03
400;BFDC;64;1;1;0;3.03
400;BFDC;64;1;1;0;3.03
400;BFDC;64;1;1;0;3.03
400;BFDC;64;1;1;0;3.03
400;BFDC;64;1;1;0;3.03
400;BFDC;64;1;1;0;3.03
400;BFDC;72;1;1;0;3.19
400;BFDC;71;1;1;0;3.19
400;BFDC;70;1;1;0;3.19
400;BFDC;70;1;1;0;3.19
400;BFDC;70;1;1;0;3.19
400;BFDC;70;1;1;0;3.19
400;BFDC;70;1;1;0;3.19
400;BFDC;70;1;1;0;3.19
400;BFDC;70;1;1;0;3.19
400;BFDC;70;1;1;0;3.19
400;BFDC;70;1;1;0;3.19
400;BFDC;70;1;1;0;3.19
400;BFDC;70;1;1;0;3.19
400;BFDC;71;1;1;0;3.19
400;BFDC;70;1;1;0;3.19
400;BFDC;70;1;1;0;3.19
400;BFDC;70;1;1;0;3.19
400;BFDC;70;1;1;0;3.19
400;BFDC;70;1;1;0;3.19
400;BFDC;70;1;1;0;3.19
400;BFDC;73;1;1;0;3.16
400;BFDC;70;1;1;0;3.16
400;BFDC;69;1;1;0;3.16
400;BFDC;69;1;1;0;3.16
400;BFDC;69;1;1;0;3.16
400;BFDC;69;1;1;0;3.16
400;BFDC;68;1;1;0;3.16
400;BFDC;69;1;1;0;3.16
400;BFDC;68;1;1;0;3.16
400;BFDC;68;1;1;0;3.16
400;BFDC;69;1;1;0;3.16
400;BFDC;69;1;1;0;3.16
400;BFDC;69;1;1;0;3.16
400;BFDC;69;1;1;0;3.16
400;BFDC;69;1;1;0;3.16
400;BFDC;68;1;1;0;3.16
400;BFDC;68;1;1;0;3.16
400;BFDC;69;1;1;0;3.16
400;BFDC;69;1;1;0;3.16
400;BFDC;69;1;1;0;3.16
400;CRA;7692;1;1;0;118.41
400;CRA;7606;1;1;0;118.41
400;CRA;7605;1;1;0;118.41
400;CRA;7610;1;1;0;118.41
400;CRA;7605;1;1;0;118.41
400;CRA;7607;1;1;0;118.41
400;CRA;7601;1;1;0;118.41
400;CRA;7603;1;1;0;118.41
400;CRA;7600;1;1;0;118.41
400;CRA;7599;1;1;0;118.41
400;CRA;7601;1;1;0;118.41
400;CRA;7608;1;1;0;118.41
400;CRA;7605;1;1;0;118.41
400;CRA;7623;1;1;0;118.41
400;CRA;7598;1;1;0;118.41
400;CRA;7596;1;1;0;118.41
400;CRA;7590;1;1;0;118.41
400;CRA;7606;1;1;0;118.41
400;CRA;7591;1;1;0;118.41
400;CRA;7607;1;1;0;118.41
400;CRA;7906;1;1;0;120.40
400;CRA;7834;1;1;0;120.40
400;CRA;7838;1;1;0;120.40
400;CRA;7827;1;1;0;120.40
400;CRA;7832;1;1;0;120.40
400;CRA;7836;1;1;0;120.40
400;CRA;7837;1;1;0;120.40
400;CRA;7833;1;1;0;120.40
400;CRA;7817;1;1;0;120.40
400;CRA;7827;1;1;0;120.40
400;CRA;7832;1;1;0;120.40
400;CRA;7831;1;1;0;120.40
400;CRA;7809;1;1;0;120.40
400;CRA;7811;1;1;0;120.40
400;CRA;7833;1;1;0;120.40
400;CRA;7833;1;1;0;120.40
400;CRA;7824;1;1;0;120.40
400;CRA;7842;1;1;0;120.40
400;CRA;7823;1;1;0;120.40
400;CRA;7821;1;1;0;120.40
400;CRA;10124;1;1;0;152.71
400;CRA;10020;1;1;0;152.71
400;CRA;10010;1;1;0;152.71
400;CRA;10018;1;1;0;152.71
400;CRA;10001;1;1;0;152.71
400;CRA;10014;1;1;0;152.71
400;CRA;10009;1;1;0;152.71
400;CRA;10018;1;1;0;152.71
400;CRA;10018;1;1;0;152.71
400;CRA;10005;1;1;0;152.71
400;CRA;10029;1;1;0;152.71
400;CRA;10019;1;1;0;152.71
400;CRA;10014;1;1;0;152.71
400;CRA;10014;1;1;0;152.71
400;CRA;10004;1;1;0;152.71
400;CRA;10007;1;1;0;152.71
400;CRA;10004;1;1;0;152.71
400;CRA;10031;1;1;0;152.71
400;CRA;10014;1;1;0;152.71
400;CRA;10012;1;1;0;152.71
1600;RULT;5923;1;1;0;23.27
1600;RULT;5910;1;1;0;23.27
1600;RULT;5909;1;1;0;23.27
1600;RULT;5908;1;1;0;23.27
1600;RULT;5930;1;1;0;23.27
1600;RULT;5900;1;1;0;23.27
1600;RULT;5920;1;1;0;23.27
1600;RULT;5938;1;1;0;23.27
1600;RULT;5934;1;1;0;23.27
1600;RULT;5946;1;1;0;23.27
1600;RULT;5936;1;1;0;23.27
1600;RULT;5949;1;1;0;23.27
1600;RULT;5945;1;1;0;23.27
1600;RULT;5917;1;1;0;23.27
1600;RULT;5932;1;1;0;23.27
1600;RULT;5922;1;1;0;23.27
1600;RULT;5915;1;1;0;23.27
1600;RULT;5916;1;1;0;23.27
1600;RULT;5913;1;1;0;23.27
1600;RULT;5914;1;1;0;23.27
1600;RULT;5225;1;1;0;21.70
1600;RULT;5214;1;1;0;21.70
1600;RULT;5214;1;1;0;21.70
1600;RULT;5213;1;1;0;21.70
1600;RULT;5214;1;1;0;21.70
1600;RULT;5212;1;1;0;21.70
1600;RULT;5214;1;1;0;21.70
1600;RULT;5200;1;1;0;21.70
1600;RULT;5211;1;1;0;21.70
1600;RULT;5204;1;1;0;21.70
1600;RULT;5197;1;1;0;21.70
1600;RULT;5193;1;1;0;21.70
1600;RULT;5212;1;1;0;21.70
1600;RULT;5213;1;1;0;21.70
1600;RULT;5205;1;1;0;21.70
1600;RULT;5221;1;1;0;21.70
1600;RULT;5777;1;1;0;21.70
1600;RULT;5213;1;1;0;21.70
1600;RULT;5205;1;1;0;21.70
1600;RULT;5212;1;1;0;21.70
1600;RULT;5429;1;1;0;21.33
1600;RULT;5431;1;1;0;21.33
1600;RULT;5423;1;1;0;21.33
1600;RULT;5421;1;1;0;21.33
1600;RULT;5423;1;1;0;21.33
1600;RULT;5428;1;1;0;21.33
1600;RULT;5432;1;1;0;21.33
1600;RULT;5430;1;1;0;21.33
1600;RULT;5418;1;1;0;21.33
1600;RULT;5428;1;1;0;21.33
1600;RULT;5423;1;1;0;21.33
1600;RULT;5426;1;1;0;21.33
1600;RULT;5427;1;1;0;21.33
1600;RULT;5431;1;1;0;21.33
1600;RULT;5419;1;1;0;21.33
1600;RULT;6049;1;1;0;21.33
1600;RULT;5437;1;1;0;21.33
1600;RULT;5429;1;1;0;21.33
1600;RULT;5436;1;1;0;21.33
1600;RULT;5426;1;1;0;21.33
1600;ILP;117279;1;1;0;0.00
1600;ILP;115888;1;1;0;0.00
1600;ILP;116845;1;1;0;0.00
1600;ILP;117296;1;1;0;0.00
1600;ILP;116797;1;1;0;0.00
1600;ILP;117407;1;1;0;0.00
1600;ILP;119086;1;1;0;0.00
1600;ILP;116731;1;1;0;0.00
1600;ILP;116553;1;1;0;0.00
1600;ILP;116544;1;1;0;0.00
1600;ILP;116840;1;1;0;0.00
1600;ILP;117192;1;1;0;0.00
1600;ILP;119180;1;1;0;0.00
1600;ILP;117134;1;1;0;0.00
1600;ILP;115847;1;1;0;0.00
1600;ILP;116700;1;1;0;0.00
1600;ILP;115791;1;1;0;0.00
1600;ILP;117222;1;1;0;0.00
1600;ILP;118821;1;1;0;0.00
1600;ILP;117946;1;1;0;0.00
1600;ILP;125373;1;1;0;0.00
1600;ILP;126458;1;1;0;0.00
1600;ILP;126281;1;1;0;0.00
1600;ILP;124451;1;1;0;0.00
1600;ILP;124519;1;1;0;0.00
1600;ILP;122604;1;1;0;0.00
1600;ILP;122140;1;1;0;0.00
1600;ILP;123369;1;1;0;0.00
1600;ILP;122081;1;1;0;0.00
1600;ILP;120996;1;1;0;0.00
1600;ILP;124834;1;1;0;0.00
1600;ILP;125370;1;1;0;0.00
1600;ILP;126014;1;1;0;0.00
1600;ILP;125777;1;1;0;0.00
1600;ILP;125946;1;1;0;0.00
1600;ILP;125992;1;1;0;0.00
1600;ILP;125898;1;1;0;0.00
1600;ILP;125660;1;1;0;0.00
1600;ILP;125868;1;1;0;0.00
1600;ILP;125587;1;1;0;0.00
1600;ILP;116799;1;1;0;0.00
1600;ILP;116461;1;1;0;0.00
1600;ILP;115597;1;1;0;0.00
1600;ILP;115125;1;1;0;0.00
1600;ILP;115781;1;1;0;0.00
1600;ILP;115680;1;1;0;0.00
1600;ILP;116108;1;1;0;0.00
1600;ILP;116537;1;1;0;0.00
1600;ILP;115743;1;1;0;0.00
1600;ILP;115624;1;1;0;0.00
1600;ILP;116542;1;1;0;0.00
1600;ILP;116385;1;1;0;0.00
1600;ILP;116168;1;1;0;0.00
1600;ILP;115626;1;1;0;0.00
1600;ILP;117557;1;1;0;0.00
1600;ILP;117083;1;1;0;0.00
1600;ILP;115850;1;1;0;0.00
1600;ILP;117386;1;1;0;0.00
1600;ILP;116956;1;1;0;0.00
1600;ILP;116507;1;1;0;0.00
1600;CP;230758;1;1;0;0.00
1600;CP;231645;1;1;0;0.00
1600;CP;232103;1;1;0;0.00
1600;CP;245895;1;1;0;0.00
1600;CP;221127;1;1;0;0.00
1600;CP;223641;1;1;0;0.00
1600;CP;230788;1;1;0;0.00
1600;CP;230212;1;1;0;0.00
1600;CP;230994;1;1;0;0.00
1600;CP;231385;1;1;0;0.00
1600;CP;238152;1;1;0;0.00
1600;CP;227053;1;1;0;0.00
1600;CP;220953;1;1;0;0.00
1600;CP;228068;1;1;0;0.00
1600;CP;230895;1;1;0;0.00
1600;CP;229790;1;1;0;0.00
1600;CP;230643;1;1;0;0.00
1600;CP;231222;1;1;0;0.00
1600;CP;248549;1;1;0;0.00
1600;CP;219907;1;1;0;0.00
1600;CP;268306;1;1;0;0.00
1600;CP;270427;1;1;0;0.00
1600;CP;236915;1;1;0;0.00
1600;CP;234460;1;1;0;0.00
1600;CP;234324;1;1;0;0.00
1600;CP;268423;1;1;0;0.00
1600;CP;267866;1;1;0;0.00
1600;CP;267045;1;1;0;0.00
1600;CP;268402;1;1;0;0.00
1600;CP;268558;1;1;0;0.00
1600;CP;268401;1;1;0;0.00
1600;CP;274395;1;1;0;0.00
1600;CP;274920;1;1;0;0.00
1600;CP;306605;1;1;0;0.00
1600;CP;252666;1;1;0;0.00
1600;CP;274638;1;1;0;0.00
1600;CP;275315;1;1;0;0.00
1600;CP;318501;1;1;0;0.00
1600;CP;264796;1;1;0;0.00
1600;CP;251772;1;1;0;0.00
1600;CP;259719;1;1;0;0.00
1600;CP;246650;1;1;0;0.00
1600;CP;248977;1;1;0;0.00
1600;CP;250382;1;1;0;0.00
1600;CP;253019;1;1;0;0.00
1600;CP;248849;1;1;0;0.00
1600;CP;249516;1;1;0;0.00
1600;CP;255456;1;1;0;0.00
1600;CP;247290;1;1;0;0.00
1600;CP;249887;1;1;0;0.00
1600;CP;250112;1;1;0;0.00
1600;CP;250032;1;1;0;0.00
1600;CP;250589;1;1;0;0.00
1600;CP;249151;1;1;0;0.00
1600;CP;257140;1;1;0;0.00
1600;CP;247658;1;1;0;0.00
1600;CP;249329;1;1;0;0.00
1600;CP;251768;1;1;0;0.00
1600;CP;247515;1;1;0;0.00
1600;CP;249674;1;1;0;0.00
1600;SCP;92913;1;1;0;0.00
1600;SCP;94800;1;1;0;0.00
1600;SCP;96403;1;1;0;0.00
1600;SCP;96916;1;1;0;0.00
1600;SCP;96943;1;1;0;0.00
1600;SCP;95963;1;1;0;0.00
1600;SCP;95808;1;1;0;0.00
1600;SCP;96193;1;1;0;0.00
1600;SCP;95851;1;1;0;0.00
1600;SCP;95173;1;1;0;0.00
1600;SCP;96201;1;1;0;0.00
1600;SCP;96032;1;1;0;0.00
1600;SCP;96597;1;1;0;0.00
1600;SCP;97732;1;1;0;0.00
1600;SCP;101406;1;1;0;0.00
1600;SCP;96454;1;1;0;0.00
1600;SCP;94568;1;1;0;0.00
1600;SCP;93575;1;1;0;0.00
1600;SCP;92767;1;1;0;0.00
1600;SCP;93987;1;1;0;0.00
1600;SCP;102584;1;1;0;0.00
1600;SCP;101818;1;1;0;0.00
1600;SCP;100599;1;1;0;0.00
1600;SCP;100049;1;1;0;0.00
1600;SCP;99999;1;1;0;0.00
1600;SCP;101996;1;1;0;0.00
1600;SCP;101231;1;1;0;0.00
1600;SCP;101595;1;1;0;0.00
1600;SCP;101343;1;1;0;0.00
1600;SCP;101675;1;1;0;0.00
1600;SCP;101456;1;1;0;0.00
1600;SCP;101207;1;1;0;0.00
1600;SCP;102218;1;1;0;0.00
1600;SCP;101232;1;1;0;0.00
1600;SCP;101676;1;1;0;0.00
1600;SCP;101432;1;1;0;0.00
1600;SCP;101820;1;1;0;0.00
1600;SCP;101214;1;1;0;0.00
1600;SCP;101715;1;1;0;0.00
1600;SCP;101833;1;1;0;0.00
1600;SCP;98302;1;1;0;0.00
1600;SCP;98888;1;1;0;0.00
1600;SCP;98584;1;1;0;0.00
1600;SCP;101347;1;1;0;0.00
1600;SCP;96673;1;1;0;0.00
1600;SCP;98095;1;1;0;0.00
1600;SCP;98224;1;1;0;0.00
1600;SCP;97998;1;1;0;0.00
1600;SCP;98356;1;1;0;0.00
1600;SCP;98550;1;1;0;0.00
1600;SCP;98535;1;1;0;0.00
1600;SCP;98585;1;1;0;0.00
1600;SCP;102391;1;1;0;0.00
1600;SCP;96461;1;1;0;0.00
1600;SCP;97931;1;1;0;0.00
1600;SCP;97962;1;1;0;0.00
1600;SCP;97988;1;1;0;0.00
1600;SCP;98340;1;1;0;0.00
1600;SCP;98435;1;1;0;0.00
1600;SCP;98571;1;1;0;0.00
1600;KAB;2137962;0;0;1;0.00
1600;KAB;2128162;0;0;1;0.00
1600;KAB;2115383;0;0;1;0.00
1600;KAB;2000027;0;0;1;0.00
1600;KAB;2147172;0;0;1;0.00
1600;KAB;2143230;0;0;1;0.00
1600;KAB;2144989;0;0;1;0.00
1600;KAB;2149832;0;0;1;0.00
1600;KAB;2148306;0;0;1;0.00
1600;KAB;2151312;0;0;1;0.00
1600;KAB;2145013;0;0;1;0.00
1600;KAB;2146642;0;0;1;0.00
1600;KAB;2156063;0;0;1;0.00
1600;KAB;2139693;0;0;1;0.00
1600;KAB;2135856;0;0;1;0.00
1600;KAB;2154352;0;0;1;0.00
1600;KAB;2144924;0;0;1;0.00
1600;KAB;2147365;0;0;1;0.00
1600;KAB;2147046;0;0;1;0.00
1600;KAB;2145473;0;0;1;0.00
1600;KAB;1967125;1;1;0;0.00
1600;KAB;1984757;1;1;0;0.00
1600;KAB;1979387;1;1;0;0.00
1600;KAB;1972113;1;1;0;0.00
1600;KAB;1968391;1;1;0;0.00
1600;KAB;1979553;1;1;0;0.00
1600;KAB;1976915;1;1;0;0.00
1600;KAB;1977542;1;1;0;0.00
1600;KAB;1978223;1;1;0;0.00
1600;KAB;1982132;1;1;0;0.00
1600;KAB;1975545;1;1;0;0.00
1600;KAB;1976890;1;1;0;0.00
1600;KAB;1967660;1;1;0;0.00
1600;KAB;1970365;1;1;0;0.00
1600;KAB;1977334;1;1;0;0.00
1600;KAB;1977197;1;1;0;0.00
1600;KAB;1971154;1;1;0;0.00
1600;KAB;1965714;1;1;0;0.00
1600;KAB;1964589;1;1;0;0.00
1600;KAB;1964057;1;1;0;0.00
1600;KAB;1602461;1;1;0;0.00
1600;KAB;1601470;1;1;0;0.00
1600;KAB;1597796;1;1;0;0.00
1600;KAB;1585824;1;1;0;0.00
1600;KAB;1583517;1;1;0;0.00
1600;KAB;1591563;1;1;0;0.00
1600;KAB;1597395;1;1;0;0.00
1600;KAB;1772285;1;1;0;0.00
1600;KAB;1610255;1;1;0;0.00
1600;KAB;1600684;1;1;0;0.00
1600;KAB;1598746;1;1;0;0.00
1600;KAB;1599655;1;1;0;0.00
1600;KAB;1583560;1;1;0;0.00
1600;KAB;1604401;1;1;0;0.00
1600;KAB;1600444;1;1;0;0.00
1600;KAB;1606354;1;1;0;0.00
1600;KAB;1599966;1;1;0;0.00
1600;KAB;1594529;1;1;0;0.00
1600;KAB;1590782;1;1;0;0.00
1600;KAB;1586199;1;1;0;0.00
1600;BFDC;308;1;1;0;2.93
1600;BFDC;306;1;1;0;2.93
1600;BFDC;307;1;1;0;2.93
1600;BFDC;307;1;1;0;2.93
1600;BFDC;307;1;1;0;2.93
1600;BFDC;314;1;1;0;2.93
1600;BFDC;307;1;1;0;2.93
1600;BFDC;306;1;1;0;2.93
1600;BFDC;307;1;1;0;2.93
1600;BFDC;306;1;1;0;2.93
1600;BFDC;307;1;1;0;2.93
1600;BFDC;307;1;1;0;2.93
1600;BFDC;307;1;1;0;2.93
1600;BFDC;307;1;1;0;2.93
1600;BFDC;306;1;1;0;2.93
1600;BFDC;307;1;1;0;2.93
1600;BFDC;307;1;1;0;2.93
1600;BFDC;306;1;1;0;2.93
1600;BFDC;306;1;1;0;2.93
1600;BFDC;307;1;1;0;2.93
1600;BFDC;309;1;1;0;2.95
1600;BFDC;308;1;1;0;2.95
1600;BFDC;314;1;1;0;2.95
1600;BFDC;308;1;1;0;2.95
1600;BFDC;308;1;1;0;2.95
1600;BFDC;308;1;1;0;2.95
1600;BFDC;307;1;1;0;2.95
1600;BFDC;309;1;1;0;2.95
1600;BFDC;308;1;1;0;2.95
1600;BFDC;308;1;1;0;2.95
1600;BFDC;308;1;1;0;2.95
1600;BFDC;308;1;1;0;2.95
1600;BFDC;308;1;1;0;2.95
1600;BFDC;308;1;1;0;2.95
1600;BFDC;308;1;1;0;2.95
1600;BFDC;307;1;1;0;2.95
1600;BFDC;307;1;1;0;2.95
1600;BFDC;308;1;1;0;2.95
1600;BFDC;308;1;1;0;2.95
1600;BFDC;313;1;1;0;2.95
1600;BFDC;327;1;1;0;3.05
1600;BFDC;325;1;1;0;3.05
1600;BFDC;325;1;1;0;3.05
1600;BFDC;331;1;1;0;3.05
1600;BFDC;324;1;1;0;3.05
1600;BFDC;324;1;1;0;3.05
1600;BFDC;324;1;1;0;3.05
1600;BFDC;324;1;1;0;3.05
1600;BFDC;326;1;1;0;3.05
1600;BFDC;325;1;1;0;3.05
1600;BFDC;324;1;1;0;3.05
1600;BFDC;325;1;1;0;3.05
1600;BFDC;325;1;1;0;3.05
1600;BFDC;325;1;1;0;3.05
1600;BFDC;325;1;1;0;3.05
1600;BFDC;324;1;1;0;3.05
1600;BFDC;325;1;1;0;3.05
1600;BFDC;325;1;1;0;3.05
1600;BFDC;325;1;1;0;3.05
1600;BFDC;326;1;1;0;3.05
1600;CRA;102720;1;1;0;338.03
1600;CRA;102388;1;1;0;338.03
1600;CRA;102320;1;1;0;338.03
1600;CRA;102363;1;1;0;338.03
1600;CRA;102345;1;1;0;338.03
1600;CRA;102332;1;1;0;338.03
1600;CRA;102387;1;1;0;338.03
1600;CRA;102336;1;1;0;338.03
1600;CRA;102378;1;1;0;338.03
1600;CRA;102286;1;1;0;338.03
1600;CRA;101812;1;1;0;338.03
1600;CRA;101734;1;1;0;338.03
1600;CRA;101730;1;1;0;338.03
1600;CRA;101791;1;1;0;338.03
1600;CRA;101864;1;1;0;338.03
1600;CRA;102311;1;1;0;338.03
1600;CRA;102332;1;1;0;338.03
1600;CRA;102366;1;1;0;338.03
1600;CRA;102335;1;1;0;338.03
1600;CRA;102346;1;1;0;338.03
1600;CRA;120559;1;1;0;392.07
1600;CRA;119866;1;1;0;392.07
1600;CRA;119853;1;1;0;392.07
1600;CRA;120106;1;1;0;392.07
1600;CRA;120548;1;1;0;392.07
1600;CRA;120439;1;1;0;392.07
1600;CRA;119844;1;1;0;392.07
1600;CRA;119802;1;1;0;392.07
1600;CRA;119823;1;1;0;392.07
1600;CRA;119847;1;1;0;392.07
1600;CRA;119842;1;1;0;392.07
1600;CRA;119801;1;1;0;392.07
1600;CRA;119858;1;1;0;392.07
1600;CRA;119850;1;1;0;392.07
1600;CRA;119871;1;1;0;392.07
1600;CRA;119838;1;1;0;392.07
1600;CRA;119818;1;1;0;392.07
1600;CRA;119891;1;1;0;392.07
1600;CRA;119872;1;1;0;392.07
1600;CRA;119874;1;1;0;392.07
1600;CRA;128073;1;1;0;426.26
1600;CRA;127593;1;1;0;426.26
1600;CRA;127633;1;1;0;426.26
1600;CRA;127581;1;1;0;426.26
1600;CRA;127636;1;1;0;426.26
1600;CRA;127633;1;1;0;426.26
1600;CRA;127599;1;1;0;426.26
1600;CRA;127961;1;1;0;426.26
1600;CRA;127688;1;1;0;426.26
1600;CRA;127099;1;1;0;426.26
1600;CRA;126992;1;1;0;426.26
1600;CRA;127598;1;1;0;426.26
1600;CRA;127654;1;1;0;426.26
1600;CRA;127611;1;1;0;426.26
1600;CRA;127584;1;1;0;426.26
1600;CRA;127649;1;1;0;426.26
1600;CRA;127626;1;1;0;426.26
1600;CRA;127598;1;1;0;426.26
1600;CRA;127588;1;1;0;426.26
1600;CRA;127577;1;1;0;426.26
6400;RULT;29488;1;1;0;25.42
6400;RULT;27589;1;1;0;25.42
6400;RULT;33650;1;1;0;25.42
6400;RULT;30062;1;1;0;25.42
6400;RULT;29065;1;1;0;25.42
6400;RULT;28312;1;1;0;25.42
6400;RULT;33462;1;1;0;25.42
6400;RULT;31158;1;1;0;25.42
6400;RULT;37342;1;1;0;25.42
6400;RULT;32923;1;1;0;25.42
6400;RULT;33633;1;1;0;25.42
6400;RULT;31989;1;1;0;25.42
6400;RULT;27928;1;1;0;25.42
6400;RULT;31544;1;1;0;25.42
6400;RULT;28261;1;1;0;25.42
6400;RULT;31145;1;1;0;25.42
6400;RULT;27806;1;1;0;25.42
6400;RULT;27740;1;1;0;25.42
6400;RULT;32751;1;1;0;25.42
6400;RULT;36855;1;1;0;25.42
6400;RULT;32224;1;1;0;26.24
6400;RULT;31110;1;1;0;26.24
6400;RULT;30382;1;1;0;26.24
6400;RULT;29614;1;1;0;26.24
6400;RULT;31760;1;1;0;26.24
6400;RULT;31812;1;1;0;26.24
6400;RULT;30026;1;1;0;26.24
6400;RULT;32205;1;1;0;26.24
6400;RULT;32722;1;1;0;26.24
6400;RULT;30719;1;1;0;26.24
6400;RULT;30090;1;1;0;26.24
6400;RULT;29993;1;1;0;26.24
6400;RULT;33214;1;1;0;26.24
6400;RULT;36332;1;1;0;26.24
6400;RULT;32430;1;1;0;26.24
6400;RULT;30937;1;1;0;26.24
6400;RULT;29300;1;1;0;26.24
6400;RULT;29286;1;1;0;26.24
6400;RULT;29282;1;1;0;26.24
6400;RULT;33395;1;1;0;26.24
6400;RULT;27813;1;1;0;24.73
6400;RULT;33785;1;1;0;24.73
6400;RULT;27498;1;1;0;24.73
6400;RULT;27452;1;1;0;24.73
6400;RULT;27502;1;1;0;24.73
6400;RULT;27484;1;1;0;24.73
6400;RULT;27481;1;1;0;24.73
6400;RULT;27460;1;1;0;24.73
6400;RULT;27499;1;1;0;24.73
6400;RULT;27478;1;1;0;24.73
6400;RULT;27481;1;1;0;24.73
6400;RULT;27510;1;1;0;24.73
6400;RULT;27624;1;1;0;24.73
6400;RULT;33184;1;1;0;24.73
6400;RULT;27536;1;1;0;24.73
6400;RULT;27460;1;1;0;24.73
6400;RULT;27477;1;1;0;24.73
6400;RULT;27474;1;1;0;24.73
6400;RULT;27509;1;1;0;24.73
6400;RULT;27481;1;1;0;24.73
6400;ILP;552992;1;1;0;0.00
6400;ILP;566299;1;1;0;0.00
6400;ILP;564339;1;1;0;0.00
6400;ILP;548714;1;1;0;0.00
6400;ILP;562617;1;1;0;0.00
6400;ILP;657962;1;1;0;0.00
6400;ILP;576097;1;1;0;0.00
6400;ILP;566620;1;1;0;0.00
6400;ILP;549069;1;1;0;0.00
6400;ILP;518374;1;1;0;0.00
6400;ILP;517067;1;1;0;0.00
6400;ILP;516353;1;1;0;0.00
6400;ILP;519028;1;1;0;0.00
6400;ILP;510762;1;1;0;0.00
6400;ILP;564581;1;1;0;0.00
6400;ILP;564536;1;1;0;0.00
6400;ILP;559793;1;1;0;0.00
6400;ILP;527654;1;1;0;0.00
6400;ILP;514303;1;1;0;0.00
6400;ILP;515380;1;1;0;0.00
6400;ILP;553853;1;1;0;0.00
6400;ILP;545701;1;1;0;0.00
6400;ILP;530644;1;1;0;0.00
6400;ILP;549412;1;1;0;0.00
6400;ILP;546135;1;1;0;0.00
6400;ILP;548625;1;1;0;0.00
6400;ILP;543197;1;1;0;0.00
6400;ILP;536217;1;1;0;0.00
6400;ILP;546437;1;1;0;0.00
6400;ILP;554711;1;1;0;0.00
6400;ILP;545921;1;1;0;0.00
6400;ILP;546547;1;1;0;0.00
6400;ILP;547184;1;1;0;0.00
6400;ILP;541556;1;1;0;0.00
6400;ILP;537371;1;1;0;0.00
6400;ILP;536135;1;1;0;0.00
6400;ILP;534517;1;1;0;0.00
6400;ILP;531935;1;1;0;0.00
6400;ILP;532766;1;1;0;0.00
6400;ILP;531211;1;1;0;0.00
6400;ILP;536241;1;1;0;0.00
6400;ILP;564067;1;1;0;0.00
6400;ILP;584098;1;1;0;0.00
6400;ILP;587613;1;1;0;0.00
6400;ILP;596621;1;1;0;0.00
6400;ILP;536234;1;1;0;0.00
6400;ILP;535010;1;1;0;0.00
6400;ILP;542008;1;1;0;0.00
6400;ILP;531133;1;1;0;0.00
6400;ILP;537526;1;1;0;0.00
6400;ILP;588183;1;1;0;0.00
6400;ILP;584884;1;1;0;0.00
6400;ILP;584413;1;1;0;0.00
6400;ILP;556768;1;1;0;0.00
6400;ILP;542786;1;1;0;0.00
6400;ILP;536356;1;1;0;0.00
6400;ILP;541956;1;1;0;0.00
6400;ILP;529860;1;1;0;0.00
6400;ILP;553600;1;1;0;0.00
6400;ILP;589361;1;1;0;0.00
6400;CP;1456493;1;1;0;0.00
6400;CP;1625978;1;1;0;0.00
6400;CP;1476248;1;1;0;0.00
6400;CP;1390549;1;1;0;0.00
6400;CP;1450143;1;1;0;0.00
6400;CP;1635558;1;1;0;0.00
6400;CP;1396148;1;1;0;0.00
6400;CP;1391527;1;1;0;0.00
6400;CP;1592944;1;1;0;0.00
6400;CP;1512519;1;1;0;0.00
6400;CP;1392655;1;1;0;0.00
6400;CP;1380971;1;1;0;0.00
6400;CP;1632830;1;1;0;0.00
6400;CP;1432437;1;1;0;0.00
6400;CP;1387545;1;1;0;0.00
6400;CP;1465554;1;1;0;0.00
6400;CP;1560349;1;1;0;0.00
6400;CP;1537775;1;1;0;0.00
6400;CP;1551922;1;1;0;0.00
6400;CP;1549651;1;1;0;0.00
6400;CP;1508377;1;1;0;0.00
6400;CP;1505656;1;1;0;0.00
6400;CP;1510061;1;1;0;0.00
6400;CP;1502357;1;1;0;0.00
6400;CP;1354846;1;1;0;0.00
6400;CP;1355660;1;1;0;0.00
6400;CP;1360283;1;1;0;0.00
6400;CP;1352912;1;1;0;0.00
6400;CP;1354552;1;1;0;0.00
6400;CP;1358295;1;1;0;0.00
6400;CP;1356238;1;1;0;0.00
6400;CP;1352080;1;1;0;0.00
6400;CP;1351981;1;1;0;0.00
6400;CP;1362675;1;1;0;0.00
6400;CP;1349712;1;1;0;0.00
6400;CP;1355782;1;1;0;0.00
6400;CP;1356910;1;1;0;0.00
6400;CP;1350723;1;1;0;0.00
6400;CP;1352363;1;1;0;0.00
6400;CP;1360847;1;1;0;0.00
6400;CP;1621009;1;1;0;0.00
6400;CP;1407841;1;1;0;0.00
6400;CP;1404940;1;1;0;0.00
6400;CP;1654575;1;1;0;0.00
6400;CP;1469794;1;1;0;0.00
6400;CP;1416996;1;1;0;0.00
6400;CP;1556478;1;1;0;0.00
6400;CP;1644604;1;1;0;0.00
6400;CP;1418999;1;1;0;0.00
6400;CP;1409137;1;1;0;0.00
6400;CP;1650627;1;1;0;0.00
6400;CP;1482260;1;1;0;0.00
6400;CP;1403519;1;1;0;0.00
6400;CP;1549062;1;1;0;0.00
6400;CP;1649161;1;1;0;0.00
6400;CP;1423344;1;1;0;0.00
6400;CP;1405443;1;1;0;0.00
6400;CP;1534041;1;1;0;0.00
6400;CP;1587718;1;1;0;0.00
6400;CP;1497980;1;1;0;0.00
6400;SCP;579956;1;1;0;0.00
6400;SCP;583287;1;1;0;0.00
6400;SCP;579182;1;1;0;0.00
6400;SCP;578151;1;1;0;0.00
6400;SCP;575660;1;1;0;0.00
6400;SCP;577295;1;1;0;0.00
6400;SCP;577925;1;1;0;0.00
6400;SCP;573420;1;1;0;0.00
6400;SCP;571561;1;1;0;0.00
6400;SCP;575818;1;1;0;0.00
6400;SCP;571580;1;1;0;0.00
6400;SCP;605045;1;1;0;0.00
6400;SCP;591404;1;1;0;0.00
6400;SCP;587478;1;1;0;0.00
6400;SCP;590324;1;1;0;0.00
6400;SCP;575170;1;1;0;0.00
6400;SCP;606665;1;1;0;0.00
6400;SCP;596202;1;1;0;0.00
6400;SCP;576890;1;1;0;0.00
6400;SCP;583472;1;1;0;0.00
6400;SCP;514748;1;1;0;0.00
6400;SCP;516857;1;1;0;0.00
6400;SCP;515617;1;1;0;0.00
6400;SCP;523871;1;1;0;0.00
6400;SCP;515975;1;1;0;0.00
6400;SCP;524518;1;1;0;0.00
6400;SCP;515632;1;1;0;0.00
6400;SCP;513159;1;1;0;0.00
6400;SCP;516434;1;1;0;0.00
6400;SCP;525753;1;1;0;0.00
6400;SCP;515666;1;1;0;0.00
6400;SCP;515345;1;1;0;0.00
6400;SCP;516562;1;1;0;0.00
6400;SCP;522904;1;1;0;0.00
6400;SCP;517353;1;1;0;0.00
6400;SCP;514958;1;1;0;0.00
6400;SCP;518518;1;1;0;0.00
6400;SCP;516026;1;1;0;0.00
6400;SCP;516097;1;1;0;0.00
6400;SCP;516694;1;1;0;0.00
6400;SCP;585985;1;1;0;0.00
6400;SCP;592827;1;1;0;0.00
6400;SCP;590455;1;1;0;0.00
6400;SCP;585675;1;1;0;0.00
6400;SCP;567911;1;1;0;0.00
6400;SCP;557203;1;1;0;0.00
6400;SCP;567517;1;1;0;0.00
6400;SCP;556963;1;1;0;0.00
6400;SCP;562676;1;1;0;0.00
6400;SCP;558715;1;1;0;0.00
6400;SCP;566015;1;1;0;0.00
6400;SCP;556773;1;1;0;0.00
6400;SCP;564265;1;1;0;0.00
6400;SCP;557191;1;1;0;0.00
6400;SCP;567263;1;1;0;0.00
6400;SCP;557189;1;1;0;0.00
6400;SCP;563986;1;1;0;0.00
6400;SCP;557112;1;1;0;0.00
6400;SCP;562659;1;1;0;0.00
6400;SCP;556264;1;1;0;0.00
6400;BFDC;1487;1;1;0;3.05
6400;BFDC;1478;1;1;0;3.05
6400;BFDC;1482;1;1;0;3.05
6400;BFDC;1475;1;1;0;3.05
6400;BFDC;1486;1;1;0;3.05
6400;BFDC;1481;1;1;0;3.05
6400;BFDC;1477;1;1;0;3.05
6400;BFDC;1474;1;1;0;3.05
6400;BFDC;1476;1;1;0;3.05
6400;BFDC;1482;1;1;0;3.05
6400;BFDC;1476;1;1;0;3.05
6400;BFDC;1484;1;1;0;3.05
6400;BFDC;1477;1;1;0;3.05
6400;BFDC;1481;1;1;0;3.05
6400;BFDC;1475;1;1;0;3.05
6400;BFDC;1483;1;1;0;3.05
6400;BFDC;1478;1;1;0;3.05
6400;BFDC;1481;1;1;0;3.05
6400;BFDC;1476;1;1;0;3.05
6400;BFDC;1477;1;1;0;3.05
6400;BFDC;1342;1;1;0;2.87
6400;BFDC;1346;1;1;0;2.87
6400;BFDC;1339;1;1;0;2.87
6400;BFDC;1340;1;1;0;2.87
6400;BFDC;1340;1;1;0;2.87
6400;BFDC;1340;1;1;0;2.87
6400;BFDC;1339;1;1;0;2.87
6400;BFDC;1344;1;1;0;2.87
6400;BFDC;1344;1;1;0;2.87
6400;BFDC;1340;1;1;0;2.87
6400;BFDC;1339;1;1;0;2.87
6400;BFDC;1345;1;1;0;2.87
6400;BFDC;1341;1;1;0;2.87
6400;BFDC;1340;1;1;0;2.87
6400;BFDC;1339;1;1;0;2.87
6400;BFDC;1361;1;1;0;2.87
6400;BFDC;1340;1;1;0;2.87
6400;BFDC;1344;1;1;0;2.87
6400;BFDC;1343;1;1;0;2.87
6400;BFDC;1341;1;1;0;2.87
6400;BFDC;1342;1;1;0;2.89
6400;BFDC;1332;1;1;0;2.89
6400;BFDC;1331;1;1;0;2.89
6400;BFDC;1330;1;1;0;2.89
6400;BFDC;1331;1;1;0;2.89
6400;BFDC;1332;1;1;0;2.89
6400;BFDC;1336;1;1;0;2.89
6400;BFDC;1334;1;1;0;2.89
6400;BFDC;1332;1;1;0;2.89
6400;BFDC;1332;1;1;0;2.89
6400;BFDC;1335;1;1;0;2.89
6400;BFDC;1331;1;1;0;2.89
6400;BFDC;1333;1;1;0;2.89
6400;BFDC;1330;1;1;0;2.89
6400;BFDC;1332;1;1;0;2.89
6400;BFDC;1331;1;1;0;2.89
6400;BFDC;1331;1;1;0;2.89
6400;BFDC;1330;1;1;0;2.89
6400;BFDC;1334;1;1;0;2.89
6400;BFDC;1329;1;1;0;2.89
6400;CRA;1437789;1;1;0;991.30
6400;CRA;1434936;1;1;0;991.30
6400;CRA;1434706;1;1;0;991.30
6400;CRA;1435093;1;1;0;991.30
6400;CRA;1441253;1;1;0;991.30
6400;CRA;1434751;1;1;0;991.30
6400;CRA;1434379;1;1;0;991.30
6400;CRA;1434352;1;1;0;991.30
6400;CRA;1434657;1;1;0;991.30
6400;CRA;1434137;1;1;0;991.30
6400;CRA;1433637;1;1;0;991.30
6400;CRA;1434942;1;1;0;991.30
6400;CRA;1434876;1;1;0;991.30
6400;CRA;1434829;1;1;0;991.30
6400;CRA;1433913;1;1;0;991.30
6400;CRA;1441464;1;1;0;991.30
6400;CRA;1434460;1;1;0;991.30
6400;CRA;1433569;1;1;0;991.30
6400;CRA;1434698;1;1;0;991.30
6400;CRA;1434526;1;1;0;991.30
6400;CRA;1428114;1;1;0;1012.55
6400;CRA;1416899;1;1;0;1012.55
6400;CRA;1418231;1;1;0;1012.55
6400;CRA;1420701;1;1;0;1012.55
6400;CRA;1419602;1;1;0;1012.55
6400;CRA;1418715;1;1;0;1012.55
6400;CRA;1419152;1;1;0;1012.55
6400;CRA;1418703;1;1;0;1012.55
6400;CRA;1416931;1;1;0;1012.55
6400;CRA;1416805;1;1;0;1012.55
6400;CRA;1423335;1;1;0;1012.55
6400;CRA;1416913;1;1;0;1012.55
6400;CRA;1417038;1;1;0;1012.55
6400;CRA;1416345;1;1;0;1012.55
6400;CRA;1416815;1;1;0;1012.55
6400;CRA;1416652;1;1;0;1012.55
6400;CRA;1416604;1;1;0;1012.55
6400;CRA;1417218;1;1;0;1012.55
6400;CRA;1421848;1;1;0;1012.55
6400;CRA;1423227;1;1;0;1012.55
6400;CRA;1642862;1;1;0;1137.75
6400;CRA;1643588;1;1;0;1137.75
6400;CRA;1638033;1;1;0;1137.75
6400;CRA;1637951;1;1;0;1137.75
6400;CRA;1637438;1;1;0;1137.75
6400;CRA;1637296;1;1;0;1137.75
6400;CRA;1644868;1;1;0;1137.75
6400;CRA;1647529;1;1;0;1137.75
6400;CRA;1638920;1;1;0;1137.75
6400;CRA;1643937;1;1;0;1137.75
6400;CRA;1638007;1;1;0;1137.75
6400;CRA;1638184;1;1;0;1137.75
6400;CRA;1638403;1;1;0;1137.75
6400;CRA;1643198;1;1;0;1137.75
6400;CRA;1638154;1;1;0;1137.75
6400;CRA;1637620;1;1;0;1137.75
6400;CRA;1641340;1;1;0;1137.75
6400;CRA;1650268;1;1;0;1137.75
6400;CRA;1643744;1;1;0;1137.75
6400;CRA;1638319;1;1;0;1137.75
