Size;Method;Time;Status;Solution;Timeout;Scans
80;RULT;16738;0;0;0;61.56
80;RULT;16731;0;0;0;61.56
80;RULT;16731;0;0;0;61.56
80;RULT;16737;0;0;0;61.56
80;RULT;16745;0;0;0;61.56
80;RULT;16749;0;0;0;61.56
80;RULT;16746;0;0;0;61.56
80;RULT;16735;0;0;0;61.56
80;RULT;16722;0;0;0;61.56
80;RULT;16738;0;0;0;61.56
80;RULT;16745;0;0;0;61.56
80;RULT;16759;0;0;0;61.56
80;RULT;16754;0;0;0;61.56
80;RULT;16724;0;0;0;61.56
80;RULT;16744;0;0;0;61.56
80;RULT;16747;0;0;0;61.56
80;RULT;16741;0;0;0;61.56
80;RULT;16747;0;0;0;61.56
80;RULT;16730;0;0;0;61.56
80;RULT;16746;0;0;0;61.56
80;RULT;15712;0;0;0;62.97
80;RULT;15689;0;0;0;62.97
80;RULT;15731;0;0;0;62.97
80;RULT;15701;0;0;0;62.97
80;RULT;15698;0;0;0;62.97
80;RULT;15685;0;0;0;62.97
80;RULT;15688;0;0;0;62.97
80;RULT;15703;0;0;0;62.97
80;RULT;15701;0;0;0;62.97
80;RULT;15711;0;0;0;62.97
80;RULT;15703;0;0;0;62.97
80;RULT;15707;0;0;0;62.97
80;RULT;15685;0;0;0;62.97
80;RULT;15700;0;0;0;62.97
80;RULT;15697;0;0;0;62.97
80;RULT;15685;0;0;0;62.97
80;RULT;15699;0;0;0;62.97
80;RULT;15687;0;0;0;62.97
80;RULT;15671;0;0;0;62.97
80;RULT;15688;0;0;0;62.97
80;SCP;199390;0;0;0;0.00
80;SCP;197621;0;0;0;0.00
80;SCP;198492;0;0;0;0.00
80;SCP;196220;0;0;0;0.00
80;SCP;200722;0;0;0;0.00
80;SCP;201474;0;0;0;0.00
80;SCP;199722;0;0;0;0.00
80;SCP;199549;0;0;0;0.00
80;SCP;199670;0;0;0;0.00
80;SCP;199365;0;0;0;0.00
80;SCP;199873;0;0;0;0.00
80;SCP;197572;0;0;0;0.00
80;SCP;198401;0;0;0;0.00
80;SCP;197608;0;0;0;0.00
80;SCP;200366;0;0;0;0.00
80;SCP;200856;0;0;0;0.00
80;SCP;199606;0;0;0;0.00
80;SCP;199543;0;0;0;0.00
80;SCP;199725;0;0;0;0.00
80;SCP;199671;0;0;0;0.00
80;SCP;187171;0;0;0;0.00
80;SCP;187805;0;0;0;0.00
80;SCP;188211;0;0;0;0.00
80;SCP;191384;0;0;0;0.00
80;SCP;190860;0;0;0;0.00
80;SCP;190986;0;0;0;0.00
80;SCP;188253;0;0;0;0.00
80;SCP;186832;0;0;0;0.00
80;SCP;190570;0;0;0;0.00
80;SCP;191384;0;0;0;0.00
80;SCP;190464;0;0;0;0.00
80;SCP;189393;0;0;0;0.00
80;SCP;188941;0;0;0;0.00
80;SCP;190208;0;0;0;0.00
80;SCP;190306;0;0;0;0.00
80;SCP;190271;0;0;0;0.00
80;SCP;191278;0;0;0;0.00
80;SCP;188424;0;0;0;0.00
80;SCP;187616;0;0;0;0.00
80;SCP;188577;0;0;0;0.00
80;BFDC;1387;0;0;0;7.96
80;BFDC;1386;0;0;0;7.96
80;BFDC;1380;0;0;0;7.96
80;BFDC;1387;0;0;0;7.96
80;BFDC;1380;0;0;0;7.96
80;BFDC;1382;0;0;0;7.96
80;BFDC;1386;0;0;0;7.96
80;BFDC;1382;0;0;0;7.96
80;BFDC;1381;0;0;0;7.96
80;BFDC;1381;0;0;0;7.96
80;BFDC;1380;0;0;0;7.96
80;BFDC;1390;0;0;0;7.96
80;BFDC;1383;0;0;0;7.96
80;BFDC;1385;0;0;0;7.96
80;BFDC;1402;0;0;0;7.96
80;BFDC;1383;0;0;0;7.96
80;BFDC;1390;0;0;0;7.96
80;BFDC;1386;0;0;0;7.96
80;BFDC;1381;0;0;0;7.96
80;BFDC;1388;0;0;0;7.96
80;BFDC;940;0;0;0;5.49
80;BFDC;953;0;0;0;5.49
80;BFDC;947;0;0;0;5.49
80;BFDC;946;0;0;0;5.49
80;BFDC;946;0;0;0;5.49
80;BFDC;935;0;0;0;5.49
80;BFDC;935;0;0;0;5.49
80;BFDC;936;0;0;0;5.49
80;BFDC;943;0;0;0;5.49
80;BFDC;935;0;0;0;5.49
80;BFDC;936;0;0;0;5.49
80;BFDC;936;0;0;0;5.49
80;BFDC;949;0;0;0;5.49
80;BFDC;947;0;0;0;5.49
80;BFDC;948;0;0;0;5.49
80;BFDC;945;0;0;0;5.49
80;BFDC;941;0;0;0;5.49
80;BFDC;935;0;0;0;5.49
80;BFDC;937;0;0;0;5.49
80;BFDC;946;0;0;0;5.49
80;CRA;773307;0;0;0;2782.30
80;CRA;770125;0;0;0;2782.30
80;CRA;770358;0;0;0;2782.30
80;CRA;770156;0;0;0;2782.30
80;CRA;770263;0;0;0;2782.30
80;CRA;770192;0;0;0;2782.30
80;CRA;770197;0;0;0;2782.30
80;CRA;770181;0;0;0;2782.30
80;CRA;771806;0;0;0;2782.30
80;CRA;775819;0;0;0;2782.30
80;CRA;775689;0;0;0;2782.30
80;CRA;776267;0;0;0;2782.30
80;CRA;776026;0;0;0;2782.30
80;CRA;776046;0;0;0;2782.30
80;CRA;780523;0;0;0;2782.30
80;CRA;777255;0;0;0;2782.30
80;CRA;776926;0;0;0;2782.30
80;CRA;776965;0;0;0;2782.30
80;CRA;777207;0;0;0;2782.30
80;CRA;776460;0;0;0;2782.30
80;CRA;738158;0;0;0;2609.68
80;CRA;739086;0;0;0;2609.68
80;CRA;735546;0;0;0;2609.68
80;CRA;735959;0;0;0;2609.68
80;CRA;738871;0;0;0;2609.68
80;CRA;735699;0;0;0;2609.68
80;CRA;737239;0;0;0;2609.68
80;CRA;742088;0;0;0;2609.68
80;CRA;734746;0;0;0;2609.68
80;CRA;738061;0;0;0;2609.68
80;CRA;737414;0;0;0;2609.68
80;CRA;735274;0;0;0;2609.68
80;CRA;735509;0;0;0;2609.68
80;CRA;735528;0;0;0;2609.68
80;CRA;735287;0;0;0;2609.68
80;CRA;735344;0;0;0;2609.68
80;CRA;735444;0;0;0;2609.68
80;CRA;735280;0;0;0;2609.68
80;CRA;735064;0;0;0;2609.68
80;CRA;735069;0;0;0;2609.68
90;RULT;17745;0;0;0;61.05
90;RULT;17763;0;0;0;61.05
90;RULT;17707;0;0;0;61.05
90;RULT;17738;0;0;0;61.05
90;RULT;17711;0;0;0;61.05
90;RULT;17705;0;0;0;61.05
90;RULT;17744;0;0;0;61.05
90;RULT;17712;0;0;0;61.05
90;RULT;17719;0;0;0;61.05
90;RULT;17734;0;0;0;61.05
90;RULT;17716;0;0;0;61.05
90;RULT;17703;0;0;0;61.05
90;RULT;17716;0;0;0;61.05
90;RULT;17717;0;0;0;61.05
90;RULT;17719;0;0;0;61.05
90;RULT;17706;0;0;0;61.05
90;RULT;17710;0;0;0;61.05
90;RULT;17733;0;0;0;61.05
90;RULT;17725;0;0;0;61.05
90;RULT;17781;0;0;0;61.05
90;RULT;17567;0;0;0;66.83
90;RULT;17460;0;0;0;66.83
90;RULT;17479;0;0;0;66.83
90;RULT;17458;0;0;0;66.83
90;RULT;17470;0;0;0;66.83
90;RULT;17450;0;0;0;66.83
90;RULT;17458;0;0;0;66.83
90;RULT;17457;0;0;0;66.83
90;RULT;17478;0;0;0;66.83
90;RULT;17465;0;0;0;66.83
90;RULT;17474;0;0;0;66.83
90;RULT;17481;0;0;0;66.83
90;RULT;17458;0;0;0;66.83
90;RULT;17472;0;0;0;66.83
90;RULT;17448;0;0;0;66.83
90;RULT;17452;0;0;0;66.83
90;RULT;17459;0;0;0;66.83
90;RULT;17446;0;0;0;66.83
90;RULT;17452;0;0;0;66.83
90;RULT;17460;0;0;0;66.83
90;SCP;199872;0;0;0;0.00
90;SCP;202557;0;0;0;0.00
90;SCP;201294;0;0;0;0.00
90;SCP;200370;0;0;0;0.00
90;SCP;200831;0;0;0;0.00
90;SCP;200871;0;0;0;0.00
90;SCP;200298;0;0;0;0.00
90;SCP;200768;0;0;0;0.00
90;SCP;199246;0;0;0;0.00
90;SCP;199449;0;0;0;0.00
90;SCP;199354;0;0;0;0.00
90;SCP;202295;0;0;0;0.00
90;SCP;201301;0;0;0;0.00
90;SCP;201732;0;0;0;0.00
90;SCP;200288;0;0;0;0.00
90;SCP;200994;0;0;0;0.00
90;SCP;200729;0;0;0;0.00
90;SCP;200671;0;0;0;0.00
90;SCP;199461;0;0;0;0.00
90;SCP;199097;0;0;0;0.00
90;SCP;209806;0;0;0;0.00
90;SCP;209971;0;0;0;0.00
90;SCP;212885;0;0;0;0.00
90;SCP;215311;0;0;0;0.00
90;SCP;210083;0;0;0;0.00
90;SCP;207791;0;0;0;0.00
90;SCP;214106;0;0;0;0.00
90;SCP;217825;0;0;0;0.00
90;SCP;212067;0;0;0;0.00
90;SCP;209343;0;0;0;0.00
90;SCP;210263;0;0;0;0.00
90;SCP;212737;0;0;0;0.00
90;SCP;215050;0;0;0;0.00
90;SCP;210978;0;0;0;0.00
90;SCP;208651;0;0;0;0.00
90;SCP;210503;0;0;0;0.00
90;SCP;212140;0;0;0;0.00
90;SCP;215963;0;0;0;0.00
90;SCP;211780;0;0;0;0.00
90;SCP;212156;0;0;0;0.00
90;BFDC;1285;0;0;0;7.25
90;BFDC;1274;0;0;0;7.25
90;BFDC;1274;0;0;0;7.25
90;BFDC;1280;0;0;0;7.25
90;BFDC;1274;0;0;0;7.25
90;BFDC;1276;0;0;0;7.25
90;BFDC;1284;0;0;0;7.25
90;BFDC;1274;0;0;0;7.25
90;BFDC;1280;0;0;0;7.25
90;BFDC;1273;0;0;0;7.25
90;BFDC;1274;0;0;0;7.25
90;BFDC;1278;0;0;0;7.25
90;BFDC;1272;0;0;0;7.25
90;BFDC;1273;0;0;0;7.25
90;BFDC;1278;0;0;0;7.25
90;BFDC;1273;0;0;0;7.25
90;BFDC;1275;0;0;0;7.25
90;BFDC;1281;0;0;0;7.25
90;BFDC;1273;0;0;0;7.25
90;BFDC;1273;0;0;0;7.25
90;BFDC;1197;0;0;0;6.81
90;BFDC;1194;0;0;0;6.81
90;BFDC;1202;0;0;0;6.81
90;BFDC;1194;0;0;0;6.81
90;BFDC;1193;0;0;0;6.81
90;BFDC;1205;0;0;0;6.81
90;BFDC;1192;0;0;0;6.81
90;BFDC;1193;0;0;0;6.81
90;BFDC;1201;0;0;0;6.81
90;BFDC;1193;0;0;0;6.81
90;BFDC;1191;0;0;0;6.81
90;BFDC;1198;0;0;0;6.81
90;BFDC;1193;0;0;0;6.81
90;BFDC;1195;0;0;0;6.81
90;BFDC;1201;0;0;0;6.81
90;BFDC;1195;0;0;0;6.81
90;BFDC;1193;0;0;0;6.81
90;BFDC;1202;0;0;0;6.81
90;BFDC;1195;0;0;0;6.81
90;BFDC;1194;0;0;0;6.81
90;CRA;849208;0;0;0;3189.60
90;CRA;844713;0;0;0;3189.60
90;CRA;844634;0;0;0;3189.60
90;CRA;844620;0;0;0;3189.60
90;CRA;844670;0;0;0;3189.60
90;CRA;844466;0;0;0;3189.60
90;CRA;842763;0;0;0;3189.60
90;CRA;850386;0;0;0;3189.60
90;CRA;845443;0;0;0;3189.60
90;CRA;844531;0;0;0;3189.60
90;CRA;845771;0;0;0;3189.60
90;CRA;844689;0;0;0;3189.60
90;CRA;844685;0;0;0;3189.60
90;CRA;844695;0;0;0;3189.60
90;CRA;844731;0;0;0;3189.60
90;CRA;844504;0;0;0;3189.60
90;CRA;845068;0;0;0;3189.60
90;CRA;844371;0;0;0;3189.60
90;CRA;844925;0;0;0;3189.60
90;CRA;844664;0;0;0;3189.60
90;CRA;755429;0;0;0;2684.99
90;CRA;751180;0;0;0;2684.99
90;CRA;755644;0;0;0;2684.99
90;CRA;750070;0;0;0;2684.99
90;CRA;753071;0;0;0;2684.99
90;CRA;755348;0;0;0;2684.99
90;CRA;749100;0;0;0;2684.99
90;CRA;754409;0;0;0;2684.99
90;CRA;752732;0;0;0;2684.99
90;CRA;749247;0;0;0;2684.99
90;CRA;755485;0;0;0;2684.99
90;CRA;752032;0;0;0;2684.99
90;CRA;752753;0;0;0;2684.99
90;CRA;755563;0;0;0;2684.99
90;CRA;751004;0;0;0;2684.99
90;CRA;753937;0;0;0;2684.99
90;CRA;753711;0;0;0;2684.99
90;CRA;748284;0;0;0;2684.99
90;CRA;755025;0;0;0;2684.99
90;CRA;751534;0;0;0;2684.99
60;RULT;13949;0;0;0;48.84
60;RULT;13942;0;0;0;48.84
60;RULT;13939;0;0;0;48.84
60;RULT;13954;0;0;0;48.84
60;RULT;13950;0;0;0;48.84
60;RULT;13940;0;0;0;48.84
60;RULT;13950;0;0;0;48.84
60;RULT;13939;0;0;0;48.84
60;RULT;13970;0;0;0;48.84
60;RULT;13935;0;0;0;48.84
60;RULT;13927;0;0;0;48.84
60;RULT;13943;0;0;0;48.84
60;RULT;13935;0;0;0;48.84
60;RULT;13944;0;0;0;48.84
60;RULT;13975;0;0;0;48.84
60;RULT;13968;0;0;0;48.84
60;RULT;13940;0;0;0;48.84
60;RULT;13960;0;0;0;48.84
60;RULT;13944;0;0;0;48.84
60;RULT;13948;0;0;0;48.84
60;RULT;10624;0;0;0;38.20
60;RULT;10618;0;0;0;38.20
60;RULT;10615;0;0;0;38.20
60;RULT;10617;0;0;0;38.20
60;RULT;10611;0;0;0;38.20
60;RULT;10611;0;0;0;38.20
60;RULT;10626;0;0;0;38.20
60;RULT;10599;0;0;0;38.20
60;RULT;10617;0;0;0;38.20
60;RULT;10657;0;0;0;38.20
60;RULT;10618;0;0;0;38.20
60;RULT;10596;0;0;0;38.20
60;RULT;10619;0;0;0;38.20
60;RULT;10610;0;0;0;38.20
60;RULT;10638;0;0;0;38.20
60;RULT;10604;0;0;0;38.20
60;RULT;10604;0;0;0;38.20
60;RULT;10591;0;0;0;38.20
60;RULT;10618;0;0;0;38.20
60;RULT;10606;0;0;0;38.20
60;SCP;157994;0;0;0;0.00
60;SCP;155167;0;0;0;0.00
60;SCP;155045;0;0;0;0.00
60;SCP;161862;0;0;0;0.00
60;SCP;160053;0;0;0;0.00
60;SCP;160511;0;0;0;0.00
60;SCP;160725;0;0;0;0.00
60;SCP;160165;0;0;0;0.00
60;SCP;160308;0;0;0;0.00
60;SCP;160661;0;0;0;0.00
60;SCP;160044;0;0;0;0.00
60;SCP;160057;0;0;0;0.00
60;SCP;157467;0;0;0;0.00
60;SCP;155297;0;0;0;0.00
60;SCP;158005;0;0;0;0.00
60;SCP;160120;0;0;0;0.00
60;SCP;160170;0;0;0;0.00
60;SCP;160784;0;0;0;0.00
60;SCP;161061;0;0;0;0.00
60;SCP;160238;0;0;0;0.00
60;SCP;163079;0;0;0;0.00
60;SCP;163707;0;0;0;0.00
60;SCP;163465;0;0;0;0.00
60;SCP;165649;0;0;0;0.00
60;SCP;165132;0;0;0;0.00
60;SCP;164746;0;0;0;0.00
60;SCP;160597;0;0;0;0.00
60;SCP;163826;0;0;0;0.00
60;SCP;162357;0;0;0;0.00
60;SCP;163393;0;0;0;0.00
60;SCP;164754;0;0;0;0.00
60;SCP;163428;0;0;0;0.00
60;SCP;162474;0;0;0;0.00
60;SCP;164494;0;0;0;0.00
60;SCP;164801;0;0;0;0.00
60;SCP;164957;0;0;0;0.00
60;SCP;164057;0;0;0;0.00
60;SCP;164725;0;0;0;0.00
60;SCP;160672;0;0;0;0.00
60;SCP;160372;0;0;0;0.00
60;BFDC;762;0;0;0;4.67
60;BFDC;759;0;0;0;4.67
60;BFDC;767;0;0;0;4.67
60;BFDC;762;0;0;0;4.67
60;BFDC;760;0;0;0;4.67
60;BFDC;760;0;0;0;4.67
60;BFDC;769;0;0;0;4.67
60;BFDC;769;0;0;0;4.67
60;BFDC;769;0;0;0;4.67
60;BFDC;760;0;0;0;4.67
60;BFDC;760;0;0;0;4.67
60;BFDC;761;0;0;0;4.67
60;BFDC;761;0;0;0;4.67
60;BFDC;761;0;0;0;4.67
60;BFDC;766;0;0;0;4.67
60;BFDC;776;0;0;0;4.67
60;BFDC;770;0;0;0;4.67
60;BFDC;770;0;0;0;4.67
60;BFDC;769;0;0;0;4.67
60;BFDC;760;0;0;0;4.67
60;BFDC;850;0;0;0;5.12
60;BFDC;846;0;0;0;5.12
60;BFDC;847;0;0;0;5.12
60;BFDC;852;0;0;0;5.12
60;BFDC;856;0;0;0;5.12
60;BFDC;857;0;0;0;5.12
60;BFDC;855;0;0;0;5.12
60;BFDC;855;0;0;0;5.12
60;BFDC;846;0;0;0;5.12
60;BFDC;844;0;0;0;5.12
60;BFDC;845;0;0;0;5.12
60;BFDC;846;0;0;0;5.12
60;BFDC;851;0;0;0;5.12
60;BFDC;857;0;0;0;5.12
60;BFDC;855;0;0;0;5.12
60;BFDC;856;0;0;0;5.12
60;BFDC;860;0;0;0;5.12
60;BFDC;852;0;0;0;5.12
60;BFDC;849;0;0;0;5.12
60;BFDC;855;0;0;0;5.12
60;CRA;792044;0;0;0;2832.79
60;CRA;793094;0;0;0;2832.79
60;CRA;788585;0;0;0;2832.79
60;CRA;788769;0;0;0;2832.79
60;CRA;788614;0;0;0;2832.79
60;CRA;788503;0;0;0;2832.79
60;CRA;788759;0;0;0;2832.79
60;CRA;789096;0;0;0;2832.79
60;CRA;790030;0;0;0;2832.79
60;CRA;788636;0;0;0;2832.79
60;CRA;788908;0;0;0;2832.79
60;CRA;793626;0;0;0;2832.79
60;CRA;791632;0;0;0;2832.79
60;CRA;791444;0;0;0;2832.79
60;CRA;793698;0;0;0;2832.79
60;CRA;789244;0;0;0;2832.79
60;CRA;793045;0;0;0;2832.79
60;CRA;793340;0;0;0;2832.79
60;CRA;790945;0;0;0;2832.79
60;CRA;793623;0;0;0;2832.79
60;CRA;701257;0;0;0;2369.81
60;CRA;698754;0;0;0;2369.81
60;CRA;694527;0;0;0;2369.81
60;CRA;697535;0;0;0;2369.81
60;CRA;698677;0;0;0;2369.81
60;CRA;694265;0;0;0;2369.81
60;CRA;697909;0;0;0;2369.81
60;CRA;698475;0;0;0;2369.81
60;CRA;696496;0;0;0;2369.81
60;CRA;696653;0;0;0;2369.81
60;CRA;696371;0;0;0;2369.81
60;CRA;695504;0;0;0;2369.81
60;CRA;695593;0;0;0;2369.81
60;CRA;695680;0;0;0;2369.81
60;CRA;695713;0;0;0;2369.81
60;CRA;695876;0;0;0;2369.81
60;CRA;696019;0;0;0;2369.81
60;CRA;695498;0;0;0;2369.81
60;CRA;695597;0;0;0;2369.81
60;CRA;695593;0;0;0;2369.81
5;RULT;2076;0;0;0;6.64
5;RULT;2072;0;0;0;6.64
5;RULT;2076;0;0;0;6.64
5;RULT;2070;0;0;0;6.64
5;RULT;2074;0;0;0;6.64
5;RULT;2079;0;0;0;6.64
5;RULT;2076;0;0;0;6.64
5;RULT;2069;0;0;0;6.64
5;RULT;2075;0;0;0;6.64
5;RULT;2079;0;0;0;6.64
5;RULT;2068;0;0;0;6.64
5;RULT;2077;0;0;0;6.64
5;RULT;2080;0;0;0;6.64
5;RULT;2070;0;0;0;6.64
5;RULT;2074;0;0;0;6.64
5;RULT;2078;0;0;0;6.64
5;RULT;2073;0;0;0;6.64
5;RULT;2074;0;0;0;6.64
5;RULT;2076;0;0;0;6.64
5;RULT;2077;0;0;0;6.64
5;RULT;1327;0;0;0;6.00
5;RULT;1332;0;0;0;6.00
5;RULT;1319;0;0;0;6.00
5;RULT;1325;0;0;0;6.00
5;RULT;1318;0;0;0;6.00
5;RULT;1323;0;0;0;6.00
5;RULT;1322;0;0;0;6.00
5;RULT;1322;0;0;0;6.00
5;RULT;1318;0;0;0;6.00
5;RULT;1326;0;0;0;6.00
5;RULT;1322;0;0;0;6.00
5;RULT;1329;0;0;0;6.00
5;RULT;1319;0;0;0;6.00
5;RULT;1325;0;0;0;6.00
5;RULT;1322;0;0;0;6.00
5;RULT;1323;0;0;0;6.00
5;RULT;1317;0;0;0;6.00
5;RULT;1322;0;0;0;6.00
5;RULT;1318;0;0;0;6.00
5;RULT;1322;0;0;0;6.00
5;ILP;189288;0;0;0;0.00
5;ILP;191653;0;0;0;0.00
5;ILP;192423;0;0;0;0.00
5;ILP;189676;0;0;0;0.00
5;ILP;190794;0;0;0;0.00
5;ILP;190475;0;0;0;0.00
5;ILP;191637;0;0;0;0.00
5;ILP;194350;0;0;0;0.00
5;ILP;195786;0;0;0;0.00
5;ILP;190218;0;0;0;0.00
5;ILP;190411;0;0;0;0.00
5;ILP;192525;0;0;0;0.00
5;ILP;191931;0;0;0;0.00
5;ILP;191829;0;0;0;0.00
5;ILP;188800;0;0;0;0.00
5;ILP;190610;0;0;0;0.00
5;ILP;192537;0;0;0;0.00
5;ILP;193954;0;0;0;0.00
5;ILP;191242;0;0;0;0.00
5;ILP;189354;0;0;0;0.00
5;ILP;58800;0;0;0;0.00
5;ILP;57480;0;0;0;0.00
5;ILP;56806;0;0;0;0.00
5;ILP;57492;0;0;0;0.00
5;ILP;56894;0;0;0;0.00
5;ILP;58305;0;0;0;0.00
5;ILP;57032;0;0;0;0.00
5;ILP;58537;0;0;0;0.00
5;ILP;57847;0;0;0;0.00
5;ILP;57178;0;0;0;0.00
5;ILP;57291;0;0;0;0.00
5;ILP;58843;0;0;0;0.00
5;ILP;57960;0;0;0;0.00
5;ILP;57133;0;0;0;0.00
5;ILP;58110;0;0;0;0.00
5;ILP;58231;0;0;0;0.00
5;ILP;57885;0;0;0;0.00
5;ILP;57163;0;0;0;0.00
5;ILP;58216;0;0;0;0.00
5;ILP;57009;0;0;0;0.00
5;CP;140672;0;0;0;0.00
5;CP;142035;0;0;0;0.00
5;CP;143351;0;0;0;0.00
5;CP;145760;0;0;0;0.00
5;CP;149859;0;0;0;0.00
5;CP;153038;0;0;0;0.00
5;CP;147757;0;0;0;0.00
5;CP;150156;0;0;0;0.00
5;CP;155877;0;0;0;0.00
5;CP;145462;0;0;0;0.00
5;CP;153121;0;0;0;0.00
5;CP;151759;0;0;0;0.00
5;CP;146144;0;0;0;0.00
5;CP;151585;0;0;0;0.00
5;CP;153638;0;0;0;0.00
5;CP;146188;0;0;0;0.00
5;CP;153023;0;0;0;0.00
5;CP;150975;0;0;0;0.00
5;CP;148115;0;0;0;0.00
5;CP;153169;0;0;0;0.00
5;CP;139598;0;0;0;0.00
5;CP;139334;0;0;0;0.00
5;CP;140469;0;0;0;0.00
5;CP;140044;0;0;0;0.00
5;CP;139870;0;0;0;0.00
5;CP;139305;0;0;0;0.00
5;CP;140019;0;0;0;0.00
5;CP;138518;0;0;0;0.00
5;CP;140298;0;0;0;0.00
5;CP;141561;0;0;0;0.00
5;CP;152084;0;0;0;0.00
5;CP;151035;0;0;0;0.00
5;CP;143861;0;0;0;0.00
5;CP;150903;0;0;0;0.00
5;CP;150574;0;0;0;0.00
5;CP;147601;0;0;0;0.00
5;CP;152010;0;0;0;0.00
5;CP;145959;0;0;0;0.00
5;CP;147810;0;0;0;0.00
5;CP;151917;0;0;0;0.00
5;SCP;70981;0;0;0;0.00
5;SCP;70840;0;0;0;0.00
5;SCP;72742;0;0;0;0.00
5;SCP;70637;0;0;0;0.00
5;SCP;70857;0;0;0;0.00
5;SCP;72227;0;0;0;0.00
5;SCP;71146;0;0;0;0.00
5;SCP;71223;0;0;0;0.00
5;SCP;72915;0;0;0;0.00
5;SCP;70924;0;0;0;0.00
5;SCP;69353;0;0;0;0.00
5;SCP;72889;0;0;0;0.00
5;SCP;71052;0;0;0;0.00
5;SCP;69853;0;0;0;0.00
5;SCP;73552;0;0;0;0.00
5;SCP;71482;0;0;0;0.00
5;SCP;70854;0;0;0;0.00
5;SCP;71819;0;0;0;0.00
5;SCP;71293;0;0;0;0.00
5;SCP;70745;0;0;0;0.00
5;SCP;73247;0;0;0;0.00
5;SCP;72460;0;0;0;0.00
5;SCP;74829;0;0;0;0.00
5;SCP;74299;0;0;0;0.00
5;SCP;73618;0;0;0;0.00
5;SCP;74726;0;0;0;0.00
5;SCP;72831;0;0;0;0.00
5;SCP;73028;0;0;0;0.00
5;SCP;75330;0;0;0;0.00
5;SCP;73331;0;0;0;0.00
5;SCP;71939;0;0;0;0.00
5;SCP;75115;0;0;0;0.00
5;SCP;73553;0;0;0;0.00
5;SCP;73820;0;0;0;0.00
5;SCP;75316;0;0;0;0.00
5;SCP;74165;0;0;0;0.00
5;SCP;73685;0;0;0;0.00
5;SCP;74273;0;0;0;0.00
5;SCP;73675;0;0;0;0.00
5;SCP;74076;0;0;0;0.00
5;KAB;409602;0;0;0;0.00
5;KAB;409364;0;0;0;0.00
5;KAB;408402;0;0;0;0.00
5;KAB;408245;0;0;0;0.00
5;KAB;409288;0;0;0;0.00
5;KAB;407958;0;0;0;0.00
5;KAB;409389;0;0;0;0.00
5;KAB;409206;0;0;0;0.00
5;KAB;410134;0;0;0;0.00
5;KAB;408414;0;0;0;0.00
5;KAB;406569;0;0;0;0.00
5;KAB;408444;0;0;0;0.00
5;KAB;408150;0;0;0;0.00
5;KAB;409070;0;0;0;0.00
5;KAB;408407;0;0;0;0.00
5;KAB;406240;0;0;0;0.00
5;KAB;408775;0;0;0;0.00
5;KAB;407975;0;0;0;0.00
5;KAB;408946;0;0;0;0.00
5;KAB;408316;0;0;0;0.00
5;KAB;983417;0;0;0;0.00
5;KAB;975398;0;0;0;0.00
5;KAB;979073;0;0;0;0.00
5;KAB;964559;0;0;0;0.00
5;KAB;971845;0;0;0;0.00
5;KAB;962180;0;0;0;0.00
5;KAB;971655;0;0;0;0.00
5;KAB;960732;0;0;0;0.00
5;KAB;972315;0;0;0;0.00
5;KAB;960354;0;0;0;0.00
5;KAB;972751;0;0;0;0.00
5;KAB;959508;0;0;0;0.00
5;KAB;975550;0;0;0;0.00
5;KAB;963442;0;0;0;0.00
5;KAB;971654;0;0;0;0.00
5;KAB;965085;0;0;0;0.00
5;KAB;971478;0;0;0;0.00
5;KAB;969142;0;0;0;0.00
5;KAB;971323;0;0;0;0.00
5;KAB;972041;0;0;0;0.00
5;BFDC;348;0;0;0;2.77
5;BFDC;348;0;0;0;2.77
5;BFDC;348;0;0;0;2.77
5;BFDC;349;0;0;0;2.77
5;BFDC;348;0;0;0;2.77
5;BFDC;348;0;0;0;2.77
5;BFDC;348;0;0;0;2.77
5;BFDC;352;0;0;0;2.77
5;BFDC;348;0;0;0;2.77
5;BFDC;348;0;0;0;2.77
5;BFDC;348;0;0;0;2.77
5;BFDC;348;0;0;0;2.77
5;BFDC;348;0;0;0;2.77
5;BFDC;347;0;0;0;2.77
5;BFDC;348;0;0;0;2.77
5;BFDC;354;0;0;0;2.77
5;BFDC;347;0;0;0;2.77
5;BFDC;347;0;0;0;2.77
5;BFDC;347;0;0;0;2.77
5;BFDC;347;0;0;0;2.77
5;BFDC;168;0;0;0;1.37
5;BFDC;167;0;0;0;1.37
5;BFDC;167;0;0;0;1.37
5;BFDC;167;0;0;0;1.37
5;BFDC;167;0;0;0;1.37
5;BFDC;167;0;0;0;1.37
5;BFDC;167;0;0;0;1.37
5;BFDC;167;0;0;0;1.37
5;BFDC;167;0;0;0;1.37
5;BFDC;167;0;0;0;1.37
5;BFDC;167;0;0;0;1.37
5;BFDC;167;0;0;0;1.37
5;BFDC;168;0;0;0;1.37
5;BFDC;167;0;0;0;1.37
5;BFDC;166;0;0;0;1.37
5;BFDC;167;0;0;0;1.37
5;BFDC;167;0;0;0;1.37
5;BFDC;166;0;0;0;1.37
5;BFDC;167;0;0;0;1.37
5;BFDC;167;0;0;0;1.37
5;CRA;538623;0;0;0;1591.94
5;CRA;535767;0;0;0;1591.94
5;CRA;535055;0;0;0;1591.94
5;CRA;536031;0;0;0;1591.94
5;CRA;535199;0;0;0;1591.94
5;CRA;535747;0;0;0;1591.94
5;CRA;534997;0;0;0;1591.94
5;CRA;535941;0;0;0;1591.94
5;CRA;535080;0;0;0;1591.94
5;CRA;535640;0;0;0;1591.94
5;CRA;535024;0;0;0;1591.94
5;CRA;535972;0;0;0;1591.94
5;CRA;535112;0;0;0;1591.94
5;CRA;535596;0;0;0;1591.94
5;CRA;535026;0;0;0;1591.94
5;CRA;536049;0;0;0;1591.94
5;CRA;535783;0;0;0;1591.94
5;CRA;534884;0;0;0;1591.94
5;CRA;535899;0;0;0;1591.94
5;CRA;535108;0;0;0;1591.94
5;CRA;52410;0;0;0;138.68
5;CRA;52110;0;0;0;138.68
5;CRA;51935;0;0;0;138.68
5;CRA;51943;0;0;0;138.68
5;CRA;51940;0;0;0;138.68
5;CRA;51926;0;0;0;138.68
5;CRA;51965;0;0;0;138.68
5;CRA;51948;0;0;0;138.68
5;CRA;51937;0;0;0;138.68
5;CRA;51922;0;0;0;138.68
5;CRA;51949;0;0;0;138.68
5;CRA;51941;0;0;0;138.68
5;CRA;51939;0;0;0;138.68
5;CRA;51930;0;0;0;138.68
5;CRA;51950;0;0;0;138.68
5;CRA;51949;0;0;0;138.68
5;CRA;52012;0;0;0;138.68
5;CRA;52095;0;0;0;138.68
5;CRA;52155;0;0;0;138.68
5;CRA;52165;0;0;0;138.68
50;RULT;10253;0;0;0;35.34
50;RULT;10243;0;0;0;35.34
50;RULT;10217;0;0;0;35.34
50;RULT;10209;0;0;0;35.34
50;RULT;10212;0;0;0;35.34
50;RULT;10203;0;0;0;35.34
50;RULT;10207;0;0;0;35.34
50;RULT;10227;0;0;0;35.34
50;RULT;10219;0;0;0;35.34
50;RULT;10185;0;0;0;35.34
50;RULT;10195;0;0;0;35.34
50;RULT;10199;0;0;0;35.34
50;RULT;10184;0;0;0;35.34
50;RULT;10224;0;0;0;35.34
50;RULT;10180;0;0;0;35.34
50;RULT;10177;0;0;0;35.34
50;RULT;10266;0;0;0;35.34
50;RULT;10229;0;0;0;35.34
50;RULT;10266;0;0;0;35.34
50;RULT;10312;0;0;0;35.34
50;RULT;18768;0;0;0;61.43
50;RULT;18714;0;0;0;61.43
50;RULT;18741;0;0;0;61.43
50;RULT;18726;0;0;0;61.43
50;RULT;18736;0;0;0;61.43
50;RULT;18716;0;0;0;61.43
50;RULT;18743;0;0;0;61.43
50;RULT;18713;0;0;0;61.43
50;RULT;18718;0;0;0;61.43
50;RULT;18721;0;0;0;61.43
50;RULT;18720;0;0;0;61.43
50;RULT;18737;0;0;0;61.43
50;RULT;18731;0;0;0;61.43
50;RULT;18727;0;0;0;61.43
50;RULT;18717;0;0;0;61.43
50;RULT;18719;0;0;0;61.43
50;RULT;18719;0;0;0;61.43
50;RULT;18721;0;0;0;61.43
50;RULT;18709;0;0;0;61.43
50;RULT;18710;0;0;0;61.43
50;SCP;145133;0;0;0;0.00
50;SCP;144946;0;0;0;0.00
50;SCP;145123;0;0;0;0.00
50;SCP;144797;0;0;0;0.00
50;SCP;147543;0;0;0;0.00
50;SCP;144982;0;0;0;0.00
50;SCP;142014;0;0;0;0.00
50;SCP;140176;0;0;0;0.00
50;SCP;142845;0;0;0;0.00
50;SCP;141153;0;0;0;0.00
50;SCP;143144;0;0;0;0.00
50;SCP;144949;0;0;0;0.00
50;SCP;142672;0;0;0;0.00
50;SCP;144988;0;0;0;0.00
50;SCP;144931;0;0;0;0.00
50;SCP;144403;0;0;0;0.00
50;SCP;144847;0;0;0;0.00
50;SCP;145323;0;0;0;0.00
50;SCP;146966;0;0;0;0.00
50;SCP;145201;0;0;0;0.00
50;SCP;151222;0;0;0;0.00
50;SCP;153439;0;0;0;0.00
50;SCP;154245;0;0;0;0.00
50;SCP;154171;0;0;0;0.00
50;SCP;154067;0;0;0;0.00
50;SCP;154364;0;0;0;0.00
50;SCP;154292;0;0;0;0.00
50;SCP;153967;0;0;0;0.00
50;SCP;153832;0;0;0;0.00
50;SCP;153791;0;0;0;0.00
50;SCP;153899;0;0;0;0.00
50;SCP;154569;0;0;0;0.00
50;SCP;153884;0;0;0;0.00
50;SCP;153953;0;0;0;0.00
50;SCP;154540;0;0;0;0.00
50;SCP;151500;0;0;0;0.00
50;SCP;153038;0;0;0;0.00
50;SCP;154322;0;0;0;0.00
50;SCP;154386;0;0;0;0.00
50;SCP;154142;0;0;0;0.00
50;BFDC;821;0;0;0;5.16
50;BFDC;813;0;0;0;5.16
50;BFDC;812;0;0;0;5.16
50;BFDC;809;0;0;0;5.16
50;BFDC;813;0;0;0;5.16
50;BFDC;810;0;0;0;5.16
50;BFDC;811;0;0;0;5.16
50;BFDC;809;0;0;0;5.16
50;BFDC;809;0;0;0;5.16
50;BFDC;814;0;0;0;5.16
50;BFDC;809;0;0;0;5.16
50;BFDC;810;0;0;0;5.16
50;BFDC;810;0;0;0;5.16
50;BFDC;814;0;0;0;5.16
50;BFDC;809;0;0;0;5.16
50;BFDC;810;0;0;0;5.16
50;BFDC;810;0;0;0;5.16
50;BFDC;816;0;0;0;5.16
50;BFDC;810;0;0;0;5.16
50;BFDC;810;0;0;0;5.16
50;BFDC;569;0;0;0;3.61
50;BFDC;567;0;0;0;3.61
50;BFDC;567;0;0;0;3.61
50;BFDC;567;0;0;0;3.61
50;BFDC;567;0;0;0;3.61
50;BFDC;568;0;0;0;3.61
50;BFDC;566;0;0;0;3.61
50;BFDC;567;0;0;0;3.61
50;BFDC;567;0;0;0;3.61
50;BFDC;566;0;0;0;3.61
50;BFDC;574;0;0;0;3.61
50;BFDC;575;0;0;0;3.61
50;BFDC;577;0;0;0;3.61
50;BFDC;567;0;0;0;3.61
50;BFDC;566;0;0;0;3.61
50;BFDC;566;0;0;0;3.61
50;BFDC;572;0;0;0;3.61
50;BFDC;568;0;0;0;3.61
50;BFDC;569;0;0;0;3.61
50;BFDC;568;0;0;0;3.61
50;CRA;686268;0;0;0;2258.87
50;CRA;686533;0;0;0;2258.87
50;CRA;684359;0;0;0;2258.87
50;CRA;686285;0;0;0;2258.87
50;CRA;686609;0;0;0;2258.87
50;CRA;684282;0;0;0;2258.87
50;CRA;686335;0;0;0;2258.87
50;CRA;686446;0;0;0;2258.87
50;CRA;686519;0;0;0;2258.87
50;CRA;684228;0;0;0;2258.87
50;CRA;686816;0;0;0;2258.87
50;CRA;686571;0;0;0;2258.87
50;CRA;684373;0;0;0;2258.87
50;CRA;686795;0;0;0;2258.87
50;CRA;686413;0;0;0;2258.87
50;CRA;684365;0;0;0;2258.87
50;CRA;686769;0;0;0;2258.87
50;CRA;686481;0;0;0;2258.87
50;CRA;684501;0;0;0;2258.87
50;CRA;686601;0;0;0;2258.87
50;CRA;632697;0;0;0;1982.81
50;CRA;629550;0;0;0;1982.81
50;CRA;630820;0;0;0;1982.81
50;CRA;630342;0;0;0;1982.81
50;CRA;629435;0;0;0;1982.81
50;CRA;631069;0;0;0;1982.81
50;CRA;630205;0;0;0;1982.81
50;CRA;629903;0;0;0;1982.81
50;CRA;630570;0;0;0;1982.81
50;CRA;629170;0;0;0;1982.81
50;CRA;629447;0;0;0;1982.81
50;CRA;629894;0;0;0;1982.81
50;CRA;630918;0;0;0;1982.81
50;CRA;631098;0;0;0;1982.81
50;CRA;628641;0;0;0;1982.81
50;CRA;630731;0;0;0;1982.81
50;CRA;630550;0;0;0;1982.81
50;CRA;629797;0;0;0;1982.81
50;CRA;630629;0;0;0;1982.81
50;CRA;630076;0;0;0;1982.81
100;RULT;19603;0;0;0;69.02
100;RULT;18999;0;0;0;69.02
100;RULT;19169;0;0;0;69.02
100;RULT;19094;0;0;0;69.02
100;RULT;19002;0;0;0;69.02
100;RULT;18999;0;0;0;69.02
100;RULT;19015;0;0;0;69.02
100;RULT;19110;0;0;0;69.02
100;RULT;19015;0;0;0;69.02
100;RULT;19134;0;0;0;69.02
100;RULT;18985;0;0;0;69.02
100;RULT;19017;0;0;0;69.02
100;RULT;18992;0;0;0;69.02
100;RULT;19004;0;0;0;69.02
100;RULT;18976;0;0;0;69.02
100;RULT;18947;0;0;0;69.02
100;RULT;18985;0;0;0;69.02
100;RULT;18968;0;0;0;69.02
100;RULT;19737;0;0;0;69.02
100;RULT;18945;0;0;0;69.02
100;RULT;17624;0;0;0;72.77
100;RULT;17536;0;0;0;72.77
100;RULT;17539;0;0;0;72.77
100;RULT;17508;0;0;0;72.77
100;RULT;17517;0;0;0;72.77
100;RULT;17532;0;0;0;72.77
100;RULT;17505;0;0;0;72.77
100;RULT;17509;0;0;0;72.77
100;RULT;17504;0;0;0;72.77
100;RULT;17494;0;0;0;72.77
100;RULT;17507;0;0;0;72.77
100;RULT;17504;0;0;0;72.77
100;RULT;17493;0;0;0;72.77
100;RULT;17504;0;0;0;72.77
100;RULT;17518;0;0;0;72.77
100;RULT;17512;0;0;0;72.77
100;RULT;17512;0;0;0;72.77
100;RULT;17519;0;0;0;72.77
100;RULT;17506;0;0;0;72.77
100;RULT;17510;0;0;0;72.77
100;SCP;218866;0;0;0;0.00
100;SCP;217854;0;0;0;0.00
100;SCP;222088;0;0;0;0.00
100;SCP;218394;0;0;0;0.00
100;SCP;217148;0;0;0;0.00
100;SCP;217383;0;0;0;0.00
100;SCP;218691;0;0;0;0.00
100;SCP;221938;0;0;0;0.00
100;SCP;218156;0;0;0;0.00
100;SCP;218327;0;0;0;0.00
100;SCP;218099;0;0;0;0.00
100;SCP;216848;0;0;0;0.00
100;SCP;218038;0;0;0;0.00
100;SCP;218760;0;0;0;0.00
100;SCP;218422;0;0;0;0.00
100;SCP;217780;0;0;0;0.00
100;SCP;222138;0;0;0;0.00
100;SCP;218173;0;0;0;0.00
100;SCP;218073;0;0;0;0.00
100;SCP;217932;0;0;0;0.00
100;SCP;231857;0;0;0;0.00
100;SCP;231343;0;0;0;0.00
100;SCP;230984;0;0;0;0.00
100;SCP;230828;0;0;0;0.00
100;SCP;229046;0;0;0;0.00
100;SCP;231219;0;0;0;0.00
100;SCP;231118;0;0;0;0.00
100;SCP;231375;0;0;0;0.00
100;SCP;231344;0;0;0;0.00
100;SCP;231343;0;0;0;0.00
100;SCP;231759;0;0;0;0.00
100;SCP;230716;0;0;0;0.00
100;SCP;231311;0;0;0;0.00
100;SCP;231250;0;0;0;0.00
100;SCP;231201;0;0;0;0.00
100;SCP;230884;0;0;0;0.00
100;SCP;231041;0;0;0;0.00
100;SCP;231578;0;0;0;0.00
100;SCP;228681;0;0;0;0.00
100;SCP;228905;0;0;0;0.00
100;BFDC;1529;0;0;0;8.52
100;BFDC;1528;0;0;0;8.52
100;BFDC;1529;0;0;0;8.52
100;BFDC;1534;0;0;0;8.52
100;BFDC;1528;0;0;0;8.52
100;BFDC;1534;0;0;0;8.52
100;BFDC;1526;0;0;0;8.52
100;BFDC;1528;0;0;0;8.52
100;BFDC;1533;0;0;0;8.52
100;BFDC;1526;0;0;0;8.52
100;BFDC;1535;0;0;0;8.52
100;BFDC;1526;0;0;0;8.52
100;BFDC;1525;0;0;0;8.52
100;BFDC;1530;0;0;0;8.52
100;BFDC;1530;0;0;0;8.52
100;BFDC;1537;0;0;0;8.52
100;BFDC;1532;0;0;0;8.52
100;BFDC;1535;0;0;0;8.52
100;BFDC;1526;0;0;0;8.52
100;BFDC;1526;0;0;0;8.52
100;BFDC;1420;0;0;0;8.07
100;BFDC;1419;0;0;0;8.07
100;BFDC;1419;0;0;0;8.07
100;BFDC;1420;0;0;0;8.07
100;BFDC;1427;0;0;0;8.07
100;BFDC;1419;0;0;0;8.07
100;BFDC;1421;0;0;0;8.07
100;BFDC;1439;0;0;0;8.07
100;BFDC;1419;0;0;0;8.07
100;BFDC;1427;0;0;0;8.07
100;BFDC;1419;0;0;0;8.07
100;BFDC;1418;0;0;0;8.07
100;BFDC;1427;0;0;0;8.07
100;BFDC;1419;0;0;0;8.07
100;BFDC;1424;0;0;0;8.07
100;BFDC;1420;0;0;0;8.07
100;BFDC;1419;0;0;0;8.07
100;BFDC;1424;0;0;0;8.07
100;BFDC;1419;0;0;0;8.07
100;BFDC;1416;0;0;0;8.07
100;CRA;843659;0;0;0;3238.10
100;CRA;839356;0;0;0;3238.10
100;CRA;834236;0;0;0;3238.10
100;CRA;838985;0;0;0;3238.10
100;CRA;839279;0;0;0;3238.10
100;CRA;839293;0;0;0;3238.10
100;CRA;833797;0;0;0;3238.10
100;CRA;838967;0;0;0;3238.10
100;CRA;839356;0;0;0;3238.10
100;CRA;839322;0;0;0;3238.10
100;CRA;833912;0;0;0;3238.10
100;CRA;838765;0;0;0;3238.10
100;CRA;839192;0;0;0;3238.10
100;CRA;839041;0;0;0;3238.10
100;CRA;834106;0;0;0;3238.10
100;CRA;840025;0;0;0;3238.10
100;CRA;839418;0;0;0;3238.10
100;CRA;838777;0;0;0;3238.10
100;CRA;834235;0;0;0;3238.10
100;CRA;838927;0;0;0;3238.10
100;CRA;698662;0;0;0;2463.87
100;CRA;694399;0;0;0;2463.87
100;CRA;694287;0;0;0;2463.87
100;CRA;694375;0;0;0;2463.87
100;CRA;694300;0;0;0;2463.87
100;CRA;694316;0;0;0;2463.87
100;CRA;695170;0;0;0;2463.87
100;CRA;694276;0;0;0;2463.87
100;CRA;694300;0;0;0;2463.87
100;CRA;694287;0;0;0;2463.87
100;CRA;694269;0;0;0;2463.87
100;CRA;694235;0;0;0;2463.87
100;CRA;694377;0;0;0;2463.87
100;CRA;694268;0;0;0;2463.87
100;CRA;694394;0;0;0;2463.87
100;CRA;694266;0;0;0;2463.87
100;CRA;694419;0;0;0;2463.87
100;CRA;694372;0;0;0;2463.87
100;CRA;694337;0;0;0;2463.87
100;CRA;694304;0;0;0;2463.87
10;RULT;1532;0;0;0;8.09
10;RULT;1532;0;0;0;8.09
10;RULT;1525;0;0;0;8.09
10;RULT;1531;0;0;0;8.09
10;RULT;1525;0;0;0;8.09
10;RULT;1529;0;0;0;8.09
10;RULT;1525;0;0;0;8.09
10;RULT;1526;0;0;0;8.09
10;RULT;1534;0;0;0;8.09
10;RULT;1534;0;0;0;8.09
10;RULT;1538;0;0;0;8.09
10;RULT;1528;0;0;0;8.09
10;RULT;1555;0;0;0;8.09
10;RULT;1557;0;0;0;8.09
10;RULT;1565;0;0;0;8.09
10;RULT;1558;0;0;0;8.09
10;RULT;1529;0;0;0;8.09
10;RULT;1526;0;0;0;8.09
10;RULT;1526;0;0;0;8.09
10;RULT;1527;0;0;0;8.09
10;RULT;1369;0;0;0;6.19
10;RULT;1363;0;0;0;6.19
10;RULT;1363;0;0;0;6.19
10;RULT;1357;0;0;0;6.19
10;RULT;1362;0;0;0;6.19
10;RULT;1361;0;0;0;6.19
10;RULT;1360;0;0;0;6.19
10;RULT;1360;0;0;0;6.19
10;RULT;1360;0;0;0;6.19
10;RULT;1362;0;0;0;6.19
10;RULT;1357;0;0;0;6.19
10;RULT;1363;0;0;0;6.19
10;RULT;1361;0;0;0;6.19
10;RULT;1367;0;0;0;6.19
10;RULT;1366;0;0;0;6.19
10;RULT;1361;0;0;0;6.19
10;RULT;1371;0;0;0;6.19
10;RULT;1363;0;0;0;6.19
10;RULT;1368;0;0;0;6.19
10;RULT;1364;0;0;0;6.19
10;ILP;208217;0;0;0;0.00
10;ILP;208439;0;0;0;0.00
10;ILP;210174;0;0;0;0.00
10;ILP;208395;0;0;0;0.00
10;ILP;208086;0;0;0;0.00
10;ILP;208000;0;0;0;0.00
10;ILP;208948;0;0;0;0.00
10;ILP;209597;0;0;0;0.00
10;ILP;209457;0;0;0;0.00
10;ILP;208493;0;0;0;0.00
10;ILP;207207;0;0;0;0.00
10;ILP;208778;0;0;0;0.00
10;ILP;207626;0;0;0;0.00
10;ILP;207855;0;0;0;0.00
10;ILP;209183;0;0;0;0.00
10;ILP;209691;0;0;0;0.00
10;ILP;208207;0;0;0;0.00
10;ILP;208135;0;0;0;0.00
10;ILP;209895;0;0;0;0.00
10;ILP;211958;0;0;0;0.00
10;ILP;112909;0;0;0;0.00
10;ILP;113853;0;0;0;0.00
10;ILP;113989;0;0;0;0.00
10;ILP;112592;0;0;0;0.00
10;ILP;112663;0;0;0;0.00
10;ILP;113150;0;0;0;0.00
10;ILP;112750;0;0;0;0.00
10;ILP;112578;0;0;0;0.00
10;ILP;113236;0;0;0;0.00
10;ILP;113885;0;0;0;0.00
10;ILP;113986;0;0;0;0.00
10;ILP;113527;0;0;0;0.00
10;ILP;113736;0;0;0;0.00
10;ILP;114277;0;0;0;0.00
10;ILP;113915;0;0;0;0.00
10;ILP;114511;0;0;0;0.00
10;ILP;116003;0;0;0;0.00
10;ILP;114123;0;0;0;0.00
10;ILP;113130;0;0;0;0.00
10;ILP;113590;0;0;0;0.00
10;CP;231286;0;0;0;0.00
10;CP;234308;0;0;0;0.00
10;CP;231019;0;0;0;0.00
10;CP;233050;0;0;0;0.00
10;CP;230043;0;0;0;0.00
10;CP;232524;0;0;0;0.00
10;CP;232220;0;0;0;0.00
10;CP;233881;0;0;0;0.00
10;CP;234278;0;0;0;0.00
10;CP;231635;0;0;0;0.00
10;CP;233542;0;0;0;0.00
10;CP;225163;0;0;0;0.00
10;CP;223589;0;0;0;0.00
10;CP;223115;0;0;0;0.00
10;CP;224660;0;0;0;0.00
10;CP;225679;0;0;0;0.00
10;CP;221796;0;0;0;0.00
10;CP;205467;0;0;0;0.00
10;CP;202532;0;0;0;0.00
10;CP;201646;0;0;0;0.00
10;CP;232622;0;0;0;0.00
10;CP;233925;0;0;0;0.00
10;CP;236319;0;0;0;0.00
10;CP;235649;0;0;0;0.00
10;CP;235849;0;0;0;0.00
10;CP;233744;0;0;0;0.00
10;CP;234447;0;0;0;0.00
10;CP;224868;0;0;0;0.00
10;CP;225236;0;0;0;0.00
10;CP;226364;0;0;0;0.00
10;CP;226073;0;0;0;0.00
10;CP;226805;0;0;0;0.00
10;CP;225692;0;0;0;0.00
10;CP;207453;0;0;0;0.00
10;CP;201373;0;0;0;0.00
10;CP;204078;0;0;0;0.00
10;CP;215036;0;0;0;0.00
10;CP;223629;0;0;0;0.00
10;CP;201769;0;0;0;0.00
10;CP;200434;0;0;0;0.00
10;SCP;75583;0;0;0;0.00
10;SCP;77308;0;0;0;0.00
10;SCP;77597;0;0;0;0.00
10;SCP;76498;0;0;0;0.00
10;SCP;76733;0;0;0;0.00
10;SCP;76947;0;0;0;0.00
10;SCP;76744;0;0;0;0.00
10;SCP;77978;0;0;0;0.00
10;SCP;76220;0;0;0;0.00
10;SCP;76403;0;0;0;0.00
10;SCP;76652;0;0;0;0.00
10;SCP;77331;0;0;0;0.00
10;SCP;77993;0;0;0;0.00
10;SCP;76090;0;0;0;0.00
10;SCP;75492;0;0;0;0.00
10;SCP;75662;0;0;0;0.00
10;SCP;76775;0;0;0;0.00
10;SCP;77512;0;0;0;0.00
10;SCP;75850;0;0;0;0.00
10;SCP;75670;0;0;0;0.00
10;SCP;76353;0;0;0;0.00
10;SCP;78667;0;0;0;0.00
10;SCP;78147;0;0;0;0.00
10;SCP;78443;0;0;0;0.00
10;SCP;83081;0;0;0;0.00
10;SCP;79631;0;0;0;0.00
10;SCP;75932;0;0;0;0.00
10;SCP;75320;0;0;0;0.00
10;SCP;76261;0;0;0;0.00
10;SCP;76089;0;0;0;0.00
10;SCP;75633;0;0;0;0.00
10;SCP;76652;0;0;0;0.00
10;SCP;77433;0;0;0;0.00
10;SCP;78006;0;0;0;0.00
10;SCP;78291;0;0;0;0.00
10;SCP;78110;0;0;0;0.00
10;SCP;82754;0;0;0;0.00
10;SCP;79753;0;0;0;0.00
10;SCP;76750;0;0;0;0.00
10;SCP;75845;0;0;0;0.00
10;BFDC;129;0;0;0;1.06
10;BFDC;128;0;0;0;1.06
10;BFDC;128;0;0;0;1.06
10;BFDC;127;0;0;0;1.06
10;BFDC;127;0;0;0;1.06
10;BFDC;127;0;0;0;1.06
10;BFDC;127;0;0;0;1.06
10;BFDC;127;0;0;0;1.06
10;BFDC;127;0;0;0;1.06
10;BFDC;127;0;0;0;1.06
10;BFDC;127;0;0;0;1.06
10;BFDC;127;0;0;0;1.06
10;BFDC;127;0;0;0;1.06
10;BFDC;127;0;0;0;1.06
10;BFDC;127;0;0;0;1.06
10;BFDC;127;0;0;0;1.06
10;BFDC;127;0;0;0;1.06
10;BFDC;127;0;0;0;1.06
10;BFDC;126;0;0;0;1.06
10;BFDC;131;0;0;0;1.06
10;BFDC;238;0;0;0;1.81
10;BFDC;237;0;0;0;1.81
10;BFDC;236;0;0;0;1.81
10;BFDC;237;0;0;0;1.81
10;BFDC;236;0;0;0;1.81
10;BFDC;236;0;0;0;1.81
10;BFDC;236;0;0;0;1.81
10;BFDC;236;0;0;0;1.81
10;BFDC;236;0;0;0;1.81
10;BFDC;236;0;0;0;1.81
10;BFDC;236;0;0;0;1.81
10;BFDC;236;0;0;0;1.81
10;BFDC;236;0;0;0;1.81
10;BFDC;235;0;0;0;1.81
10;BFDC;236;0;0;0;1.81
10;BFDC;237;0;0;0;1.81
10;BFDC;236;0;0;0;1.81
10;BFDC;237;0;0;0;1.81
10;BFDC;236;0;0;0;1.81
10;BFDC;237;0;0;0;1.81
10;CRA;26243;0;0;0;83.72
10;CRA;26089;0;0;0;83.72
10;CRA;26130;0;0;0;83.72
10;CRA;26085;0;0;0;83.72
10;CRA;26120;0;0;0;83.72
10;CRA;26114;0;0;0;83.72
10;CRA;26130;0;0;0;83.72
10;CRA;26165;0;0;0;83.72
10;CRA;26173;0;0;0;83.72
10;CRA;26149;0;0;0;83.72
10;CRA;26099;0;0;0;83.72
10;CRA;26083;0;0;0;83.72
10;CRA;26109;0;0;0;83.72
10;CRA;26090;0;0;0;83.72
10;CRA;26093;0;0;0;83.72
10;CRA;26080;0;0;0;83.72
10;CRA;26106;0;0;0;83.72
10;CRA;26191;0;0;0;83.72
10;CRA;26199;0;0;0;83.72
10;CRA;26208;0;0;0;83.72
10;CRA;40260;0;0;0;120.90
10;CRA;40112;0;0;0;120.90
10;CRA;40084;0;0;0;120.90
10;CRA;40106;0;0;0;120.90
10;CRA;40127;0;0;0;120.90
10;CRA;40107;0;0;0;120.90
10;CRA;40095;0;0;0;120.90
10;CRA;40097;0;0;0;120.90
10;CRA;40076;0;0;0;120.90
10;CRA;40081;0;0;0;120.90
10;CRA;40074;0;0;0;120.90
10;CRA;40075;0;0;0;120.90
10;CRA;40070;0;0;0;120.90
10;CRA;40145;0;0;0;120.90
10;CRA;40199;0;0;0;120.90
10;CRA;40231;0;0;0;120.90
10;CRA;40227;0;0;0;120.90
10;CRA;40195;0;0;0;120.90
10;CRA;40205;0;0;0;120.90
10;CRA;40196;0;0;0;120.90
20;RULT;4151;0;0;0;16.56
20;RULT;4106;0;0;0;16.56
20;RULT;4106;0;0;0;16.56
20;RULT;4108;0;0;0;16.56
20;RULT;4107;0;0;0;16.56
20;RULT;4107;0;0;0;16.56
20;RULT;4112;0;0;0;16.56
20;RULT;4112;0;0;0;16.56
20;RULT;4108;0;0;0;16.56
20;RULT;4106;0;0;0;16.56
20;RULT;4115;0;0;0;16.56
20;RULT;4115;0;0;0;16.56
20;RULT;4107;0;0;0;16.56
20;RULT;4111;0;0;0;16.56
20;RULT;4112;0;0;0;16.56
20;RULT;4116;0;0;0;16.56
20;RULT;4116;0;0;0;16.56
20;RULT;4111;0;0;0;16.56
20;RULT;4109;0;0;0;16.56
20;RULT;4111;0;0;0;16.56
20;RULT;2967;0;0;0;14.17
20;RULT;2962;0;0;0;14.17
20;RULT;2955;0;0;0;14.17
20;RULT;2960;0;0;0;14.17
20;RULT;2954;0;0;0;14.17
20;RULT;2966;0;0;0;14.17
20;RULT;2963;0;0;0;14.17
20;RULT;2966;0;0;0;14.17
20;RULT;2964;0;0;0;14.17
20;RULT;2964;0;0;0;14.17
20;RULT;2965;0;0;0;14.17
20;RULT;2958;0;0;0;14.17
20;RULT;2953;0;0;0;14.17
20;RULT;2954;0;0;0;14.17
20;RULT;2950;0;0;0;14.17
20;RULT;2954;0;0;0;14.17
20;RULT;2959;0;0;0;14.17
20;RULT;2958;0;0;0;14.17
20;RULT;2967;0;0;0;14.17
20;RULT;2958;0;0;0;14.17
20;ILP;592245;0;0;0;0.00
20;ILP;586660;0;0;0;0.00
20;ILP;585525;0;0;0;0.00
20;ILP;582169;0;0;0;0.00
20;ILP;590476;0;0;0;0.00
20;ILP;589872;0;0;0;0.00
20;ILP;569220;0;0;0;0.00
20;ILP;596100;0;0;0;0.00
20;ILP;577933;0;0;0;0.00
20;ILP;565498;0;0;0;0.00
20;ILP;615505;0;0;0;0.00
20;ILP;595033;0;0;0;0.00
20;ILP;587891;0;0;0;0.00
20;ILP;578868;0;0;0;0.00
20;ILP;578063;0;0;0;0.00
20;ILP;588098;0;0;0;0.00
20;ILP;586312;0;0;0;0.00
20;ILP;568322;0;0;0;0.00
20;ILP;568410;0;0;0;0.00
20;ILP;568471;0;0;0;0.00
20;ILP;570385;0;0;0;0.00
20;ILP;573191;0;0;0;0.00
20;ILP;585777;0;0;0;0.00
20;ILP;589051;0;0;0;0.00
20;ILP;594828;0;0;0;0.00
20;ILP;592997;0;0;0;0.00
20;ILP;588270;0;0;0;0.00
20;ILP;584923;0;0;0;0.00
20;ILP;587541;0;0;0;0.00
20;ILP;586971;0;0;0;0.00
20;ILP;589446;0;0;0;0.00
20;ILP;592533;0;0;0;0.00
20;ILP;592935;0;0;0;0.00
20;ILP;593426;0;0;0;0.00
20;ILP;592259;0;0;0;0.00
20;ILP;595983;0;0;0;0.00
20;ILP;596408;0;0;0;0.00
20;ILP;595882;0;0;0;0.00
20;ILP;599515;0;0;0;0.00
20;ILP;588672;0;0;0;0.00
20;CP;659392;0;0;0;0.00
20;CP;635470;0;0;0;0.00
20;CP;636399;0;0;0;0.00
20;CP;636283;0;0;0;0.00
20;CP;637271;0;0;0;0.00
20;CP;637351;0;0;0;0.00
20;CP;642604;0;0;0;0.00
20;CP;641987;0;0;0;0.00
20;CP;634896;0;0;0;0.00
20;CP;631663;0;0;0;0.00
20;CP;631300;0;0;0;0.00
20;CP;636151;0;0;0;0.00
20;CP;635299;0;0;0;0.00
20;CP;639606;0;0;0;0.00
20;CP;636712;0;0;0;0.00
20;CP;639376;0;0;0;0.00
20;CP;637670;0;0;0;0.00
20;CP;656478;0;0;0;0.00
20;CP;678371;0;0;0;0.00
20;CP;676720;0;0;0;0.00
20;CP;607204;0;0;0;0.00
20;CP;588406;0;0;0;0.00
20;CP;604518;0;0;0;0.00
20;CP;570501;0;0;0;0.00
20;CP;564786;0;0;0;0.00
20;CP;566497;0;0;0;0.00
20;CP;532360;0;0;0;0.00
20;CP;535136;0;0;0;0.00
20;CP;554966;0;0;0;0.00
20;CP;562429;0;0;0;0.00
20;CP;498467;0;0;0;0.00
20;CP;556603;0;0;0;0.00
20;CP;557456;0;0;0;0.00
20;CP;535833;0;0;0;0.00
20;CP;527673;0;0;0;0.00
20;CP;559279;0;0;0;0.00
20;CP;560844;0;0;0;0.00
20;CP;503639;0;0;0;0.00
20;CP;554576;0;0;0;0.00
20;CP;558323;0;0;0;0.00
20;SCP;99398;0;0;0;0.00
20;SCP;100982;0;0;0;0.00
20;SCP;101153;0;0;0;0.00
20;SCP;98971;0;0;0;0.00
20;SCP;98962;0;0;0;0.00
20;SCP;100625;0;0;0;0.00
20;SCP;97871;0;0;0;0.00
20;SCP;102374;0;0;0;0.00
20;SCP;99892;0;0;0;0.00
20;SCP;99990;0;0;0;0.00
20;SCP;99070;0;0;0;0.00
20;SCP;103159;0;0;0;0.00
20;SCP;99720;0;0;0;0.00
20;SCP;102338;0;0;0;0.00
20;SCP;100209;0;0;0;0.00
20;SCP;98974;0;0;0;0.00
20;SCP;102517;0;0;0;0.00
20;SCP;98194;0;0;0;0.00
20;SCP;101340;0;0;0;0.00
20;SCP;101797;0;0;0;0.00
20;SCP;96375;0;0;0;0.00
20;SCP;97989;0;0;0;0.00
20;SCP;97125;0;0;0;0.00
20;SCP;96099;0;0;0;0.00
20;SCP;95127;0;0;0;0.00
20;SCP;94616;0;0;0;0.00
20;SCP;94655;0;0;0;0.00
20;SCP;94604;0;0;0;0.00
20;SCP;96573;0;0;0;0.00
20;SCP;96525;0;0;0;0.00
20;SCP;97256;0;0;0;0.00
20;SCP;97632;0;0;0;0.00
20;SCP;97725;0;0;0;0.00
20;SCP;98231;0;0;0;0.00
20;SCP;96847;0;0;0;0.00
20;SCP;97386;0;0;0;0.00
20;SCP;96692;0;0;0;0.00
20;SCP;97471;0;0;0;0.00
20;SCP;98150;0;0;0;0.00
20;SCP;97604;0;0;0;0.00
20;BFDC;297;0;0;0;2.11
20;BFDC;295;0;0;0;2.11
20;BFDC;295;0;0;0;2.11
20;BFDC;295;0;0;0;2.11
20;BFDC;295;0;0;0;2.11
20;BFDC;296;0;0;0;2.11
20;BFDC;296;0;0;0;2.11
20;BFDC;295;0;0;0;2.11
20;BFDC;300;0;0;0;2.11
20;BFDC;295;0;0;0;2.11
20;BFDC;295;0;0;0;2.11
20;BFDC;295;0;0;0;2.11
20;BFDC;296;0;0;0;2.11
20;BFDC;296;0;0;0;2.11
20;BFDC;296;0;0;0;2.11
20;BFDC;296;0;0;0;2.11
20;BFDC;295;0;0;0;2.11
20;BFDC;296;0;0;0;2.11
20;BFDC;295;0;0;0;2.11
20;BFDC;295;0;0;0;2.11
20;BFDC;251;0;0;0;1.81
20;BFDC;251;0;0;0;1.81
20;BFDC;251;0;0;0;1.81
20;BFDC;249;0;0;0;1.81
20;BFDC;249;0;0;0;1.81
20;BFDC;249;0;0;0;1.81
20;BFDC;249;0;0;0;1.81
20;BFDC;250;0;0;0;1.81
20;BFDC;249;0;0;0;1.81
20;BFDC;251;0;0;0;1.81
20;BFDC;249;0;0;0;1.81
20;BFDC;254;0;0;0;1.81
20;BFDC;253;0;0;0;1.81
20;BFDC;253;0;0;0;1.81
20;BFDC;253;0;0;0;1.81
20;BFDC;253;0;0;0;1.81
20;BFDC;253;0;0;0;1.81
20;BFDC;249;0;0;0;1.81
20;BFDC;248;0;0;0;1.81
20;BFDC;249;0;0;0;1.81
20;CRA;198299;0;0;0;586.50
20;CRA;196952;0;0;0;586.50
20;CRA;197210;0;0;0;586.50
20;CRA;198001;0;0;0;586.50
20;CRA;197958;0;0;0;586.50
20;CRA;197960;0;0;0;586.50
20;CRA;197977;0;0;0;586.50
20;CRA;198028;0;0;0;586.50
20;CRA;197929;0;0;0;586.50
20;CRA;197286;0;0;0;586.50
20;CRA;196930;0;0;0;586.50
20;CRA;196943;0;0;0;586.50
20;CRA;197026;0;0;0;586.50
20;CRA;197942;0;0;0;586.50
20;CRA;198015;0;0;0;586.50
20;CRA;198053;0;0;0;586.50
20;CRA;198020;0;0;0;586.50
20;CRA;198019;0;0;0;586.50
20;CRA;198009;0;0;0;586.50
20;CRA;197607;0;0;0;586.50
20;CRA;148066;0;0;0;453.25
20;CRA;147094;0;0;0;453.25
20;CRA;147016;0;0;0;453.25
20;CRA;147165;0;0;0;453.25
20;CRA;147114;0;0;0;453.25
20;CRA;147672;0;0;0;453.25
20;CRA;147772;0;0;0;453.25
20;CRA;148370;0;0;0;453.25
20;CRA;147976;0;0;0;453.25
20;CRA;148044;0;0;0;453.25
20;CRA;148076;0;0;0;453.25
20;CRA;147787;0;0;0;453.25
20;CRA;147075;0;0;0;453.25
20;CRA;147082;0;0;0;453.25
20;CRA;147109;0;0;0;453.25
20;CRA;146987;0;0;0;453.25
20;CRA;147182;0;0;0;453.25
20;CRA;147063;0;0;0;453.25
20;CRA;147473;0;0;0;453.25
20;CRA;147485;0;0;0;453.25
40;RULT;5614;0;0;0;23.60
40;RULT;5576;0;0;0;23.60
40;RULT;5568;0;0;0;23.60
40;RULT;5581;0;0;0;23.60
40;RULT;5581;0;0;0;23.60
40;RULT;5585;0;0;0;23.60
40;RULT;5577;0;0;0;23.60
40;RULT;5580;0;0;0;23.60
40;RULT;5580;0;0;0;23.60
40;RULT;5587;0;0;0;23.60
40;RULT;5583;0;0;0;23.60
40;RULT;5580;0;0;0;23.60
40;RULT;5593;0;0;0;23.60
40;RULT;5568;0;0;0;23.60
40;RULT;5573;0;0;0;23.60
40;RULT;5573;0;0;0;23.60
40;RULT;5573;0;0;0;23.60
40;RULT;5583;0;0;0;23.60
40;RULT;5579;0;0;0;23.60
40;RULT;5584;0;0;0;23.60
40;RULT;5552;0;0;0;23.53
40;RULT;5537;0;0;0;23.53
40;RULT;5561;0;0;0;23.53
40;RULT;5538;0;0;0;23.53
40;RULT;5543;0;0;0;23.53
40;RULT;5531;0;0;0;23.53
40;RULT;5539;0;0;0;23.53
40;RULT;5554;0;0;0;23.53
40;RULT;5554;0;0;0;23.53
40;RULT;5544;0;0;0;23.53
40;RULT;5532;0;0;0;23.53
40;RULT;5554;0;0;0;23.53
40;RULT;5549;0;0;0;23.53
40;RULT;5544;0;0;0;23.53
40;RULT;5537;0;0;0;23.53
40;RULT;5554;0;0;0;23.53
40;RULT;5542;0;0;0;23.53
40;RULT;5551;0;0;0;23.53
40;RULT;5592;0;0;0;23.53
40;RULT;5558;0;0;0;23.53
40;SCP;130510;0;0;0;0.00
40;SCP;130422;0;0;0;0.00
40;SCP;130672;0;0;0;0.00
40;SCP;130428;0;0;0;0.00
40;SCP;130471;0;0;0;0.00
40;SCP;131091;0;0;0;0.00
40;SCP;130608;0;0;0;0.00
40;SCP;127423;0;0;0;0.00
40;SCP;129085;0;0;0;0.00
40;SCP;130914;0;0;0;0.00
40;SCP;130237;0;0;0;0.00
40;SCP;130543;0;0;0;0.00
40;SCP;130480;0;0;0;0.00
40;SCP;130613;0;0;0;0.00
40;SCP;130430;0;0;0;0.00
40;SCP;130576;0;0;0;0.00
40;SCP;130625;0;0;0;0.00
40;SCP;130045;0;0;0;0.00
40;SCP;130634;0;0;0;0.00
40;SCP;130439;0;0;0;0.00
40;SCP;129088;0;0;0;0.00
40;SCP;131836;0;0;0;0.00
40;SCP;130286;0;0;0;0.00
40;SCP;131368;0;0;0;0.00
40;SCP;131830;0;0;0;0.00
40;SCP;130481;0;0;0;0.00
40;SCP;131252;0;0;0;0.00
40;SCP;130693;0;0;0;0.00
40;SCP;130874;0;0;0;0.00
40;SCP;131387;0;0;0;0.00
40;SCP;130841;0;0;0;0.00
40;SCP;131360;0;0;0;0.00
40;SCP;130929;0;0;0;0.00
40;SCP;131787;0;0;0;0.00
40;SCP;131198;0;0;0;0.00
40;SCP;129099;0;0;0;0.00
40;SCP;129172;0;0;0;0.00
40;SCP;130388;0;0;0;0.00
40;SCP;130456;0;0;0;0.00
40;SCP;131504;0;0;0;0.00
40;BFDC;599;0;0;0;3.74
40;BFDC;602;0;0;0;3.74
40;BFDC;596;0;0;0;3.74
40;BFDC;597;0;0;0;3.74
40;BFDC;598;0;0;0;3.74
40;BFDC;597;0;0;0;3.74
40;BFDC;596;0;0;0;3.74
40;BFDC;601;0;0;0;3.74
40;BFDC;595;0;0;0;3.74
40;BFDC;596;0;0;0;3.74
40;BFDC;596;0;0;0;3.74
40;BFDC;595;0;0;0;3.74
40;BFDC;604;0;0;0;3.74
40;BFDC;603;0;0;0;3.74
40;BFDC;604;0;0;0;3.74
40;BFDC;605;0;0;0;3.74
40;BFDC;605;0;0;0;3.74
40;BFDC;604;0;0;0;3.74
40;BFDC;602;0;0;0;3.74
40;BFDC;595;0;0;0;3.74
40;BFDC;686;0;0;0;4.38
40;BFDC;685;0;0;0;4.38
40;BFDC;685;0;0;0;4.38
40;BFDC;685;0;0;0;4.38
40;BFDC;685;0;0;0;4.38
40;BFDC;690;0;0;0;4.38
40;BFDC;686;0;0;0;4.38
40;BFDC;686;0;0;0;4.38
40;BFDC;687;0;0;0;4.38
40;BFDC;685;0;0;0;4.38
40;BFDC;691;0;0;0;4.38
40;BFDC;686;0;0;0;4.38
40;BFDC;687;0;0;0;4.38
40;BFDC;686;0;0;0;4.38
40;BFDC;686;0;0;0;4.38
40;BFDC;694;0;0;0;4.38
40;BFDC;686;0;0;0;4.38
40;BFDC;686;0;0;0;4.38
40;BFDC;685;0;0;0;4.38
40;BFDC;689;0;0;0;4.38
40;CRA;401720;0;0;0;1257.51
40;CRA;400821;0;0;0;1257.51
40;CRA;401914;0;0;0;1257.51
40;CRA;401564;0;0;0;1257.51
40;CRA;401487;0;0;0;1257.51
40;CRA;399773;0;0;0;1257.51
40;CRA;400442;0;0;0;1257.51
40;CRA;401799;0;0;0;1257.51
40;CRA;401690;0;0;0;1257.51
40;CRA;401855;0;0;0;1257.51
40;CRA;399848;0;0;0;1257.51
40;CRA;400300;0;0;0;1257.51
40;CRA;401845;0;0;0;1257.51
40;CRA;401466;0;0;0;1257.51
40;CRA;401813;0;0;0;1257.51
40;CRA;400011;0;0;0;1257.51
40;CRA;400113;0;0;0;1257.51
40;CRA;404060;0;0;0;1257.51
40;CRA;401700;0;0;0;1257.51
40;CRA;401990;0;0;0;1257.51
40;CRA;257545;0;0;0;814.13
40;CRA;254926;0;0;0;814.13
40;CRA;255717;0;0;0;814.13
40;CRA;256336;0;0;0;814.13
40;CRA;256318;0;0;0;814.13
40;CRA;256368;0;0;0;814.13
40;CRA;256261;0;0;0;814.13
40;CRA;256348;0;0;0;814.13
40;CRA;256139;0;0;0;814.13
40;CRA;254902;0;0;0;814.13
40;CRA;255848;0;0;0;814.13
40;CRA;256364;0;0;0;814.13
40;CRA;256331;0;0;0;814.13
40;CRA;256326;0;0;0;814.13
40;CRA;256281;0;0;0;814.13
40;CRA;256261;0;0;0;814.13
40;CRA;256058;0;0;0;814.13
40;CRA;254893;0;0;0;814.13
40;CRA;255826;0;0;0;814.13
40;CRA;256308;0;0;0;814.13
70;RULT;12742;0;0;0;52.19
70;RULT;12726;0;0;0;52.19
70;RULT;12712;0;0;0;52.19
70;RULT;12721;0;0;0;52.19
70;RULT;12716;0;0;0;52.19
70;RULT;12718;0;0;0;52.19
70;RULT;12740;0;0;0;52.19
70;RULT;12707;0;0;0;52.19
70;RULT;12728;0;0;0;52.19
70;RULT;12729;0;0;0;52.19
70;RULT;12705;0;0;0;52.19
70;RULT;12709;0;0;0;52.19
70;RULT;12731;0;0;0;52.19
70;RULT;12703;0;0;0;52.19
70;RULT;12736;0;0;0;52.19
70;RULT;12727;0;0;0;52.19
70;RULT;12698;0;0;0;52.19
70;RULT;12727;0;0;0;52.19
70;RULT;12732;0;0;0;52.19
70;RULT;12719;0;0;0;52.19
70;RULT;13178;0;0;0;51.26
70;RULT;13045;0;0;0;51.26
70;RULT;13054;0;0;0;51.26
70;RULT;13069;0;0;0;51.26
70;RULT;13061;0;0;0;51.26
70;RULT;13045;0;0;0;51.26
70;RULT;13062;0;0;0;51.26
70;RULT;13072;0;0;0;51.26
70;RULT;13062;0;0;0;51.26
70;RULT;13056;0;0;0;51.26
70;RULT;13054;0;0;0;51.26
70;RULT;13063;0;0;0;51.26
70;RULT;13060;0;0;0;51.26
70;RULT;13056;0;0;0;51.26
70;RULT;13056;0;0;0;51.26
70;RULT;13049;0;0;0;51.26
70;RULT;13054;0;0;0;51.26
70;RULT;13054;0;0;0;51.26
70;RULT;13070;0;0;0;51.26
70;RULT;13049;0;0;0;51.26
70;SCP;183127;0;0;0;0.00
70;SCP;183400;0;0;0;0.00
70;SCP;186753;0;0;0;0.00
70;SCP;183717;0;0;0;0.00
70;SCP;184136;0;0;0;0.00
70;SCP;183541;0;0;0;0.00
70;SCP;183196;0;0;0;0.00
70;SCP;182969;0;0;0;0.00
70;SCP;182971;0;0;0;0.00
70;SCP;180582;0;0;0;0.00
70;SCP;178841;0;0;0;0.00
70;SCP;183115;0;0;0;0.00
70;SCP;183005;0;0;0;0.00
70;SCP;186622;0;0;0;0.00
70;SCP;183671;0;0;0;0.00
70;SCP;183001;0;0;0;0.00
70;SCP;183391;0;0;0;0.00
70;SCP;183105;0;0;0;0.00
70;SCP;183987;0;0;0;0.00
70;SCP;182859;0;0;0;0.00
70;SCP;179633;0;0;0;0.00
70;SCP;179707;0;0;0;0.00
70;SCP;178793;0;0;0;0.00
70;SCP;179232;0;0;0;0.00
70;SCP;184087;0;0;0;0.00
70;SCP;176201;0;0;0;0.00
70;SCP;179815;0;0;0;0.00
70;SCP;179788;0;0;0;0.00
70;SCP;179728;0;0;0;0.00
70;SCP;176668;0;0;0;0.00
70;SCP;181499;0;0;0;0.00
70;SCP;179605;0;0;0;0.00
70;SCP;180397;0;0;0;0.00
70;SCP;177216;0;0;0;0.00
70;SCP;179271;0;0;0;0.00
70;SCP;185208;0;0;0;0.00
70;SCP;176441;0;0;0;0.00
70;SCP;177891;0;0;0;0.00
70;SCP;180311;0;0;0;0.00
70;SCP;180858;0;0;0;0.00
70;BFDC;652;0;0;0;4.02
70;BFDC;648;0;0;0;4.02
70;BFDC;668;0;0;0;4.02
70;BFDC;648;0;0;0;4.02
70;BFDC;648;0;0;0;4.02
70;BFDC;647;0;0;0;4.02
70;BFDC;647;0;0;0;4.02
70;BFDC;654;0;0;0;4.02
70;BFDC;648;0;0;0;4.02
70;BFDC;647;0;0;0;4.02
70;BFDC;647;0;0;0;4.02
70;BFDC;647;0;0;0;4.02
70;BFDC;653;0;0;0;4.02
70;BFDC;647;0;0;0;4.02
70;BFDC;647;0;0;0;4.02
70;BFDC;646;0;0;0;4.02
70;BFDC;648;0;0;0;4.02
70;BFDC;652;0;0;0;4.02
70;BFDC;649;0;0;0;4.02
70;BFDC;648;0;0;0;4.02
70;BFDC;395;0;0;0;2.33
70;BFDC;384;0;0;0;2.33
70;BFDC;384;0;0;0;2.33
70;BFDC;380;0;0;0;2.33
70;BFDC;380;0;0;0;2.33
70;BFDC;380;0;0;0;2.33
70;BFDC;378;0;0;0;2.33
70;BFDC;379;0;0;0;2.33
70;BFDC;387;0;0;0;2.33
70;BFDC;379;0;0;0;2.33
70;BFDC;378;0;0;0;2.33
70;BFDC;380;0;0;0;2.33
70;BFDC;379;0;0;0;2.33
70;BFDC;379;0;0;0;2.33
70;BFDC;378;0;0;0;2.33
70;BFDC;378;0;0;0;2.33
70;BFDC;385;0;0;0;2.33
70;BFDC;376;0;0;0;2.33
70;BFDC;380;0;0;0;2.33
70;BFDC;378;0;0;0;2.33
70;CRA;664748;0;0;0;2269.88
70;CRA;662188;0;0;0;2269.88
70;CRA;661987;0;0;0;2269.88
70;CRA;662517;0;0;0;2269.88
70;CRA;665635;0;0;0;2269.88
70;CRA;661983;0;0;0;2269.88
70;CRA;661805;0;0;0;2269.88
70;CRA;662229;0;0;0;2269.88
70;CRA;665721;0;0;0;2269.88
70;CRA;662183;0;0;0;2269.88
70;CRA;662456;0;0;0;2269.88
70;CRA;662133;0;0;0;2269.88
70;CRA;662240;0;0;0;2269.88
70;CRA;665086;0;0;0;2269.88
70;CRA;662138;0;0;0;2269.88
70;CRA;662487;0;0;0;2269.88
70;CRA;662336;0;0;0;2269.88
70;CRA;662365;0;0;0;2269.88
70;CRA;665638;0;0;0;2269.88
70;CRA;662141;0;0;0;2269.88
70;CRA;607903;0;0;0;2014.41
70;CRA;604780;0;0;0;2014.41
70;CRA;604726;0;0;0;2014.41
70;CRA;604956;0;0;0;2014.41
70;CRA;604947;0;0;0;2014.41
70;CRA;605128;0;0;0;2014.41
70;CRA;604565;0;0;0;2014.41
70;CRA;605299;0;0;0;2014.41
70;CRA;604928;0;0;0;2014.41
70;CRA;604998;0;0;0;2014.41
70;CRA;604795;0;0;0;2014.41
70;CRA;605221;0;0;0;2014.41
70;CRA;604964;0;0;0;2014.41
70;CRA;604725;0;0;0;2014.41
70;CRA;605045;0;0;0;2014.41
70;CRA;604913;0;0;0;2014.41
70;CRA;604960;0;0;0;2014.41
70;CRA;604784;0;0;0;2014.41
70;CRA;605153;0;0;0;2014.41
70;CRA;604845;0;0;0;2014.41
30;RULT;4205;0;0;0;17.75
30;RULT;4192;0;0;0;17.75
30;RULT;4202;0;0;0;17.75
30;RULT;4199;0;0;0;17.75
30;RULT;4210;0;0;0;17.75
30;RULT;4188;0;0;0;17.75
30;RULT;4199;0;0;0;17.75
30;RULT;4197;0;0;0;17.75
30;RULT;4193;0;0;0;17.75
30;RULT;4204;0;0;0;17.75
30;RULT;4198;0;0;0;17.75
30;RULT;4198;0;0;0;17.75
30;RULT;4192;0;0;0;17.75
30;RULT;4193;0;0;0;17.75
30;RULT;4195;0;0;0;17.75
30;RULT;4192;0;0;0;17.75
30;RULT;4194;0;0;0;17.75
30;RULT;4209;0;0;0;17.75
30;RULT;4206;0;0;0;17.75
30;RULT;4203;0;0;0;17.75
30;RULT;6530;0;0;0;24.36
30;RULT;6489;0;0;0;24.36
30;RULT;6488;0;0;0;24.36
30;RULT;6477;0;0;0;24.36
30;RULT;6485;0;0;0;24.36
30;RULT;6488;0;0;0;24.36
30;RULT;6489;0;0;0;24.36
30;RULT;6480;0;0;0;24.36
30;RULT;6479;0;0;0;24.36
30;RULT;6484;0;0;0;24.36
30;RULT;6476;0;0;0;24.36
30;RULT;6484;0;0;0;24.36
30;RULT;6485;0;0;0;24.36
30;RULT;6496;0;0;0;24.36
30;RULT;6493;0;0;0;24.36
30;RULT;6483;0;0;0;24.36
30;RULT;6479;0;0;0;24.36
30;RULT;6470;0;0;0;24.36
30;RULT;6473;0;0;0;24.36
30;RULT;6474;0;0;0;24.36
30;ILP;1279790;0;0;0;0.00
30;ILP;1258665;0;0;0;0.00
30;ILP;1248639;0;0;0;0.00
30;ILP;1253391;0;0;0;0.00
30;ILP;1265683;0;0;0;0.00
30;ILP;1258245;0;0;0;0.00
30;ILP;1253496;0;0;0;0.00
30;ILP;1251842;0;0;0;0.00
30;ILP;1254289;0;0;0;0.00
30;ILP;1264855;0;0;0;0.00
30;ILP;1260406;0;0;0;0.00
30;ILP;1252402;0;0;0;0.00
30;ILP;1258739;0;0;0;0.00
30;ILP;1253959;0;0;0;0.00
30;ILP;1258458;0;0;0;0.00
30;ILP;1259115;0;0;0;0.00
30;ILP;1263891;0;0;0;0.00
30;ILP;1257733;0;0;0;0.00
30;ILP;1262428;0;0;0;0.00
30;ILP;1265047;0;0;0;0.00
30;ILP;2019113;0;0;1;0.00
30;ILP;2019598;0;0;1;0.00
30;ILP;2019102;0;0;1;0.00
30;ILP;2017553;0;0;1;0.00
30;ILP;2018439;0;0;1;0.00
30;ILP;2017629;0;0;1;0.00
30;ILP;2020341;0;0;1;0.00
30;ILP;2018484;0;0;1;0.00
30;ILP;2018166;0;0;1;0.00
30;ILP;2019127;0;0;1;0.00
30;ILP;2019140;0;0;1;0.00
30;ILP;2018603;0;0;1;0.00
30;ILP;2022144;0;0;1;0.00
30;ILP;2018158;0;0;1;0.00
30;ILP;2019503;0;0;1;0.00
30;ILP;2016214;0;0;1;0.00
30;ILP;2016639;0;0;1;0.00
30;ILP;2025504;0;0;1;0.00
30;ILP;2017773;0;0;1;0.00
30;ILP;2022595;0;0;1;0.00
30;CP;905734;0;0;0;0.00
30;CP;868350;0;0;0;0.00
30;CP;896109;0;0;0;0.00
30;CP;884263;0;0;0;0.00
30;CP;896745;0;0;0;0.00
30;CP;888330;0;0;0;0.00
30;CP;873861;0;0;0;0.00
30;CP;896861;0;0;0;0.00
30;CP;893326;0;0;0;0.00
30;CP;894953;0;0;0;0.00
30;CP;863921;0;0;0;0.00
30;CP;895624;0;0;0;0.00
30;CP;877038;0;0;0;0.00
30;CP;891569;0;0;0;0.00
30;CP;882788;0;0;0;0.00
30;CP;905835;0;0;0;0.00
30;CP;793477;0;0;0;0.00
30;CP;935999;0;0;0;0.00
30;CP;813308;0;0;0;0.00
30;CP;909197;0;0;0;0.00
30;CP;2000915;0;0;1;0.00
30;CP;1996805;0;0;1;0.00
30;CP;1999975;0;0;1;0.00
30;CP;1998473;0;0;1;0.00
30;CP;2002369;0;0;1;0.00
30;CP;1998770;0;0;1;0.00
30;CP;2002552;0;0;1;0.00
30;CP;1998292;0;0;1;0.00
30;CP;2002468;0;0;1;0.00
30;CP;1998449;0;0;1;0.00
30;CP;2034076;0;0;1;0.00
30;CP;2000063;0;0;1;0.00
30;CP;1991579;0;0;1;0.00
30;CP;1993658;0;0;1;0.00
30;CP;1994412;0;0;1;0.00
30;CP;2002408;0;0;1;0.00
30;CP;1998114;0;0;1;0.00
30;CP;2002486;0;0;1;0.00
30;CP;1997742;0;0;1;0.00
30;CP;2002026;0;0;1;0.00
30;SCP;117409;0;0;0;0.00
30;SCP;113444;0;0;0;0.00
30;SCP;111801;0;0;0;0.00
30;SCP;111475;0;0;0;0.00
30;SCP;112427;0;0;0;0.00
30;SCP;111725;0;0;0;0.00
30;SCP;111516;0;0;0;0.00
30;SCP;112381;0;0;0;0.00
30;SCP;111569;0;0;0;0.00
30;SCP;112247;0;0;0;0.00
30;SCP;114305;0;0;0;0.00
30;SCP;115337;0;0;0;0.00
30;SCP;116447;0;0;0;0.00
30;SCP;117252;0;0;0;0.00
30;SCP;115733;0;0;0;0.00
30;SCP;116944;0;0;0;0.00
30;SCP;115888;0;0;0;0.00
30;SCP;117442;0;0;0;0.00
30;SCP;111886;0;0;0;0.00
30;SCP;111632;0;0;0;0.00
30;SCP;113292;0;0;0;0.00
30;SCP;112765;0;0;0;0.00
30;SCP;113043;0;0;0;0.00
30;SCP;113571;0;0;0;0.00
30;SCP;113314;0;0;0;0.00
30;SCP;113172;0;0;0;0.00
30;SCP;113429;0;0;0;0.00
30;SCP;109585;0;0;0;0.00
30;SCP;109399;0;0;0;0.00
30;SCP;111364;0;0;0;0.00
30;SCP;111093;0;0;0;0.00
30;SCP;113424;0;0;0;0.00
30;SCP;112832;0;0;0;0.00
30;SCP;113277;0;0;0;0.00
30;SCP;113383;0;0;0;0.00
30;SCP;112569;0;0;0;0.00
30;SCP;112970;0;0;0;0.00
30;SCP;113167;0;0;0;0.00
30;SCP;113158;0;0;0;0.00
30;SCP;113334;0;0;0;0.00
30;BFDC;274;0;0;0;1.86
30;BFDC;273;0;0;0;1.86
30;BFDC;273;0;0;0;1.86
30;BFDC;272;0;0;0;1.86
30;BFDC;271;0;0;0;1.86
30;BFDC;271;0;0;0;1.86
30;BFDC;271;0;0;0;1.86
30;BFDC;271;0;0;0;1.86
30;BFDC;275;0;0;0;1.86
30;BFDC;271;0;0;0;1.86
30;BFDC;270;0;0;0;1.86
30;BFDC;270;0;0;0;1.86
30;BFDC;271;0;0;0;1.86
30;BFDC;271;0;0;0;1.86
30;BFDC;271;0;0;0;1.86
30;BFDC;270;0;0;0;1.86
30;BFDC;270;0;0;0;1.86
30;BFDC;271;0;0;0;1.86
30;BFDC;275;0;0;0;1.86
30;BFDC;271;0;0;0;1.86
30;BFDC;609;0;0;0;3.87
30;BFDC;601;0;0;0;3.87
30;BFDC;601;0;0;0;3.87
30;BFDC;600;0;0;0;3.87
30;BFDC;601;0;0;0;3.87
30;BFDC;601;0;0;0;3.87
30;BFDC;607;0;0;0;3.87
30;BFDC;601;0;0;0;3.87
30;BFDC;601;0;0;0;3.87
30;BFDC;601;0;0;0;3.87
30;BFDC;601;0;0;0;3.87
30;BFDC;606;0;0;0;3.87
30;BFDC;601;0;0;0;3.87
30;BFDC;601;0;0;0;3.87
30;BFDC;601;0;0;0;3.87
30;BFDC;601;0;0;0;3.87
30;BFDC;601;0;0;0;3.87
30;BFDC;607;0;0;0;3.87
30;BFDC;601;0;0;0;3.87
30;BFDC;601;0;0;0;3.87
30;CRA;307738;0;0;0;938.16
30;CRA;305662;0;0;0;938.16
30;CRA;307255;0;0;0;938.16
30;CRA;307363;0;0;0;938.16
30;CRA;307375;0;0;0;938.16
30;CRA;307271;0;0;0;938.16
30;CRA;306450;0;0;0;938.16
30;CRA;305559;0;0;0;938.16
30;CRA;306330;0;0;0;938.16
30;CRA;307433;0;0;0;938.16
30;CRA;307415;0;0;0;938.16
30;CRA;307435;0;0;0;938.16
30;CRA;307249;0;0;0;938.16
30;CRA;305950;0;0;0;938.16
30;CRA;308437;0;0;0;938.16
30;CRA;306910;0;0;0;938.16
30;CRA;307411;0;0;0;938.16
30;CRA;307412;0;0;0;938.16
30;CRA;307385;0;0;0;938.16
30;CRA;306883;0;0;0;938.16
30;CRA;485295;0;0;0;1464.76
30;CRA;484623;0;0;0;1464.76
30;CRA;485819;0;0;0;1464.76
30;CRA;484935;0;0;0;1464.76
30;CRA;483130;0;0;0;1464.76
30;CRA;483995;0;0;0;1464.76
30;CRA;485924;0;0;0;1464.76
30;CRA;485603;0;0;0;1464.76
30;CRA;483067;0;0;0;1464.76
30;CRA;483869;0;0;0;1464.76
30;CRA;485746;0;0;0;1464.76
30;CRA;485568;0;0;0;1464.76
30;CRA;483688;0;0;0;1464.76
30;CRA;483143;0;0;0;1464.76
30;CRA;485500;0;0;0;1464.76
30;CRA;485409;0;0;0;1464.76
30;CRA;484200;0;0;0;1464.76
30;CRA;482940;0;0;0;1464.76
30;CRA;484951;0;0;0;1464.76
30;CRA;485558;0;0;0;1464.76
