Size;Method;Time;Status;Solution;Timeout;Scans
0.6997;ULT;2000000;0;0;1;598.42
0.6997;ULT;2000001;0;0;1;591.07
0.6997;ULT;2000000;0;0;1;609.56
0.6997;ULT;2000001;0;0;1;602.22
0.6997;ULT;2000001;0;0;1;592.28
0.6997;ULT;2000001;0;0;1;605.26
0.6997;ULT;2000001;0;0;1;614.83
0.6997;ULT;2000001;0;0;1;604.14
0.6997;ULT;2000000;0;0;1;587.62
0.6997;ULT;2000001;0;0;1;598.01
0.6997;ULT;2000000;0;0;1;616.53
0.6997;ULT;2000000;0;0;1;583.19
0.6997;ULT;2000001;0;0;1;581.43
0.6997;ULT;2000001;0;0;1;586.46
0.6997;ULT;2000000;0;0;1;580.71
0.6997;ULT;2000001;0;0;1;586.03
0.6997;ULT;2000002;0;0;1;583.83
0.6997;ULT;2000000;0;0;1;579.76
0.6997;ULT;2000000;0;0;1;586.32
0.6997;ULT;2000001;0;0;1;581.03
0.6997;ULT;185898;0;0;0;56.03
0.6997;ULT;183497;0;0;0;56.03
0.6997;ULT;182264;0;0;0;56.03
0.6997;ULT;182475;0;0;0;56.03
0.6997;ULT;182952;0;0;0;56.03
0.6997;ULT;183092;0;0;0;56.03
0.6997;ULT;181727;0;0;0;56.03
0.6997;ULT;180189;0;0;0;56.03
0.6997;ULT;180254;0;0;0;56.03
0.6997;ULT;180455;0;0;0;56.03
0.6997;ULT;182664;0;0;0;56.03
0.6997;ULT;186790;0;0;0;56.03
0.6997;ULT;187842;0;0;0;56.03
0.6997;ULT;186578;0;0;0;56.03
0.6997;ULT;179720;0;0;0;56.03
0.6997;ULT;186660;0;0;0;56.03
0.6997;ULT;199461;0;0;0;56.03
0.6997;ULT;180617;0;0;0;56.03
0.6997;ULT;188616;0;0;0;56.03
0.6997;ULT;188505;0;0;0;56.03
0.6997;RULT;1378;0;0;0;5.41
0.6997;RULT;1340;0;0;0;5.41
0.6997;RULT;1350;0;0;0;5.41
0.6997;RULT;1342;0;0;0;5.41
0.6997;RULT;1348;0;0;0;5.41
0.6997;RULT;1346;0;0;0;5.41
0.6997;RULT;1350;0;0;0;5.41
0.6997;RULT;1345;0;0;0;5.41
0.6997;RULT;1349;0;0;0;5.41
0.6997;RULT;1341;0;0;0;5.41
0.6997;RULT;1349;0;0;0;5.41
0.6997;RULT;1343;0;0;0;5.41
0.6997;RULT;1346;0;0;0;5.41
0.6997;RULT;1344;0;0;0;5.41
0.6997;RULT;1347;0;0;0;5.41
0.6997;RULT;1344;0;0;0;5.41
0.6997;RULT;1348;0;0;0;5.41
0.6997;RULT;1347;0;0;0;5.41
0.6997;RULT;1351;0;0;0;5.41
0.6997;RULT;1344;0;0;0;5.41
0.6997;RULT;19;0;0;0;0.10
0.6997;RULT;19;0;0;0;0.10
0.6997;RULT;18;0;0;0;0.10
0.6997;RULT;19;0;0;0;0.10
0.6997;RULT;18;0;0;0;0.10
0.6997;RULT;18;0;0;0;0.10
0.6997;RULT;19;0;0;0;0.10
0.6997;RULT;19;0;0;0;0.10
0.6997;RULT;19;0;0;0;0.10
0.6997;RULT;19;0;0;0;0.10
0.6997;RULT;18;0;0;0;0.10
0.6997;RULT;23;0;0;0;0.10
0.6997;RULT;19;0;0;0;0.10
0.6997;RULT;18;0;0;0;0.10
0.6997;RULT;19;0;0;0;0.10
0.6997;RULT;19;0;0;0;0.10
0.6997;RULT;19;0;0;0;0.10
0.6997;RULT;19;0;0;0;0.10
0.6997;RULT;18;0;0;0;0.10
0.6997;RULT;18;0;0;0;0.10
0.6997;ILP;35627;0;0;0;0.00
0.6997;ILP;34425;0;0;0;0.00
0.6997;ILP;34488;0;0;0;0.00
0.6997;ILP;34516;0;0;0;0.00
0.6997;ILP;36090;0;0;0;0.00
0.6997;ILP;34382;0;0;0;0.00
0.6997;ILP;34789;0;0;0;0.00
0.6997;ILP;35579;0;0;0;0.00
0.6997;ILP;34763;0;0;0;0.00
0.6997;ILP;34795;0;0;0;0.00
0.6997;ILP;34901;0;0;0;0.00
0.6997;ILP;34724;0;0;0;0.00
0.6997;ILP;34742;0;0;0;0.00
0.6997;ILP;34757;0;0;0;0.00
0.6997;ILP;34737;0;0;0;0.00
0.6997;ILP;34852;0;0;0;0.00
0.6997;ILP;34948;0;0;0;0.00
0.6997;ILP;34743;0;0;0;0.00
0.6997;ILP;34702;0;0;0;0.00
0.6997;ILP;34795;0;0;0;0.00
0.6997;ILP;26142;0;0;0;0.00
0.6997;ILP;26087;0;0;0;0.00
0.6997;ILP;26298;0;0;0;0.00
0.6997;ILP;26048;0;0;0;0.00
0.6997;ILP;26027;0;0;0;0.00
0.6997;ILP;26965;0;0;0;0.00
0.6997;ILP;25925;0;0;0;0.00
0.6997;ILP;26144;0;0;0;0.00
0.6997;ILP;26046;0;0;0;0.00
0.6997;ILP;26196;0;0;0;0.00
0.6997;ILP;26369;0;0;0;0.00
0.6997;ILP;26744;0;0;0;0.00
0.6997;ILP;26594;0;0;0;0.00
0.6997;ILP;25751;0;0;0;0.00
0.6997;ILP;26372;0;0;0;0.00
0.6997;ILP;25617;0;0;0;0.00
0.6997;ILP;25609;0;0;0;0.00
0.6997;ILP;27006;0;0;0;0.00
0.6997;ILP;26484;0;0;0;0.00
0.6997;ILP;26223;0;0;0;0.00
0.6997;CP;234792;0;0;0;0.00
0.6997;CP;234071;0;0;0;0.00
0.6997;CP;197704;0;0;0;0.00
0.6997;CP;227422;0;0;0;0.00
0.6997;CP;234296;0;0;0;0.00
0.6997;CP;235641;0;0;0;0.00
0.6997;CP;235251;0;0;0;0.00
0.6997;CP;234898;0;0;0;0.00
0.6997;CP;227557;0;0;0;0.00
0.6997;CP;196723;0;0;0;0.00
0.6997;CP;235154;0;0;0;0.00
0.6997;CP;233385;0;0;0;0.00
0.6997;CP;235427;0;0;0;0.00
0.6997;CP;234435;0;0;0;0.00
0.6997;CP;233033;0;0;0;0.00
0.6997;CP;203865;0;0;0;0.00
0.6997;CP;221438;0;0;0;0.00
0.6997;CP;235216;0;0;0;0.00
0.6997;CP;235119;0;0;0;0.00
0.6997;CP;234397;0;0;0;0.00
0.6997;CP;128043;0;0;0;0.00
0.6997;CP;128211;0;0;0;0.00
0.6997;CP;128888;0;0;0;0.00
0.6997;CP;128182;0;0;0;0.00
0.6997;CP;128006;0;0;0;0.00
0.6997;CP;127110;0;0;0;0.00
0.6997;CP;127933;0;0;0;0.00
0.6997;CP;127312;0;0;0;0.00
0.6997;CP;127668;0;0;0;0.00
0.6997;CP;127588;0;0;0;0.00
0.6997;CP;127525;0;0;0;0.00
0.6997;CP;127535;0;0;0;0.00
0.6997;CP;126762;0;0;0;0.00
0.6997;CP;119935;0;0;0;0.00
0.6997;CP;112491;0;0;0;0.00
0.6997;CP;125735;0;0;0;0.00
0.6997;CP;128553;0;0;0;0.00
0.6997;CP;128330;0;0;0;0.00
0.6997;CP;128852;0;0;0;0.00
0.6997;CP;128823;0;0;0;0.00
0.6997;SCP;98941;0;0;0;0.00
0.6997;SCP;99054;0;0;0;0.00
0.6997;SCP;99223;0;0;0;0.00
0.6997;SCP;99047;0;0;0;0.00
0.6997;SCP;98924;0;0;0;0.00
0.6997;SCP;95496;0;0;0;0.00
0.6997;SCP;96012;0;0;0;0.00
0.6997;SCP;98979;0;0;0;0.00
0.6997;SCP;99180;0;0;0;0.00
0.6997;SCP;99145;0;0;0;0.00
0.6997;SCP;99422;0;0;0;0.00
0.6997;SCP;99613;0;0;0;0.00
0.6997;SCP;99150;0;0;0;0.00
0.6997;SCP;99035;0;0;0;0.00
0.6997;SCP;99353;0;0;0;0.00
0.6997;SCP;99171;0;0;0;0.00
0.6997;SCP;99495;0;0;0;0.00
0.6997;SCP;99888;0;0;0;0.00
0.6997;SCP;99155;0;0;0;0.00
0.6997;SCP;99177;0;0;0;0.00
0.6997;SCP;76949;0;0;0;0.00
0.6997;SCP;77338;0;0;0;0.00
0.6997;SCP;76807;0;0;0;0.00
0.6997;SCP;77117;0;0;0;0.00
0.6997;SCP;76977;0;0;0;0.00
0.6997;SCP;76920;0;0;0;0.00
0.6997;SCP;77120;0;0;0;0.00
0.6997;SCP;77153;0;0;0;0.00
0.6997;SCP;77019;0;0;0;0.00
0.6997;SCP;76752;0;0;0;0.00
0.6997;SCP;76747;0;0;0;0.00
0.6997;SCP;76864;0;0;0;0.00
0.6997;SCP;77326;0;0;0;0.00
0.6997;SCP;76825;0;0;0;0.00
0.6997;SCP;77457;0;0;0;0.00
0.6997;SCP;77109;0;0;0;0.00
0.6997;SCP;77105;0;0;0;0.00
0.6997;SCP;75671;0;0;0;0.00
0.6997;SCP;75138;0;0;0;0.00
0.6997;SCP;75612;0;0;0;0.00
0.6997;KAB;676002;0;0;0;0.00
0.6997;KAB;676160;0;0;0;0.00
0.6997;KAB;675963;0;0;0;0.00
0.6997;KAB;676437;0;0;0;0.00
0.6997;KAB;676115;0;0;0;0.00
0.6997;KAB;675984;0;0;0;0.00
0.6997;KAB;676082;0;0;0;0.00
0.6997;KAB;676668;0;0;0;0.00
0.6997;KAB;677049;0;0;0;0.00
0.6997;KAB;676293;0;0;0;0.00
0.6997;KAB;676526;0;0;0;0.00
0.6997;KAB;676290;0;0;0;0.00
0.6997;KAB;676102;0;0;0;0.00
0.6997;KAB;675850;0;0;0;0.00
0.6997;KAB;675558;0;0;0;0.00
0.6997;KAB;675681;0;0;0;0.00
0.6997;KAB;675741;0;0;0;0.00
0.6997;KAB;676385;0;0;0;0.00
0.6997;KAB;676607;0;0;0;0.00
0.6997;KAB;676465;0;0;0;0.00
0.6997;KAB;364;0;0;0;0.00
0.6997;KAB;25;0;0;0;0.00
0.6997;KAB;22;0;0;0;0.00
0.6997;KAB;21;0;0;0;0.00
0.6997;KAB;21;0;0;0;0.00
0.6997;KAB;21;0;0;0;0.00
0.6997;KAB;20;0;0;0;0.00
0.6997;KAB;20;0;0;0;0.00
0.6997;KAB;20;0;0;0;0.00
0.6997;KAB;20;0;0;0;0.00
0.6997;KAB;21;0;0;0;0.00
0.6997;KAB;20;0;0;0;0.00
0.6997;KAB;20;0;0;0;0.00
0.6997;KAB;20;0;0;0;0.00
0.6997;KAB;20;0;0;0;0.00
0.6997;KAB;20;0;0;0;0.00
0.6997;KAB;20;0;0;0;0.00
0.6997;KAB;20;0;0;0;0.00
0.6997;KAB;20;0;0;0;0.00
0.6997;KAB;20;0;0;0;0.00
0.6997;BFDC;334;0;0;0;2.39
0.6997;BFDC;333;0;0;0;2.39
0.6997;BFDC;334;0;0;0;2.39
0.6997;BFDC;332;0;0;0;2.39
0.6997;BFDC;339;0;0;0;2.39
0.6997;BFDC;332;0;0;0;2.39
0.6997;BFDC;334;0;0;0;2.39
0.6997;BFDC;332;0;0;0;2.39
0.6997;BFDC;333;0;0;0;2.39
0.6997;BFDC;333;0;0;0;2.39
0.6997;BFDC;334;0;0;0;2.39
0.6997;BFDC;332;0;0;0;2.39
0.6997;BFDC;332;0;0;0;2.39
0.6997;BFDC;332;0;0;0;2.39
0.6997;BFDC;333;0;0;0;2.39
0.6997;BFDC;333;0;0;0;2.39
0.6997;BFDC;333;0;0;0;2.39
0.6997;BFDC;330;0;0;0;2.39
0.6997;BFDC;332;0;0;0;2.39
0.6997;BFDC;332;0;0;0;2.39
0.6997;BFDC;29;0;0;0;0.14
0.6997;BFDC;28;0;0;0;0.14
0.6997;BFDC;27;0;0;0;0.14
0.6997;BFDC;27;0;0;0;0.14
0.6997;BFDC;27;0;0;0;0.14
0.6997;BFDC;27;0;0;0;0.14
0.6997;BFDC;27;0;0;0;0.14
0.6997;BFDC;27;0;0;0;0.14
0.6997;BFDC;27;0;0;0;0.14
0.6997;BFDC;27;0;0;0;0.14
0.6997;BFDC;27;0;0;0;0.14
0.6997;BFDC;27;0;0;0;0.14
0.6997;BFDC;27;0;0;0;0.14
0.6997;BFDC;27;0;0;0;0.14
0.6997;BFDC;27;0;0;0;0.14
0.6997;BFDC;27;0;0;0;0.14
0.6997;BFDC;27;0;0;0;0.14
0.6997;BFDC;27;0;0;0;0.14
0.6997;BFDC;27;0;0;0;0.14
0.6997;BFDC;27;0;0;0;0.14
0.6997;CRA;805;0;0;0;4.18
0.6997;CRA;764;0;0;0;4.18
0.6997;CRA;765;0;0;0;4.18
0.6997;CRA;763;0;0;0;4.18
0.6997;CRA;772;0;0;0;4.18
0.6997;CRA;765;0;0;0;4.18
0.6997;CRA;763;0;0;0;4.18
0.6997;CRA;762;0;0;0;4.18
0.6997;CRA;764;0;0;0;4.18
0.6997;CRA;773;0;0;0;4.18
0.6997;CRA;762;0;0;0;4.18
0.6997;CRA;764;0;0;0;4.18
0.6997;CRA;765;0;0;0;4.18
0.6997;CRA;762;0;0;0;4.18
0.6997;CRA;770;0;0;0;4.18
0.6997;CRA;764;0;0;0;4.18
0.6997;CRA;763;0;0;0;4.18
0.6997;CRA;765;0;0;0;4.18
0.6997;CRA;765;0;0;0;4.18
0.6997;CRA;772;0;0;0;4.18
0.6997;CRA;41;0;0;0;0.10
0.6997;CRA;30;0;0;0;0.10
0.6997;CRA;29;0;0;0;0.10
0.6997;CRA;28;0;0;0;0.10
0.6997;CRA;28;0;0;0;0.10
0.6997;CRA;28;0;0;0;0.10
0.6997;CRA;28;0;0;0;0.10
0.6997;CRA;28;0;0;0;0.10
0.6997;CRA;28;0;0;0;0.10
0.6997;CRA;28;0;0;0;0.10
0.6997;CRA;28;0;0;0;0.10
0.6997;CRA;27;0;0;0;0.10
0.6997;CRA;28;0;0;0;0.10
0.6997;CRA;28;0;0;0;0.10
0.6997;CRA;28;0;0;0;0.10
0.6997;CRA;28;0;0;0;0.10
0.6997;CRA;27;0;0;0;0.10
0.6997;CRA;28;0;0;0;0.10
0.6997;CRA;27;0;0;0;0.10
0.6997;CRA;28;0;0;0;0.10
0.1999;ULT;2000001;0;0;1;590.35
0.1999;ULT;2000001;0;0;1;587.27
0.1999;ULT;2000000;0;0;1;591.29
0.1999;ULT;2000000;0;0;1;587.32
0.1999;ULT;2000000;0;0;1;591.60
0.1999;ULT;2000001;0;0;1;565.34
0.1999;ULT;2000001;0;0;1;578.00
0.1999;ULT;2000000;0;0;1;578.32
0.1999;ULT;2000001;0;0;1;578.37
0.1999;ULT;2000000;0;0;1;578.21
0.1999;ULT;2000001;0;0;1;578.37
0.1999;ULT;2000000;0;0;1;578.42
0.1999;ULT;2000001;0;0;1;578.35
0.1999;ULT;2000001;0;0;1;578.39
0.1999;ULT;2000000;0;0;1;578.37
0.1999;ULT;2000001;0;0;1;578.42
0.1999;ULT;2000001;0;0;1;578.38
0.1999;ULT;2000000;0;0;1;578.31
0.1999;ULT;2000000;0;0;1;578.29
0.1999;ULT;2000001;0;0;1;578.33
0.1999;ULT;1253196;0;0;0;372.19
0.1999;ULT;1242093;0;0;0;372.19
0.1999;ULT;1249091;0;0;0;372.19
0.1999;ULT;1252392;0;0;0;372.19
0.1999;ULT;1240917;0;0;0;372.19
0.1999;ULT;1247532;0;0;0;372.19
0.1999;ULT;1251502;0;0;0;372.19
0.1999;ULT;1239430;0;0;0;372.19
0.1999;ULT;1252434;0;0;0;372.19
0.1999;ULT;1241763;0;0;0;372.19
0.1999;ULT;1246970;0;0;0;372.19
0.1999;ULT;1251974;0;0;0;372.19
0.1999;ULT;1242163;0;0;0;372.19
0.1999;ULT;1245652;0;0;0;372.19
0.1999;ULT;1252189;0;0;0;372.19
0.1999;ULT;1242274;0;0;0;372.19
0.1999;ULT;1243888;0;0;0;372.19
0.1999;ULT;1251477;0;0;0;372.19
0.1999;ULT;1242515;0;0;0;372.19
0.1999;ULT;1242689;0;0;0;372.19
0.1999;RULT;114;0;0;0;1.32
0.1999;RULT;113;0;0;0;1.32
0.1999;RULT;114;0;0;0;1.32
0.1999;RULT;113;0;0;0;1.32
0.1999;RULT;114;0;0;0;1.32
0.1999;RULT;113;0;0;0;1.32
0.1999;RULT;114;0;0;0;1.32
0.1999;RULT;114;0;0;0;1.32
0.1999;RULT;120;0;0;0;1.32
0.1999;RULT;114;0;0;0;1.32
0.1999;RULT;114;0;0;0;1.32
0.1999;RULT;114;0;0;0;1.32
0.1999;RULT;114;0;0;0;1.32
0.1999;RULT;115;0;0;0;1.32
0.1999;RULT;115;0;0;0;1.32
0.1999;RULT;114;0;0;0;1.32
0.1999;RULT;115;0;0;0;1.32
0.1999;RULT;114;0;0;0;1.32
0.1999;RULT;114;0;0;0;1.32
0.1999;RULT;114;0;0;0;1.32
0.1999;RULT;25;0;0;0;0.19
0.1999;RULT;25;0;0;0;0.19
0.1999;RULT;24;0;0;0;0.19
0.1999;RULT;24;0;0;0;0.19
0.1999;RULT;25;0;0;0;0.19
0.1999;RULT;24;0;0;0;0.19
0.1999;RULT;24;0;0;0;0.19
0.1999;RULT;24;0;0;0;0.19
0.1999;RULT;24;0;0;0;0.19
0.1999;RULT;24;0;0;0;0.19
0.1999;RULT;24;0;0;0;0.19
0.1999;RULT;24;0;0;0;0.19
0.1999;RULT;24;0;0;0;0.19
0.1999;RULT;24;0;0;0;0.19
0.1999;RULT;25;0;0;0;0.19
0.1999;RULT;25;0;0;0;0.19
0.1999;RULT;24;0;0;0;0.19
0.1999;RULT;24;0;0;0;0.19
0.1999;RULT;24;0;0;0;0.19
0.1999;RULT;24;0;0;0;0.19
0.1999;ILP;14596;0;0;0;0.00
0.1999;ILP;13773;0;0;0;0.00
0.1999;ILP;13706;0;0;0;0.00
0.1999;ILP;13843;0;0;0;0.00
0.1999;ILP;13995;0;0;0;0.00
0.1999;ILP;13587;0;0;0;0.00
0.1999;ILP;13936;0;0;0;0.00
0.1999;ILP;14332;0;0;0;0.00
0.1999;ILP;13873;0;0;0;0.00
0.1999;ILP;14015;0;0;0;0.00
0.1999;ILP;13704;0;0;0;0.00
0.1999;ILP;14071;0;0;0;0.00
0.1999;ILP;13799;0;0;0;0.00
0.1999;ILP;13779;0;0;0;0.00
0.1999;ILP;13664;0;0;0;0.00
0.1999;ILP;13753;0;0;0;0.00
0.1999;ILP;13568;0;0;0;0.00
0.1999;ILP;13511;0;0;0;0.00
0.1999;ILP;13875;0;0;0;0.00
0.1999;ILP;13899;0;0;0;0.00
0.1999;ILP;14383;0;0;0;0.00
0.1999;ILP;13397;0;0;0;0.00
0.1999;ILP;13383;0;0;0;0.00
0.1999;ILP;13427;0;0;0;0.00
0.1999;ILP;13398;0;0;0;0.00
0.1999;ILP;13576;0;0;0;0.00
0.1999;ILP;13388;0;0;0;0.00
0.1999;ILP;13394;0;0;0;0.00
0.1999;ILP;13439;0;0;0;0.00
0.1999;ILP;13439;0;0;0;0.00
0.1999;ILP;13357;0;0;0;0.00
0.1999;ILP;13439;0;0;0;0.00
0.1999;ILP;13688;0;0;0;0.00
0.1999;ILP;13502;0;0;0;0.00
0.1999;ILP;13508;0;0;0;0.00
0.1999;ILP;13370;0;0;0;0.00
0.1999;ILP;13413;0;0;0;0.00
0.1999;ILP;13471;0;0;0;0.00
0.1999;ILP;13554;0;0;0;0.00
0.1999;ILP;13629;0;0;0;0.00
0.1999;CP;111477;0;0;0;0.00
0.1999;CP;110975;0;0;0;0.00
0.1999;CP;110021;0;0;0;0.00
0.1999;CP;109970;0;0;0;0.00
0.1999;CP;110841;0;0;0;0.00
0.1999;CP;110713;0;0;0;0.00
0.1999;CP;111553;0;0;0;0.00
0.1999;CP;111146;0;0;0;0.00
0.1999;CP;110577;0;0;0;0.00
0.1999;CP;109591;0;0;0;0.00
0.1999;CP;110427;0;0;0;0.00
0.1999;CP;109417;0;0;0;0.00
0.1999;CP;110339;0;0;0;0.00
0.1999;CP;111311;0;0;0;0.00
0.1999;CP;110167;0;0;0;0.00
0.1999;CP;109922;0;0;0;0.00
0.1999;CP;109905;0;0;0;0.00
0.1999;CP;111045;0;0;0;0.00
0.1999;CP;109510;0;0;0;0.00
0.1999;CP;109939;0;0;0;0.00
0.1999;CP;67995;0;0;0;0.00
0.1999;CP;68353;0;0;0;0.00
0.1999;CP;68375;0;0;0;0.00
0.1999;CP;68002;0;0;0;0.00
0.1999;CP;68275;0;0;0;0.00
0.1999;CP;67839;0;0;0;0.00
0.1999;CP;67969;0;0;0;0.00
0.1999;CP;68218;0;0;0;0.00
0.1999;CP;68234;0;0;0;0.00
0.1999;CP;68277;0;0;0;0.00
0.1999;CP;69205;0;0;0;0.00
0.1999;CP;68101;0;0;0;0.00
0.1999;CP;67860;0;0;0;0.00
0.1999;CP;67921;0;0;0;0.00
0.1999;CP;67829;0;0;0;0.00
0.1999;CP;67861;0;0;0;0.00
0.1999;CP;68173;0;0;0;0.00
0.1999;CP;69197;0;0;0;0.00
0.1999;CP;62653;0;0;0;0.00
0.1999;CP;62396;0;0;0;0.00
0.1999;SCP;98203;0;0;0;0.00
0.1999;SCP;100806;0;0;0;0.00
0.1999;SCP;98987;0;0;0;0.00
0.1999;SCP;101041;0;0;0;0.00
0.1999;SCP;98961;0;0;0;0.00
0.1999;SCP;100325;0;0;0;0.00
0.1999;SCP;98610;0;0;0;0.00
0.1999;SCP;98547;0;0;0;0.00
0.1999;SCP;101602;0;0;0;0.00
0.1999;SCP;99126;0;0;0;0.00
0.1999;SCP;100974;0;0;0;0.00
0.1999;SCP;98924;0;0;0;0.00
0.1999;SCP;101106;0;0;0;0.00
0.1999;SCP;100149;0;0;0;0.00
0.1999;SCP;98066;0;0;0;0.00
0.1999;SCP;98195;0;0;0;0.00
0.1999;SCP;102307;0;0;0;0.00
0.1999;SCP;102368;0;0;0;0.00
0.1999;SCP;102946;0;0;0;0.00
0.1999;SCP;99834;0;0;0;0.00
0.1999;SCP;55492;0;0;0;0.00
0.1999;SCP;57504;0;0;0;0.00
0.1999;SCP;59130;0;0;0;0.00
0.1999;SCP;59042;0;0;0;0.00
0.1999;SCP;59937;0;0;0;0.00
0.1999;SCP;58999;0;0;0;0.00
0.1999;SCP;59020;0;0;0;0.00
0.1999;SCP;59002;0;0;0;0.00
0.1999;SCP;59090;0;0;0;0.00
0.1999;SCP;59043;0;0;0;0.00
0.1999;SCP;58968;0;0;0;0.00
0.1999;SCP;58968;0;0;0;0.00
0.1999;SCP;59037;0;0;0;0.00
0.1999;SCP;59206;0;0;0;0.00
0.1999;SCP;59119;0;0;0;0.00
0.1999;SCP;58981;0;0;0;0.00
0.1999;SCP;59033;0;0;0;0.00
0.1999;SCP;58968;0;0;0;0.00
0.1999;SCP;59028;0;0;0;0.00
0.1999;SCP;58985;0;0;0;0.00
0.1999;KAB;470;0;0;0;0.00
0.1999;KAB;116;0;0;0;0.00
0.1999;KAB;113;0;0;0;0.00
0.1999;KAB;112;0;0;0;0.00
0.1999;KAB;112;0;0;0;0.00
0.1999;KAB;113;0;0;0;0.00
0.1999;KAB;113;0;0;0;0.00
0.1999;KAB;112;0;0;0;0.00
0.1999;KAB;112;0;0;0;0.00
0.1999;KAB;112;0;0;0;0.00
0.1999;KAB;113;0;0;0;0.00
0.1999;KAB;112;0;0;0;0.00
0.1999;KAB;112;0;0;0;0.00
0.1999;KAB;112;0;0;0;0.00
0.1999;KAB;112;0;0;0;0.00
0.1999;KAB;111;0;0;0;0.00
0.1999;KAB;112;0;0;0;0.00
0.1999;KAB;112;0;0;0;0.00
0.1999;KAB;112;0;0;0;0.00
0.1999;KAB;112;0;0;0;0.00
0.1999;KAB;385;0;0;0;0.00
0.1999;KAB;32;0;0;0;0.00
0.1999;KAB;39;0;0;0;0.00
0.1999;KAB;26;0;0;0;0.00
0.1999;KAB;26;0;0;0;0.00
0.1999;KAB;26;0;0;0;0.00
0.1999;KAB;25;0;0;0;0.00
0.1999;KAB;25;0;0;0;0.00
0.1999;KAB;25;0;0;0;0.00
0.1999;KAB;24;0;0;0;0.00
0.1999;KAB;27;0;0;0;0.00
0.1999;KAB;26;0;0;0;0.00
0.1999;KAB;25;0;0;0;0.00
0.1999;KAB;24;0;0;0;0.00
0.1999;KAB;24;0;0;0;0.00
0.1999;KAB;24;0;0;0;0.00
0.1999;KAB;24;0;0;0;0.00
0.1999;KAB;24;0;0;0;0.00
0.1999;KAB;24;0;0;0;0.00
0.1999;KAB;24;0;0;0;0.00
0.1999;BFDC;232;0;0;0;1.52
0.1999;BFDC;229;0;0;0;1.52
0.1999;BFDC;229;0;0;0;1.52
0.1999;BFDC;229;0;0;0;1.52
0.1999;BFDC;230;0;0;0;1.52
0.1999;BFDC;230;0;0;0;1.52
0.1999;BFDC;229;0;0;0;1.52
0.1999;BFDC;229;0;0;0;1.52
0.1999;BFDC;234;0;0;0;1.52
0.1999;BFDC;229;0;0;0;1.52
0.1999;BFDC;229;0;0;0;1.52
0.1999;BFDC;229;0;0;0;1.52
0.1999;BFDC;228;0;0;0;1.52
0.1999;BFDC;229;0;0;0;1.52
0.1999;BFDC;229;0;0;0;1.52
0.1999;BFDC;229;0;0;0;1.52
0.1999;BFDC;229;0;0;0;1.52
0.1999;BFDC;229;0;0;0;1.52
0.1999;BFDC;229;0;0;0;1.52
0.1999;BFDC;234;0;0;0;1.52
0.1999;BFDC;41;0;0;0;0.22
0.1999;BFDC;40;0;0;0;0.22
0.1999;BFDC;40;0;0;0;0.22
0.1999;BFDC;40;0;0;0;0.22
0.1999;BFDC;40;0;0;0;0.22
0.1999;BFDC;40;0;0;0;0.22
0.1999;BFDC;39;0;0;0;0.22
0.1999;BFDC;39;0;0;0;0.22
0.1999;BFDC;39;0;0;0;0.22
0.1999;BFDC;39;0;0;0;0.22
0.1999;BFDC;39;0;0;0;0.22
0.1999;BFDC;39;0;0;0;0.22
0.1999;BFDC;39;0;0;0;0.22
0.1999;BFDC;39;0;0;0;0.22
0.1999;BFDC;39;0;0;0;0.22
0.1999;BFDC;39;0;0;0;0.22
0.1999;BFDC;39;0;0;0;0.22
0.1999;BFDC;39;0;0;0;0.22
0.1999;BFDC;39;0;0;0;0.22
0.1999;BFDC;39;0;0;0;0.22
0.1999;CRA;185;0;0;0;1.20
0.1999;CRA;147;0;0;0;1.20
0.1999;CRA;145;0;0;0;1.20
0.1999;CRA;144;0;0;0;1.20
0.1999;CRA;144;0;0;0;1.20
0.1999;CRA;143;0;0;0;1.20
0.1999;CRA;143;0;0;0;1.20
0.1999;CRA;143;0;0;0;1.20
0.1999;CRA;143;0;0;0;1.20
0.1999;CRA;143;0;0;0;1.20
0.1999;CRA;143;0;0;0;1.20
0.1999;CRA;143;0;0;0;1.20
0.1999;CRA;143;0;0;0;1.20
0.1999;CRA;143;0;0;0;1.20
0.1999;CRA;151;0;0;0;1.20
0.1999;CRA;142;0;0;0;1.20
0.1999;CRA;143;0;0;0;1.20
0.1999;CRA;143;0;0;0;1.20
0.1999;CRA;143;0;0;0;1.20
0.1999;CRA;143;0;0;0;1.20
0.1999;CRA;51;0;0;0;0.18
0.1999;CRA;37;0;0;0;0.18
0.1999;CRA;35;0;0;0;0.18
0.1999;CRA;35;0;0;0;0.18
0.1999;CRA;34;0;0;0;0.18
0.1999;CRA;34;0;0;0;0.18
0.1999;CRA;34;0;0;0;0.18
0.1999;CRA;34;0;0;0;0.18
0.1999;CRA;33;0;0;0;0.18
0.1999;CRA;33;0;0;0;0.18
0.1999;CRA;33;0;0;0;0.18
0.1999;CRA;33;0;0;0;0.18
0.1999;CRA;33;0;0;0;0.18
0.1999;CRA;33;0;0;0;0.18
0.1999;CRA;33;0;0;0;0.18
0.1999;CRA;33;0;0;0;0.18
0.1999;CRA;33;0;0;0;0.18
0.1999;CRA;33;0;0;0;0.18
0.1999;CRA;33;0;0;0;0.18
0.1999;CRA;34;0;0;0;0.18
0.4998;RULT;40;0;0;0;0.37
0.4998;RULT;39;0;0;0;0.37
0.4998;RULT;39;0;0;0;0.37
0.4998;RULT;39;0;0;0;0.37
0.4998;RULT;39;0;0;0;0.37
0.4998;RULT;39;0;0;0;0.37
0.4998;RULT;39;0;0;0;0.37
0.4998;RULT;39;0;0;0;0.37
0.4998;RULT;39;0;0;0;0.37
0.4998;RULT;39;0;0;0;0.37
0.4998;RULT;39;0;0;0;0.37
0.4998;RULT;39;0;0;0;0.37
0.4998;RULT;39;0;0;0;0.37
0.4998;RULT;39;0;0;0;0.37
0.4998;RULT;39;0;0;0;0.37
0.4998;RULT;40;0;0;0;0.37
0.4998;RULT;39;0;0;0;0.37
0.4998;RULT;39;0;0;0;0.37
0.4998;RULT;39;0;0;0;0.37
0.4998;RULT;39;0;0;0;0.37
0.4998;RULT;65;0;0;0;0.66
0.4998;RULT;64;0;0;0;0.66
0.4998;RULT;63;0;0;0;0.66
0.4998;RULT;64;0;0;0;0.66
0.4998;RULT;64;0;0;0;0.66
0.4998;RULT;63;0;0;0;0.66
0.4998;RULT;63;0;0;0;0.66
0.4998;RULT;64;0;0;0;0.66
0.4998;RULT;63;0;0;0;0.66
0.4998;RULT;69;0;0;0;0.66
0.4998;RULT;63;0;0;0;0.66
0.4998;RULT;64;0;0;0;0.66
0.4998;RULT;64;0;0;0;0.66
0.4998;RULT;64;0;0;0;0.66
0.4998;RULT;64;0;0;0;0.66
0.4998;RULT;64;0;0;0;0.66
0.4998;RULT;64;0;0;0;0.66
0.4998;RULT;63;0;0;0;0.66
0.4998;RULT;64;0;0;0;0.66
0.4998;RULT;64;0;0;0;0.66
0.4998;ILP;21465;0;0;0;0.00
0.4998;ILP;21368;0;0;0;0.00
0.4998;ILP;21128;0;0;0;0.00
0.4998;ILP;21275;0;0;0;0.00
0.4998;ILP;21160;0;0;0;0.00
0.4998;ILP;21177;0;0;0;0.00
0.4998;ILP;21148;0;0;0;0.00
0.4998;ILP;21201;0;0;0;0.00
0.4998;ILP;22170;0;0;0;0.00
0.4998;ILP;21252;0;0;0;0.00
0.4998;ILP;21184;0;0;0;0.00
0.4998;ILP;21241;0;0;0;0.00
0.4998;ILP;21247;0;0;0;0.00
0.4998;ILP;21311;0;0;0;0.00
0.4998;ILP;21622;0;0;0;0.00
0.4998;ILP;21214;0;0;0;0.00
0.4998;ILP;21213;0;0;0;0.00
0.4998;ILP;21204;0;0;0;0.00
0.4998;ILP;21175;0;0;0;0.00
0.4998;ILP;21181;0;0;0;0.00
0.4998;ILP;21491;0;0;0;0.00
0.4998;ILP;21328;0;0;0;0.00
0.4998;ILP;22231;0;0;0;0.00
0.4998;ILP;21636;0;0;0;0.00
0.4998;ILP;22043;0;0;0;0.00
0.4998;ILP;21931;0;0;0;0.00
0.4998;ILP;21304;0;0;0;0.00
0.4998;ILP;21323;0;0;0;0.00
0.4998;ILP;21693;0;0;0;0.00
0.4998;ILP;21321;0;0;0;0.00
0.4998;ILP;21733;0;0;0;0.00
0.4998;ILP;22281;0;0;0;0.00
0.4998;ILP;21679;0;0;0;0.00
0.4998;ILP;21334;0;0;0;0.00
0.4998;ILP;21872;0;0;0;0.00
0.4998;ILP;21332;0;0;0;0.00
0.4998;ILP;21479;0;0;0;0.00
0.4998;ILP;21312;0;0;0;0.00
0.4998;ILP;21853;0;0;0;0.00
0.4998;ILP;21439;0;0;0;0.00
0.4998;CP;99583;0;0;0;0.00
0.4998;CP;100269;0;0;0;0.00
0.4998;CP;99670;0;0;0;0.00
0.4998;CP;99794;0;0;0;0.00
0.4998;CP;98282;0;0;0;0.00
0.4998;CP;90715;0;0;0;0.00
0.4998;CP;90827;0;0;0;0.00
0.4998;CP;96384;0;0;0;0.00
0.4998;CP;97451;0;0;0;0.00
0.4998;CP;97083;0;0;0;0.00
0.4998;CP;96223;0;0;0;0.00
0.4998;CP;97538;0;0;0;0.00
0.4998;CP;94820;0;0;0;0.00
0.4998;CP;91331;0;0;0;0.00
0.4998;CP;91781;0;0;0;0.00
0.4998;CP;96176;0;0;0;0.00
0.4998;CP;100481;0;0;0;0.00
0.4998;CP;96329;0;0;0;0.00
0.4998;CP;90741;0;0;0;0.00
0.4998;CP;93388;0;0;0;0.00
0.4998;CP;101310;0;0;0;0.00
0.4998;CP;101140;0;0;0;0.00
0.4998;CP;101554;0;0;0;0.00
0.4998;CP;93694;0;0;0;0.00
0.4998;CP;91336;0;0;0;0.00
0.4998;CP;94887;0;0;0;0.00
0.4998;CP;101638;0;0;0;0.00
0.4998;CP;102092;0;0;0;0.00
0.4998;CP;101216;0;0;0;0.00
0.4998;CP;101410;0;0;0;0.00
0.4998;CP;101383;0;0;0;0.00
0.4998;CP;101416;0;0;0;0.00
0.4998;CP;101143;0;0;0;0.00
0.4998;CP;101359;0;0;0;0.00
0.4998;CP;101170;0;0;0;0.00
0.4998;CP;101281;0;0;0;0.00
0.4998;CP;101129;0;0;0;0.00
0.4998;CP;101709;0;0;0;0.00
0.4998;CP;101320;0;0;0;0.00
0.4998;CP;101247;0;0;0;0.00
0.4998;SCP;108713;0;0;0;0.00
0.4998;SCP;108414;0;0;0;0.00
0.4998;SCP;106107;0;0;0;0.00
0.4998;SCP;108357;0;0;0;0.00
0.4998;SCP;108261;0;0;0;0.00
0.4998;SCP;108415;0;0;0;0.00
0.4998;SCP;105922;0;0;0;0.00
0.4998;SCP;106682;0;0;0;0.00
0.4998;SCP;108163;0;0;0;0.00
0.4998;SCP;108727;0;0;0;0.00
0.4998;SCP;105735;0;0;0;0.00
0.4998;SCP;106877;0;0;0;0.00
0.4998;SCP;109444;0;0;0;0.00
0.4998;SCP;108560;0;0;0;0.00
0.4998;SCP;105971;0;0;0;0.00
0.4998;SCP;106623;0;0;0;0.00
0.4998;SCP;108336;0;0;0;0.00
0.4998;SCP;108710;0;0;0;0.00
0.4998;SCP;106150;0;0;0;0.00
0.4998;SCP;105911;0;0;0;0.00
0.4998;SCP;99414;0;0;0;0.00
0.4998;SCP;98866;0;0;0;0.00
0.4998;SCP;99181;0;0;0;0.00
0.4998;SCP;98993;0;0;0;0.00
0.4998;SCP;100775;0;0;0;0.00
0.4998;SCP;100128;0;0;0;0.00
0.4998;SCP;99875;0;0;0;0.00
0.4998;SCP;99058;0;0;0;0.00
0.4998;SCP;99147;0;0;0;0.00
0.4998;SCP;99548;0;0;0;0.00
0.4998;SCP;99702;0;0;0;0.00
0.4998;SCP;99478;0;0;0;0.00
0.4998;SCP;99043;0;0;0;0.00
0.4998;SCP;99077;0;0;0;0.00
0.4998;SCP;99375;0;0;0;0.00
0.4998;SCP;99466;0;0;0;0.00
0.4998;SCP;99326;0;0;0;0.00
0.4998;SCP;98906;0;0;0;0.00
0.4998;SCP;99127;0;0;0;0.00
0.4998;SCP;99401;0;0;0;0.00
0.4998;KAB;737;0;0;0;0.00
0.4998;KAB;46;0;0;0;0.00
0.4998;KAB;45;0;0;0;0.00
0.4998;KAB;42;0;0;0;0.00
0.4998;KAB;42;0;0;0;0.00
0.4998;KAB;42;0;0;0;0.00
0.4998;KAB;41;0;0;0;0.00
0.4998;KAB;42;0;0;0;0.00
0.4998;KAB;41;0;0;0;0.00
0.4998;KAB;41;0;0;0;0.00
0.4998;KAB;41;0;0;0;0.00
0.4998;KAB;41;0;0;0;0.00
0.4998;KAB;41;0;0;0;0.00
0.4998;KAB;39;0;0;0;0.00
0.4998;KAB;41;0;0;0;0.00
0.4998;KAB;40;0;0;0;0.00
0.4998;KAB;51;0;0;0;0.00
0.4998;KAB;40;0;0;0;0.00
0.4998;KAB;40;0;0;0;0.00
0.4998;KAB;39;0;0;0;0.00
0.4998;KAB;764;0;0;0;0.00
0.4998;KAB;73;0;0;0;0.00
0.4998;KAB;69;0;0;0;0.00
0.4998;KAB;70;0;0;0;0.00
0.4998;KAB;70;0;0;0;0.00
0.4998;KAB;67;0;0;0;0.00
0.4998;KAB;69;0;0;0;0.00
0.4998;KAB;68;0;0;0;0.00
0.4998;KAB;68;0;0;0;0.00
0.4998;KAB;69;0;0;0;0.00
0.4998;KAB;68;0;0;0;0.00
0.4998;KAB;69;0;0;0;0.00
0.4998;KAB;68;0;0;0;0.00
0.4998;KAB;68;0;0;0;0.00
0.4998;KAB;68;0;0;0;0.00
0.4998;KAB;68;0;0;0;0.00
0.4998;KAB;68;0;0;0;0.00
0.4998;KAB;68;0;0;0;0.00
0.4998;KAB;68;0;0;0;0.00
0.4998;KAB;68;0;0;0;0.00
0.4998;BFDC;73;0;0;0;0.49
0.4998;BFDC;72;0;0;0;0.49
0.4998;BFDC;72;0;0;0;0.49
0.4998;BFDC;71;0;0;0;0.49
0.4998;BFDC;70;0;0;0;0.49
0.4998;BFDC;71;0;0;0;0.49
0.4998;BFDC;71;0;0;0;0.49
0.4998;BFDC;71;0;0;0;0.49
0.4998;BFDC;71;0;0;0;0.49
0.4998;BFDC;70;0;0;0;0.49
0.4998;BFDC;70;0;0;0;0.49
0.4998;BFDC;70;0;0;0;0.49
0.4998;BFDC;71;0;0;0;0.49
0.4998;BFDC;70;0;0;0;0.49
0.4998;BFDC;70;0;0;0;0.49
0.4998;BFDC;70;0;0;0;0.49
0.4998;BFDC;71;0;0;0;0.49
0.4998;BFDC;70;0;0;0;0.49
0.4998;BFDC;70;0;0;0;0.49
0.4998;BFDC;70;0;0;0;0.49
0.4998;BFDC;126;0;0;0;0.88
0.4998;BFDC;123;0;0;0;0.88
0.4998;BFDC;122;0;0;0;0.88
0.4998;BFDC;127;0;0;0;0.88
0.4998;BFDC;122;0;0;0;0.88
0.4998;BFDC;122;0;0;0;0.88
0.4998;BFDC;122;0;0;0;0.88
0.4998;BFDC;121;0;0;0;0.88
0.4998;BFDC;122;0;0;0;0.88
0.4998;BFDC;122;0;0;0;0.88
0.4998;BFDC;122;0;0;0;0.88
0.4998;BFDC;122;0;0;0;0.88
0.4998;BFDC;122;0;0;0;0.88
0.4998;BFDC;122;0;0;0;0.88
0.4998;BFDC;121;0;0;0;0.88
0.4998;BFDC;121;0;0;0;0.88
0.4998;BFDC;121;0;0;0;0.88
0.4998;BFDC;124;0;0;0;0.88
0.4998;BFDC;124;0;0;0;0.88
0.4998;BFDC;127;0;0;0;0.88
0.4998;CRA;80;0;0;0;0.36
0.4998;CRA;57;0;0;0;0.36
0.4998;CRA;54;0;0;0;0.36
0.4998;CRA;53;0;0;0;0.36
0.4998;CRA;52;0;0;0;0.36
0.4998;CRA;51;0;0;0;0.36
0.4998;CRA;51;0;0;0;0.36
0.4998;CRA;50;0;0;0;0.36
0.4998;CRA;49;0;0;0;0.36
0.4998;CRA;49;0;0;0;0.36
0.4998;CRA;49;0;0;0;0.36
0.4998;CRA;49;0;0;0;0.36
0.4998;CRA;49;0;0;0;0.36
0.4998;CRA;49;0;0;0;0.36
0.4998;CRA;49;0;0;0;0.36
0.4998;CRA;49;0;0;0;0.36
0.4998;CRA;49;0;0;0;0.36
0.4998;CRA;49;0;0;0;0.36
0.4998;CRA;49;0;0;0;0.36
0.4998;CRA;49;0;0;0;0.36
0.4998;CRA;118;0;0;0;0.66
0.4998;CRA;92;0;0;0;0.66
0.4998;CRA;89;0;0;0;0.66
0.4998;CRA;88;0;0;0;0.66
0.4998;CRA;86;0;0;0;0.66
0.4998;CRA;86;0;0;0;0.66
0.4998;CRA;85;0;0;0;0.66
0.4998;CRA;85;0;0;0;0.66
0.4998;CRA;84;0;0;0;0.66
0.4998;CRA;84;0;0;0;0.66
0.4998;CRA;83;0;0;0;0.66
0.4998;CRA;83;0;0;0;0.66
0.4998;CRA;83;0;0;0;0.66
0.4998;CRA;83;0;0;0;0.66
0.4998;CRA;82;0;0;0;0.66
0.4998;CRA;82;0;0;0;0.66
0.4998;CRA;82;0;0;0;0.66
0.4998;CRA;82;0;0;0;0.66
0.4998;CRA;83;0;0;0;0.66
0.4998;CRA;83;0;0;0;0.66
0.1000;ULT;2000001;0;0;1;587.40
0.1000;ULT;2000001;0;0;1;605.29
0.1000;ULT;2000000;0;0;1;605.01
0.1000;ULT;2000000;0;0;1;601.04
0.1000;ULT;2000000;0;0;1;602.82
0.1000;ULT;2000001;0;0;1;586.82
0.1000;ULT;2000001;0;0;1;576.69
0.1000;ULT;2000001;0;0;1;577.03
0.1000;ULT;2000000;0;0;1;576.96
0.1000;ULT;2000002;0;0;1;577.05
0.1000;ULT;2000000;0;0;1;577.04
0.1000;ULT;2000001;0;0;1;577.03
0.1000;ULT;2000001;0;0;1;577.03
0.1000;ULT;2000001;0;0;1;576.64
0.1000;ULT;2000001;0;0;1;577.03
0.1000;ULT;2000000;0;0;1;577.14
0.1000;ULT;2000000;0;0;1;577.15
0.1000;ULT;2000001;0;0;1;577.11
0.1000;ULT;2000001;0;0;1;577.14
0.1000;ULT;2000000;0;0;1;577.26
0.1000;ULT;114223;0;0;0;31.02
0.1000;ULT;107872;0;0;0;31.02
0.1000;ULT;107683;0;0;0;31.02
0.1000;ULT;107394;0;0;0;31.02
0.1000;ULT;104881;0;0;0;31.02
0.1000;ULT;103932;0;0;0;31.02
0.1000;ULT;104120;0;0;0;31.02
0.1000;ULT;104604;0;0;0;31.02
0.1000;ULT;104465;0;0;0;31.02
0.1000;ULT;104179;0;0;0;31.02
0.1000;ULT;104107;0;0;0;31.02
0.1000;ULT;100194;0;0;0;31.02
0.1000;ULT;104503;0;0;0;31.02
0.1000;ULT;104451;0;0;0;31.02
0.1000;ULT;104391;0;0;0;31.02
0.1000;ULT;104156;0;0;0;31.02
0.1000;ULT;104134;0;0;0;31.02
0.1000;ULT;99600;0;0;0;31.02
0.1000;ULT;104494;0;0;0;31.02
0.1000;ULT;104443;0;0;0;31.02
0.1000;RULT;51;0;0;0;0.53
0.1000;RULT;50;0;0;0;0.53
0.1000;RULT;50;0;0;0;0.53
0.1000;RULT;50;0;0;0;0.53
0.1000;RULT;50;0;0;0;0.53
0.1000;RULT;50;0;0;0;0.53
0.1000;RULT;50;0;0;0;0.53
0.1000;RULT;51;0;0;0;0.53
0.1000;RULT;50;0;0;0;0.53
0.1000;RULT;50;0;0;0;0.53
0.1000;RULT;50;0;0;0;0.53
0.1000;RULT;50;0;0;0;0.53
0.1000;RULT;50;0;0;0;0.53
0.1000;RULT;50;0;0;0;0.53
0.1000;RULT;50;0;0;0;0.53
0.1000;RULT;50;0;0;0;0.53
0.1000;RULT;50;0;0;0;0.53
0.1000;RULT;50;0;0;0;0.53
0.1000;RULT;50;0;0;0;0.53
0.1000;RULT;50;0;0;0;0.53
0.1000;RULT;12;0;0;0;0.02
0.1000;RULT;12;0;0;0;0.02
0.1000;RULT;12;0;0;0;0.02
0.1000;RULT;12;0;0;0;0.02
0.1000;RULT;11;0;0;0;0.02
0.1000;RULT;12;0;0;0;0.02
0.1000;RULT;12;0;0;0;0.02
0.1000;RULT;12;0;0;0;0.02
0.1000;RULT;11;0;0;0;0.02
0.1000;RULT;12;0;0;0;0.02
0.1000;RULT;12;0;0;0;0.02
0.1000;RULT;12;0;0;0;0.02
0.1000;RULT;12;0;0;0;0.02
0.1000;RULT;12;0;0;0;0.02
0.1000;RULT;12;0;0;0;0.02
0.1000;RULT;12;0;0;0;0.02
0.1000;RULT;12;0;0;0;0.02
0.1000;RULT;12;0;0;0;0.02
0.1000;RULT;12;0;0;0;0.02
0.1000;RULT;12;0;0;0;0.02
0.1000;ILP;11364;0;0;0;0.00
0.1000;ILP;10881;0;0;0;0.00
0.1000;ILP;10801;0;0;0;0.00
0.1000;ILP;10827;0;0;0;0.00
0.1000;ILP;11000;0;0;0;0.00
0.1000;ILP;11296;0;0;0;0.00
0.1000;ILP;11035;0;0;0;0.00
0.1000;ILP;11154;0;0;0;0.00
0.1000;ILP;10957;0;0;0;0.00
0.1000;ILP;11126;0;0;0;0.00
0.1000;ILP;11082;0;0;0;0.00
0.1000;ILP;11119;0;0;0;0.00
0.1000;ILP;11181;0;0;0;0.00
0.1000;ILP;10919;0;0;0;0.00
0.1000;ILP;10960;0;0;0;0.00
0.1000;ILP;10814;0;0;0;0.00
0.1000;ILP;11224;0;0;0;0.00
0.1000;ILP;11218;0;0;0;0.00
0.1000;ILP;10788;0;0;0;0.00
0.1000;ILP;11175;0;0;0;0.00
0.1000;ILP;12318;0;0;0;0.00
0.1000;ILP;11119;0;0;0;0.00
0.1000;ILP;11036;0;0;0;0.00
0.1000;ILP;11039;0;0;0;0.00
0.1000;ILP;10796;0;0;0;0.00
0.1000;ILP;11019;0;0;0;0.00
0.1000;ILP;11058;0;0;0;0.00
0.1000;ILP;10750;0;0;0;0.00
0.1000;ILP;11117;0;0;0;0.00
0.1000;ILP;11094;0;0;0;0.00
0.1000;ILP;11079;0;0;0;0.00
0.1000;ILP;11007;0;0;0;0.00
0.1000;ILP;10890;0;0;0;0.00
0.1000;ILP;11044;0;0;0;0.00
0.1000;ILP;11060;0;0;0;0.00
0.1000;ILP;10845;0;0;0;0.00
0.1000;ILP;11049;0;0;0;0.00
0.1000;ILP;11071;0;0;0;0.00
0.1000;ILP;11068;0;0;0;0.00
0.1000;ILP;10715;0;0;0;0.00
0.1000;CP;57587;0;0;0;0.00
0.1000;CP;58243;0;0;0;0.00
0.1000;CP;59135;0;0;0;0.00
0.1000;CP;59476;0;0;0;0.00
0.1000;CP;59057;0;0;0;0.00
0.1000;CP;59712;0;0;0;0.00
0.1000;CP;59134;0;0;0;0.00
0.1000;CP;58129;0;0;0;0.00
0.1000;CP;58041;0;0;0;0.00
0.1000;CP;58563;0;0;0;0.00
0.1000;CP;58147;0;0;0;0.00
0.1000;CP;59209;0;0;0;0.00
0.1000;CP;58823;0;0;0;0.00
0.1000;CP;58763;0;0;0;0.00
0.1000;CP;58637;0;0;0;0.00
0.1000;CP;58119;0;0;0;0.00
0.1000;CP;58779;0;0;0;0.00
0.1000;CP;58962;0;0;0;0.00
0.1000;CP;58403;0;0;0;0.00
0.1000;CP;58157;0;0;0;0.00
0.1000;CP;59464;0;0;0;0.00
0.1000;CP;59705;0;0;0;0.00
0.1000;CP;59924;0;0;0;0.00
0.1000;CP;59452;0;0;0;0.00
0.1000;CP;59936;0;0;0;0.00
0.1000;CP;59976;0;0;0;0.00
0.1000;CP;59482;0;0;0;0.00
0.1000;CP;59458;0;0;0;0.00
0.1000;CP;59529;0;0;0;0.00
0.1000;CP;60533;0;0;0;0.00
0.1000;CP;55462;0;0;0;0.00
0.1000;CP;55302;0;0;0;0.00
0.1000;CP;54909;0;0;0;0.00
0.1000;CP;55133;0;0;0;0.00
0.1000;CP;59231;0;0;0;0.00
0.1000;CP;59622;0;0;0;0.00
0.1000;CP;59616;0;0;0;0.00
0.1000;CP;59607;0;0;0;0.00
0.1000;CP;59251;0;0;0;0.00
0.1000;CP;59437;0;0;0;0.00
0.1000;SCP;46831;0;0;0;0.00
0.1000;SCP;47889;0;0;0;0.00
0.1000;SCP;47209;0;0;0;0.00
0.1000;SCP;47131;0;0;0;0.00
0.1000;SCP;47584;0;0;0;0.00
0.1000;SCP;47776;0;0;0;0.00
0.1000;SCP;47708;0;0;0;0.00
0.1000;SCP;47920;0;0;0;0.00
0.1000;SCP;47207;0;0;0;0.00
0.1000;SCP;47110;0;0;0;0.00
0.1000;SCP;47302;0;0;0;0.00
0.1000;SCP;47567;0;0;0;0.00
0.1000;SCP;47115;0;0;0;0.00
0.1000;SCP;48185;0;0;0;0.00
0.1000;SCP;48056;0;0;0;0.00
0.1000;SCP;47331;0;0;0;0.00
0.1000;SCP;47450;0;0;0;0.00
0.1000;SCP;47606;0;0;0;0.00
0.1000;SCP;47595;0;0;0;0.00
0.1000;SCP;47243;0;0;0;0.00
0.1000;SCP;52294;0;0;0;0.00
0.1000;SCP;52516;0;0;0;0.00
0.1000;SCP;52718;0;0;0;0.00
0.1000;SCP;52758;0;0;0;0.00
0.1000;SCP;52728;0;0;0;0.00
0.1000;SCP;52614;0;0;0;0.00
0.1000;SCP;52784;0;0;0;0.00
0.1000;SCP;52391;0;0;0;0.00
0.1000;SCP;52536;0;0;0;0.00
0.1000;SCP;52587;0;0;0;0.00
0.1000;SCP;53136;0;0;0;0.00
0.1000;SCP;52755;0;0;0;0.00
0.1000;SCP;52755;0;0;0;0.00
0.1000;SCP;52485;0;0;0;0.00
0.1000;SCP;52585;0;0;0;0.00
0.1000;SCP;52408;0;0;0;0.00
0.1000;SCP;52574;0;0;0;0.00
0.1000;SCP;52570;0;0;0;0.00
0.1000;SCP;52672;0;0;0;0.00
0.1000;SCP;52598;0;0;0;0.00
0.1000;KAB;455;0;0;0;0.00
0.1000;KAB;113;0;0;0;0.00
0.1000;KAB;97;0;0;0;0.00
0.1000;KAB;97;0;0;0;0.00
0.1000;KAB;94;0;0;0;0.00
0.1000;KAB;94;0;0;0;0.00
0.1000;KAB;93;0;0;0;0.00
0.1000;KAB;93;0;0;0;0.00
0.1000;KAB;94;0;0;0;0.00
0.1000;KAB;93;0;0;0;0.00
0.1000;KAB;94;0;0;0;0.00
0.1000;KAB;93;0;0;0;0.00
0.1000;KAB;93;0;0;0;0.00
0.1000;KAB;93;0;0;0;0.00
0.1000;KAB;93;0;0;0;0.00
0.1000;KAB;93;0;0;0;0.00
0.1000;KAB;93;0;0;0;0.00
0.1000;KAB;93;0;0;0;0.00
0.1000;KAB;92;0;0;0;0.00
0.1000;KAB;94;0;0;0;0.00
0.1000;KAB;387;0;0;0;0.00
0.1000;KAB;32;0;0;0;0.00
0.1000;KAB;30;0;0;0;0.00
0.1000;KAB;27;0;0;0;0.00
0.1000;KAB;27;0;0;0;0.00
0.1000;KAB;28;0;0;0;0.00
0.1000;KAB;27;0;0;0;0.00
0.1000;KAB;27;0;0;0;0.00
0.1000;KAB;27;0;0;0;0.00
0.1000;KAB;28;0;0;0;0.00
0.1000;KAB;26;0;0;0;0.00
0.1000;KAB;26;0;0;0;0.00
0.1000;KAB;27;0;0;0;0.00
0.1000;KAB;27;0;0;0;0.00
0.1000;KAB;26;0;0;0;0.00
0.1000;KAB;27;0;0;0;0.00
0.1000;KAB;26;0;0;0;0.00
0.1000;KAB;27;0;0;0;0.00
0.1000;KAB;26;0;0;0;0.00
0.1000;KAB;26;0;0;0;0.00
0.1000;BFDC;92;0;0;0;0.57
0.1000;BFDC;91;0;0;0;0.57
0.1000;BFDC;91;0;0;0;0.57
0.1000;BFDC;90;0;0;0;0.57
0.1000;BFDC;90;0;0;0;0.57
0.1000;BFDC;90;0;0;0;0.57
0.1000;BFDC;90;0;0;0;0.57
0.1000;BFDC;91;0;0;0;0.57
0.1000;BFDC;90;0;0;0;0.57
0.1000;BFDC;90;0;0;0;0.57
0.1000;BFDC;90;0;0;0;0.57
0.1000;BFDC;90;0;0;0;0.57
0.1000;BFDC;90;0;0;0;0.57
0.1000;BFDC;90;0;0;0;0.57
0.1000;BFDC;90;0;0;0;0.57
0.1000;BFDC;90;0;0;0;0.57
0.1000;BFDC;90;0;0;0;0.57
0.1000;BFDC;90;0;0;0;0.57
0.1000;BFDC;90;0;0;0;0.57
0.1000;BFDC;90;0;0;0;0.57
0.1000;BFDC;14;0;0;0;0.02
0.1000;BFDC;13;0;0;0;0.02
0.1000;BFDC;13;0;0;0;0.02
0.1000;BFDC;13;0;0;0;0.02
0.1000;BFDC;13;0;0;0;0.02
0.1000;BFDC;13;0;0;0;0.02
0.1000;BFDC;13;0;0;0;0.02
0.1000;BFDC;13;0;0;0;0.02
0.1000;BFDC;13;0;0;0;0.02
0.1000;BFDC;13;0;0;0;0.02
0.1000;BFDC;13;0;0;0;0.02
0.1000;BFDC;13;0;0;0;0.02
0.1000;BFDC;13;0;0;0;0.02
0.1000;BFDC;13;0;0;0;0.02
0.1000;BFDC;13;0;0;0;0.02
0.1000;BFDC;13;0;0;0;0.02
0.1000;BFDC;13;0;0;0;0.02
0.1000;BFDC;13;0;0;0;0.02
0.1000;BFDC;13;0;0;0;0.02
0.1000;BFDC;13;0;0;0;0.02
0.1000;CRA;93;0;0;0;0.53
0.1000;CRA;73;0;0;0;0.53
0.1000;CRA;70;0;0;0;0.53
0.1000;CRA;69;0;0;0;0.53
0.1000;CRA;67;0;0;0;0.53
0.1000;CRA;67;0;0;0;0.53
0.1000;CRA;66;0;0;0;0.53
0.1000;CRA;65;0;0;0;0.53
0.1000;CRA;65;0;0;0;0.53
0.1000;CRA;65;0;0;0;0.53
0.1000;CRA;64;0;0;0;0.53
0.1000;CRA;64;0;0;0;0.53
0.1000;CRA;64;0;0;0;0.53
0.1000;CRA;63;0;0;0;0.53
0.1000;CRA;63;0;0;0;0.53
0.1000;CRA;64;0;0;0;0.53
0.1000;CRA;63;0;0;0;0.53
0.1000;CRA;63;0;0;0;0.53
0.1000;CRA;64;0;0;0;0.53
0.1000;CRA;63;0;0;0;0.53
0.1000;CRA;26;0;0;0;0.02
0.1000;CRA;21;0;0;0;0.02
0.1000;CRA;21;0;0;0;0.02
0.1000;CRA;21;0;0;0;0.02
0.1000;CRA;20;0;0;0;0.02
0.1000;CRA;21;0;0;0;0.02
0.1000;CRA;21;0;0;0;0.02
0.1000;CRA;21;0;0;0;0.02
0.1000;CRA;21;0;0;0;0.02
0.1000;CRA;21;0;0;0;0.02
0.1000;CRA;21;0;0;0;0.02
0.1000;CRA;21;0;0;0;0.02
0.1000;CRA;21;0;0;0;0.02
0.1000;CRA;20;0;0;0;0.02
0.1000;CRA;20;0;0;0;0.02
0.1000;CRA;21;0;0;0;0.02
0.1000;CRA;21;0;0;0;0.02
0.1000;CRA;21;0;0;0;0.02
0.1000;CRA;21;0;0;0;0.02
0.1000;CRA;21;0;0;0;0.02
0.7996;ULT;2000000;0;0;1;587.32
0.7996;ULT;2000000;0;0;1;586.55
0.7996;ULT;2000001;0;0;1;586.78
0.7996;ULT;2000001;0;0;1;590.01
0.7996;ULT;2000001;0;0;1;591.24
0.7996;ULT;2000000;0;0;1;589.94
0.7996;ULT;2000001;0;0;1;587.61
0.7996;ULT;2000001;0;0;1;586.70
0.7996;ULT;2000000;0;0;1;586.57
0.7996;ULT;2000001;0;0;1;587.99
0.7996;ULT;2000000;0;0;1;591.36
0.7996;ULT;2000000;0;0;1;590.74
0.7996;ULT;2000001;0;0;1;588.47
0.7996;ULT;2000001;0;0;1;586.83
0.7996;ULT;2000000;0;0;1;586.46
0.7996;ULT;2000001;0;0;1;586.78
0.7996;ULT;2000000;0;0;1;596.97
0.7996;ULT;2000001;0;0;1;592.61
0.7996;ULT;2000000;0;0;1;593.24
0.7996;ULT;2000001;0;0;1;606.28
0.7996;ULT;1649559;0;0;0;499.26
0.7996;ULT;1678731;0;0;0;499.26
0.7996;ULT;1686412;0;0;0;499.26
0.7996;ULT;1677440;0;0;0;499.26
0.7996;ULT;1693997;0;0;0;499.26
0.7996;ULT;1700290;0;0;0;499.26
0.7996;ULT;1695866;0;0;0;499.26
0.7996;ULT;1693759;0;0;0;499.26
0.7996;ULT;1692379;0;0;0;499.26
0.7996;ULT;1690043;0;0;0;499.26
0.7996;ULT;1682242;0;0;0;499.26
0.7996;ULT;1683202;0;0;0;499.26
0.7996;ULT;1700772;0;0;0;499.26
0.7996;ULT;1699825;0;0;0;499.26
0.7996;ULT;1694541;0;0;0;499.26
0.7996;ULT;1693858;0;0;0;499.26
0.7996;ULT;1691350;0;0;0;499.26
0.7996;ULT;1686241;0;0;0;499.26
0.7996;ULT;1678376;0;0;0;499.26
0.7996;ULT;1699084;0;0;0;499.26
0.7996;RULT;76;0;0;0;0.80
0.7996;RULT;76;0;0;0;0.80
0.7996;RULT;75;0;0;0;0.80
0.7996;RULT;75;0;0;0;0.80
0.7996;RULT;75;0;0;0;0.80
0.7996;RULT;76;0;0;0;0.80
0.7996;RULT;75;0;0;0;0.80
0.7996;RULT;75;0;0;0;0.80
0.7996;RULT;75;0;0;0;0.80
0.7996;RULT;75;0;0;0;0.80
0.7996;RULT;75;0;0;0;0.80
0.7996;RULT;75;0;0;0;0.80
0.7996;RULT;75;0;0;0;0.80
0.7996;RULT;75;0;0;0;0.80
0.7996;RULT;76;0;0;0;0.80
0.7996;RULT;75;0;0;0;0.80
0.7996;RULT;75;0;0;0;0.80
0.7996;RULT;75;0;0;0;0.80
0.7996;RULT;75;0;0;0;0.80
0.7996;RULT;75;0;0;0;0.80
0.7996;RULT;92;0;0;0;0.99
0.7996;RULT;91;0;0;0;0.99
0.7996;RULT;91;0;0;0;0.99
0.7996;RULT;92;0;0;0;0.99
0.7996;RULT;91;0;0;0;0.99
0.7996;RULT;91;0;0;0;0.99
0.7996;RULT;91;0;0;0;0.99
0.7996;RULT;92;0;0;0;0.99
0.7996;RULT;91;0;0;0;0.99
0.7996;RULT;97;0;0;0;0.99
0.7996;RULT;92;0;0;0;0.99
0.7996;RULT;92;0;0;0;0.99
0.7996;RULT;91;0;0;0;0.99
0.7996;RULT;91;0;0;0;0.99
0.7996;RULT;92;0;0;0;0.99
0.7996;RULT;92;0;0;0;0.99
0.7996;RULT;91;0;0;0;0.99
0.7996;RULT;92;0;0;0;0.99
0.7996;RULT;91;0;0;0;0.99
0.7996;RULT;91;0;0;0;0.99
0.7996;ILP;28088;0;0;0;0.00
0.7996;ILP;28183;0;0;0;0.00
0.7996;ILP;28081;0;0;0;0.00
0.7996;ILP;28684;0;0;0;0.00
0.7996;ILP;28677;0;0;0;0.00
0.7996;ILP;28157;0;0;0;0.00
0.7996;ILP;28856;0;0;0;0.00
0.7996;ILP;28465;0;0;0;0.00
0.7996;ILP;28207;0;0;0;0.00
0.7996;ILP;28641;0;0;0;0.00
0.7996;ILP;28204;0;0;0;0.00
0.7996;ILP;28792;0;0;0;0.00
0.7996;ILP;28870;0;0;0;0.00
0.7996;ILP;28882;0;0;0;0.00
0.7996;ILP;28157;0;0;0;0.00
0.7996;ILP;28661;0;0;0;0.00
0.7996;ILP;28232;0;0;0;0.00
0.7996;ILP;28229;0;0;0;0.00
0.7996;ILP;28016;0;0;0;0.00
0.7996;ILP;29223;0;0;0;0.00
0.7996;ILP;28874;0;0;0;0.00
0.7996;ILP;28220;0;0;0;0.00
0.7996;ILP;28713;0;0;0;0.00
0.7996;ILP;28589;0;0;0;0.00
0.7996;ILP;28212;0;0;0;0.00
0.7996;ILP;28515;0;0;0;0.00
0.7996;ILP;28560;0;0;0;0.00
0.7996;ILP;28505;0;0;0;0.00
0.7996;ILP;28965;0;0;0;0.00
0.7996;ILP;28277;0;0;0;0.00
0.7996;ILP;28942;0;0;0;0.00
0.7996;ILP;28283;0;0;0;0.00
0.7996;ILP;28336;0;0;0;0.00
0.7996;ILP;28381;0;0;0;0.00
0.7996;ILP;28404;0;0;0;0.00
0.7996;ILP;28300;0;0;0;0.00
0.7996;ILP;29105;0;0;0;0.00
0.7996;ILP;28278;0;0;0;0.00
0.7996;ILP;28700;0;0;0;0.00
0.7996;ILP;28514;0;0;0;0.00
0.7996;CP;226293;0;0;0;0.00
0.7996;CP;227776;0;0;0;0.00
0.7996;CP;227465;0;0;0;0.00
0.7996;CP;227874;0;0;0;0.00
0.7996;CP;230201;0;0;0;0.00
0.7996;CP;232019;0;0;0;0.00
0.7996;CP;218000;0;0;0;0.00
0.7996;CP;218719;0;0;0;0.00
0.7996;CP;216985;0;0;0;0.00
0.7996;CP;252201;0;0;0;0.00
0.7996;CP;256749;0;0;0;0.00
0.7996;CP;256161;0;0;0;0.00
0.7996;CP;250241;0;0;0;0.00
0.7996;CP;229713;0;0;0;0.00
0.7996;CP;254739;0;0;0;0.00
0.7996;CP;253889;0;0;0;0.00
0.7996;CP;255055;0;0;0;0.00
0.7996;CP;254972;0;0;0;0.00
0.7996;CP;253806;0;0;0;0.00
0.7996;CP;253058;0;0;0;0.00
0.7996;CP;279338;0;0;0;0.00
0.7996;CP;278813;0;0;0;0.00
0.7996;CP;278605;0;0;0;0.00
0.7996;CP;238289;0;0;0;0.00
0.7996;CP;278335;0;0;0;0.00
0.7996;CP;279173;0;0;0;0.00
0.7996;CP;279243;0;0;0;0.00
0.7996;CP;279793;0;0;0;0.00
0.7996;CP;280015;0;0;0;0.00
0.7996;CP;278318;0;0;0;0.00
0.7996;CP;270772;0;0;0;0.00
0.7996;CP;248007;0;0;0;0.00
0.7996;CP;278794;0;0;0;0.00
0.7996;CP;278804;0;0;0;0.00
0.7996;CP;279078;0;0;0;0.00
0.7996;CP;280064;0;0;0;0.00
0.7996;CP;278326;0;0;0;0.00
0.7996;CP;278448;0;0;0;0.00
0.7996;CP;254770;0;0;0;0.00
0.7996;CP;265624;0;0;0;0.00
0.7996;SCP;104255;0;0;0;0.00
0.7996;SCP;105181;0;0;0;0.00
0.7996;SCP;103464;0;0;0;0.00
0.7996;SCP;101061;0;0;0;0.00
0.7996;SCP;100790;0;0;0;0.00
0.7996;SCP;104104;0;0;0;0.00
0.7996;SCP;104215;0;0;0;0.00
0.7996;SCP;104072;0;0;0;0.00
0.7996;SCP;104392;0;0;0;0.00
0.7996;SCP;104314;0;0;0;0.00
0.7996;SCP;105627;0;0;0;0.00
0.7996;SCP;104760;0;0;0;0.00
0.7996;SCP;104288;0;0;0;0.00
0.7996;SCP;104132;0;0;0;0.00
0.7996;SCP;104878;0;0;0;0.00
0.7996;SCP;104218;0;0;0;0.00
0.7996;SCP;104200;0;0;0;0.00
0.7996;SCP;104248;0;0;0;0.00
0.7996;SCP;104223;0;0;0;0.00
0.7996;SCP;104671;0;0;0;0.00
0.7996;SCP;224891;0;0;0;0.00
0.7996;SCP;223940;0;0;0;0.00
0.7996;SCP;224731;0;0;0;0.00
0.7996;SCP;223729;0;0;0;0.00
0.7996;SCP;223247;0;0;0;0.00
0.7996;SCP;223405;0;0;0;0.00
0.7996;SCP;223413;0;0;0;0.00
0.7996;SCP;223373;0;0;0;0.00
0.7996;SCP;218599;0;0;0;0.00
0.7996;SCP;221848;0;0;0;0.00
0.7996;SCP;223290;0;0;0;0.00
0.7996;SCP;222633;0;0;0;0.00
0.7996;SCP;223009;0;0;0;0.00
0.7996;SCP;222488;0;0;0;0.00
0.7996;SCP;224350;0;0;0;0.00
0.7996;SCP;224479;0;0;0;0.00
0.7996;SCP;223417;0;0;0;0.00
0.7996;SCP;224399;0;0;0;0.00
0.7996;SCP;222283;0;0;0;0.00
0.7996;SCP;224988;0;0;0;0.00
0.7996;KAB;472;0;0;0;0.00
0.7996;KAB;140;0;0;0;0.00
0.7996;KAB;139;0;0;0;0.00
0.7996;KAB;135;0;0;0;0.00
0.7996;KAB;135;0;0;0;0.00
0.7996;KAB;134;0;0;0;0.00
0.7996;KAB;134;0;0;0;0.00
0.7996;KAB;135;0;0;0;0.00
0.7996;KAB;134;0;0;0;0.00
0.7996;KAB;135;0;0;0;0.00
0.7996;KAB;133;0;0;0;0.00
0.7996;KAB;134;0;0;0;0.00
0.7996;KAB;134;0;0;0;0.00
0.7996;KAB;134;0;0;0;0.00
0.7996;KAB;135;0;0;0;0.00
0.7996;KAB;135;0;0;0;0.00
0.7996;KAB;133;0;0;0;0.00
0.7996;KAB;135;0;0;0;0.00
0.7996;KAB;134;0;0;0;0.00
0.7996;KAB;134;0;0;0;0.00
0.7996;KAB;490;0;0;0;0.00
0.7996;KAB;154;0;0;0;0.00
0.7996;KAB;155;0;0;0;0.00
0.7996;KAB;154;0;0;0;0.00
0.7996;KAB;153;0;0;0;0.00
0.7996;KAB;155;0;0;0;0.00
0.7996;KAB;154;0;0;0;0.00
0.7996;KAB;158;0;0;0;0.00
0.7996;KAB;155;0;0;0;0.00
0.7996;KAB;152;0;0;0;0.00
0.7996;KAB;153;0;0;0;0.00
0.7996;KAB;152;0;0;0;0.00
0.7996;KAB;152;0;0;0;0.00
0.7996;KAB;152;0;0;0;0.00
0.7996;KAB;151;0;0;0;0.00
0.7996;KAB;151;0;0;0;0.00
0.7996;KAB;162;0;0;0;0.00
0.7996;KAB;151;0;0;0;0.00
0.7996;KAB;153;0;0;0;0.00
0.7996;KAB;153;0;0;0;0.00
0.7996;BFDC;154;0;0;0;1.17
0.7996;BFDC;151;0;0;0;1.17
0.7996;BFDC;151;0;0;0;1.17
0.7996;BFDC;150;0;0;0;1.17
0.7996;BFDC;150;0;0;0;1.17
0.7996;BFDC;150;0;0;0;1.17
0.7996;BFDC;150;0;0;0;1.17
0.7996;BFDC;150;0;0;0;1.17
0.7996;BFDC;150;0;0;0;1.17
0.7996;BFDC;151;0;0;0;1.17
0.7996;BFDC;151;0;0;0;1.17
0.7996;BFDC;151;0;0;0;1.17
0.7996;BFDC;150;0;0;0;1.17
0.7996;BFDC;154;0;0;0;1.17
0.7996;BFDC;150;0;0;0;1.17
0.7996;BFDC;150;0;0;0;1.17
0.7996;BFDC;150;0;0;0;1.17
0.7996;BFDC;150;0;0;0;1.17
0.7996;BFDC;151;0;0;0;1.17
0.7996;BFDC;149;0;0;0;1.17
0.7996;BFDC;161;0;0;0;1.22
0.7996;BFDC;158;0;0;0;1.22
0.7996;BFDC;164;0;0;0;1.22
0.7996;BFDC;158;0;0;0;1.22
0.7996;BFDC;159;0;0;0;1.22
0.7996;BFDC;158;0;0;0;1.22
0.7996;BFDC;157;0;0;0;1.22
0.7996;BFDC;157;0;0;0;1.22
0.7996;BFDC;157;0;0;0;1.22
0.7996;BFDC;157;0;0;0;1.22
0.7996;BFDC;157;0;0;0;1.22
0.7996;BFDC;157;0;0;0;1.22
0.7996;BFDC;158;0;0;0;1.22
0.7996;BFDC;158;0;0;0;1.22
0.7996;BFDC;158;0;0;0;1.22
0.7996;BFDC;157;0;0;0;1.22
0.7996;BFDC;162;0;0;0;1.22
0.7996;BFDC;156;0;0;0;1.22
0.7996;BFDC;156;0;0;0;1.22
0.7996;BFDC;157;0;0;0;1.22
0.7996;CRA;140;0;0;0;0.80
0.7996;CRA;107;0;0;0;0.80
0.7996;CRA;105;0;0;0;0.80
0.7996;CRA;104;0;0;0;0.80
0.7996;CRA;103;0;0;0;0.80
0.7996;CRA;103;0;0;0;0.80
0.7996;CRA;102;0;0;0;0.80
0.7996;CRA;101;0;0;0;0.80
0.7996;CRA;101;0;0;0;0.80
0.7996;CRA;101;0;0;0;0.80
0.7996;CRA;100;0;0;0;0.80
0.7996;CRA;100;0;0;0;0.80
0.7996;CRA;100;0;0;0;0.80
0.7996;CRA;100;0;0;0;0.80
0.7996;CRA;99;0;0;0;0.80
0.7996;CRA;99;0;0;0;0.80
0.7996;CRA;99;0;0;0;0.80
0.7996;CRA;99;0;0;0;0.80
0.7996;CRA;99;0;0;0;0.80
0.7996;CRA;99;0;0;0;0.80
0.7996;CRA;54;0;0;0;0.25
0.7996;CRA;46;0;0;0;0.25
0.7996;CRA;44;0;0;0;0.25
0.7996;CRA;43;0;0;0;0.25
0.7996;CRA;42;0;0;0;0.25
0.7996;CRA;42;0;0;0;0.25
0.7996;CRA;41;0;0;0;0.25
0.7996;CRA;41;0;0;0;0.25
0.7996;CRA;41;0;0;0;0.25
0.7996;CRA;41;0;0;0;0.25
0.7996;CRA;40;0;0;0;0.25
0.7996;CRA;40;0;0;0;0.25
0.7996;CRA;40;0;0;0;0.25
0.7996;CRA;40;0;0;0;0.25
0.7996;CRA;40;0;0;0;0.25
0.7996;CRA;40;0;0;0;0.25
0.7996;CRA;40;0;0;0;0.25
0.7996;CRA;40;0;0;0;0.25
0.7996;CRA;40;0;0;0;0.25
0.7996;CRA;40;0;0;0;0.25
0.8996;ULT;2000000;0;0;1;600.14
0.8996;ULT;2000002;0;0;1;618.93
0.8996;ULT;2000000;0;0;1;619.25
0.8996;ULT;2000000;0;0;1;618.93
0.8996;ULT;2000000;0;0;1;619.35
0.8996;ULT;2000001;0;0;1;619.29
0.8996;ULT;2000000;0;0;1;618.95
0.8996;ULT;2000000;0;0;1;619.19
0.8996;ULT;2000001;0;0;1;619.55
0.8996;ULT;2000000;0;0;1;620.33
0.8996;ULT;2000000;0;0;1;620.05
0.8996;ULT;2000001;0;0;1;620.37
0.8996;ULT;2000000;0;0;1;620.32
0.8996;ULT;2000000;0;0;1;620.02
0.8996;ULT;2000000;0;0;1;620.33
0.8996;ULT;2000000;0;0;1;620.30
0.8996;ULT;2000001;0;0;1;620.29
0.8996;ULT;2000000;0;0;1;620.07
0.8996;ULT;2000000;0;0;1;620.26
0.8996;ULT;2000001;0;0;1;620.30
0.8996;ULT;1345537;0;0;0;398.21
0.8996;ULT;1340483;0;0;0;398.21
0.8996;ULT;1344532;0;0;0;398.21
0.8996;ULT;1353902;0;0;0;398.21
0.8996;ULT;1344196;0;0;0;398.21
0.8996;ULT;1335513;0;0;0;398.21
0.8996;ULT;1351139;0;0;0;398.21
0.8996;ULT;1347996;0;0;0;398.21
0.8996;ULT;1341548;0;0;0;398.21
0.8996;ULT;1344126;0;0;0;398.21
0.8996;ULT;1354183;0;0;0;398.21
0.8996;ULT;1344429;0;0;0;398.21
0.8996;ULT;1327586;0;0;0;398.21
0.8996;ULT;1324341;0;0;0;398.21
0.8996;ULT;1339483;0;0;0;398.21
0.8996;ULT;1335549;0;0;0;398.21
0.8996;ULT;1328577;0;0;0;398.21
0.8996;ULT;1316707;0;0;0;398.21
0.8996;ULT;1282101;0;0;0;398.21
0.8996;ULT;1281873;0;0;0;398.21
0.8996;RULT;88;0;0;0;0.94
0.8996;RULT;88;0;0;0;0.94
0.8996;RULT;87;0;0;0;0.94
0.8996;RULT;87;0;0;0;0.94
0.8996;RULT;87;0;0;0;0.94
0.8996;RULT;87;0;0;0;0.94
0.8996;RULT;88;0;0;0;0.94
0.8996;RULT;87;0;0;0;0.94
0.8996;RULT;87;0;0;0;0.94
0.8996;RULT;87;0;0;0;0.94
0.8996;RULT;87;0;0;0;0.94
0.8996;RULT;88;0;0;0;0.94
0.8996;RULT;87;0;0;0;0.94
0.8996;RULT;87;0;0;0;0.94
0.8996;RULT;87;0;0;0;0.94
0.8996;RULT;98;0;0;0;0.94
0.8996;RULT;88;0;0;0;0.94
0.8996;RULT;88;0;0;0;0.94
0.8996;RULT;87;0;0;0;0.94
0.8996;RULT;87;0;0;0;0.94
0.8996;RULT;27;0;0;0;0.20
0.8996;RULT;26;0;0;0;0.20
0.8996;RULT;26;0;0;0;0.20
0.8996;RULT;26;0;0;0;0.20
0.8996;RULT;26;0;0;0;0.20
0.8996;RULT;26;0;0;0;0.20
0.8996;RULT;26;0;0;0;0.20
0.8996;RULT;26;0;0;0;0.20
0.8996;RULT;26;0;0;0;0.20
0.8996;RULT;26;0;0;0;0.20
0.8996;RULT;26;0;0;0;0.20
0.8996;RULT;26;0;0;0;0.20
0.8996;RULT;26;0;0;0;0.20
0.8996;RULT;26;0;0;0;0.20
0.8996;RULT;26;0;0;0;0.20
0.8996;RULT;26;0;0;0;0.20
0.8996;RULT;26;0;0;0;0.20
0.8996;RULT;26;0;0;0;0.20
0.8996;RULT;26;0;0;0;0.20
0.8996;RULT;26;0;0;0;0.20
0.8996;ILP;30646;0;0;0;0.00
0.8996;ILP;30447;0;0;0;0.00
0.8996;ILP;30412;0;0;0;0.00
0.8996;ILP;30513;0;0;0;0.00
0.8996;ILP;30429;0;0;0;0.00
0.8996;ILP;30381;0;0;0;0.00
0.8996;ILP;30398;0;0;0;0.00
0.8996;ILP;30455;0;0;0;0.00
0.8996;ILP;31143;0;0;0;0.00
0.8996;ILP;30977;0;0;0;0.00
0.8996;ILP;31458;0;0;0;0.00
0.8996;ILP;31351;0;0;0;0.00
0.8996;ILP;31015;0;0;0;0.00
0.8996;ILP;30268;0;0;0;0.00
0.8996;ILP;30342;0;0;0;0.00
0.8996;ILP;30930;0;0;0;0.00
0.8996;ILP;31009;0;0;0;0.00
0.8996;ILP;30302;0;0;0;0.00
0.8996;ILP;30498;0;0;0;0.00
0.8996;ILP;30355;0;0;0;0.00
0.8996;ILP;30462;0;0;0;0.00
0.8996;ILP;30229;0;0;0;0.00
0.8996;ILP;31612;0;0;0;0.00
0.8996;ILP;30116;0;0;0;0.00
0.8996;ILP;30864;0;0;0;0.00
0.8996;ILP;30158;0;0;0;0.00
0.8996;ILP;30381;0;0;0;0.00
0.8996;ILP;30128;0;0;0;0.00
0.8996;ILP;30877;0;0;0;0.00
0.8996;ILP;30346;0;0;0;0.00
0.8996;ILP;30033;0;0;0;0.00
0.8996;ILP;30747;0;0;0;0.00
0.8996;ILP;30165;0;0;0;0.00
0.8996;ILP;30948;0;0;0;0.00
0.8996;ILP;30084;0;0;0;0.00
0.8996;ILP;30084;0;0;0;0.00
0.8996;ILP;30049;0;0;0;0.00
0.8996;ILP;30060;0;0;0;0.00
0.8996;ILP;30033;0;0;0;0.00
0.8996;ILP;30032;0;0;0;0.00
0.8996;CP;130122;0;0;0;0.00
0.8996;CP;132100;0;0;0;0.00
0.8996;CP;132738;0;0;0;0.00
0.8996;CP;131868;0;0;0;0.00
0.8996;CP;132639;0;0;0;0.00
0.8996;CP;132139;0;0;0;0.00
0.8996;CP;132424;0;0;0;0.00
0.8996;CP;134697;0;0;0;0.00
0.8996;CP;132565;0;0;0;0.00
0.8996;CP;132484;0;0;0;0.00
0.8996;CP;132473;0;0;0;0.00
0.8996;CP;133005;0;0;0;0.00
0.8996;CP;132432;0;0;0;0.00
0.8996;CP;132676;0;0;0;0.00
0.8996;CP;133176;0;0;0;0.00
0.8996;CP;132866;0;0;0;0.00
0.8996;CP;132343;0;0;0;0.00
0.8996;CP;133370;0;0;0;0.00
0.8996;CP;133147;0;0;0;0.00
0.8996;CP;132558;0;0;0;0.00
0.8996;CP;131490;0;0;0;0.00
0.8996;CP;134316;0;0;0;0.00
0.8996;CP;132748;0;0;0;0.00
0.8996;CP;133013;0;0;0;0.00
0.8996;CP;133532;0;0;0;0.00
0.8996;CP;133203;0;0;0;0.00
0.8996;CP;134003;0;0;0;0.00
0.8996;CP;133319;0;0;0;0.00
0.8996;CP;133435;0;0;0;0.00
0.8996;CP;133864;0;0;0;0.00
0.8996;CP;134820;0;0;0;0.00
0.8996;CP;132888;0;0;0;0.00
0.8996;CP;133208;0;0;0;0.00
0.8996;CP;133139;0;0;0;0.00
0.8996;CP;133423;0;0;0;0.00
0.8996;CP;134210;0;0;0;0.00
0.8996;CP;133298;0;0;0;0.00
0.8996;CP;132916;0;0;0;0.00
0.8996;CP;133310;0;0;0;0.00
0.8996;CP;133970;0;0;0;0.00
0.8996;SCP;76313;0;0;0;0.00
0.8996;SCP;77022;0;0;0;0.00
0.8996;SCP;77119;0;0;0;0.00
0.8996;SCP;77110;0;0;0;0.00
0.8996;SCP;77054;0;0;0;0.00
0.8996;SCP;76715;0;0;0;0.00
0.8996;SCP;75545;0;0;0;0.00
0.8996;SCP;76365;0;0;0;0.00
0.8996;SCP;76562;0;0;0;0.00
0.8996;SCP;76127;0;0;0;0.00
0.8996;SCP;76610;0;0;0;0.00
0.8996;SCP;76690;0;0;0;0.00
0.8996;SCP;76239;0;0;0;0.00
0.8996;SCP;76675;0;0;0;0.00
0.8996;SCP;76235;0;0;0;0.00
0.8996;SCP;76174;0;0;0;0.00
0.8996;SCP;76556;0;0;0;0.00
0.8996;SCP;76126;0;0;0;0.00
0.8996;SCP;76371;0;0;0;0.00
0.8996;SCP;74966;0;0;0;0.00
0.8996;SCP;62995;0;0;0;0.00
0.8996;SCP;63962;0;0;0;0.00
0.8996;SCP;64172;0;0;0;0.00
0.8996;SCP;62263;0;0;0;0.00
0.8996;SCP;64112;0;0;0;0.00
0.8996;SCP;64136;0;0;0;0.00
0.8996;SCP;64139;0;0;0;0.00
0.8996;SCP;64185;0;0;0;0.00
0.8996;SCP;63458;0;0;0;0.00
0.8996;SCP;64006;0;0;0;0.00
0.8996;SCP;64573;0;0;0;0.00
0.8996;SCP;63945;0;0;0;0.00
0.8996;SCP;64054;0;0;0;0.00
0.8996;SCP;64305;0;0;0;0.00
0.8996;SCP;63523;0;0;0;0.00
0.8996;SCP;63550;0;0;0;0.00
0.8996;SCP;64176;0;0;0;0.00
0.8996;SCP;64169;0;0;0;0.00
0.8996;SCP;63515;0;0;0;0.00
0.8996;SCP;64300;0;0;0;0.00
0.8996;KAB;737;0;0;0;0.00
0.8996;KAB;72;0;0;0;0.00
0.8996;KAB;70;0;0;0;0.00
0.8996;KAB;69;0;0;0;0.00
0.8996;KAB;69;0;0;0;0.00
0.8996;KAB;69;0;0;0;0.00
0.8996;KAB;68;0;0;0;0.00
0.8996;KAB;69;0;0;0;0.00
0.8996;KAB;69;0;0;0;0.00
0.8996;KAB;68;0;0;0;0.00
0.8996;KAB;69;0;0;0;0.00
0.8996;KAB;69;0;0;0;0.00
0.8996;KAB;68;0;0;0;0.00
0.8996;KAB;68;0;0;0;0.00
0.8996;KAB;68;0;0;0;0.00
0.8996;KAB;68;0;0;0;0.00
0.8996;KAB;68;0;0;0;0.00
0.8996;KAB;69;0;0;0;0.00
0.8996;KAB;68;0;0;0;0.00
0.8996;KAB;68;0;0;0;0.00
0.8996;KAB;465;0;0;0;0.00
0.8996;KAB;127;0;0;0;0.00
0.8996;KAB;124;0;0;0;0.00
0.8996;KAB;123;0;0;0;0.00
0.8996;KAB;123;0;0;0;0.00
0.8996;KAB;123;0;0;0;0.00
0.8996;KAB;123;0;0;0;0.00
0.8996;KAB;122;0;0;0;0.00
0.8996;KAB;123;0;0;0;0.00
0.8996;KAB;123;0;0;0;0.00
0.8996;KAB;123;0;0;0;0.00
0.8996;KAB;122;0;0;0;0.00
0.8996;KAB;122;0;0;0;0.00
0.8996;KAB;122;0;0;0;0.00
0.8996;KAB;122;0;0;0;0.00
0.8996;KAB;122;0;0;0;0.00
0.8996;KAB;122;0;0;0;0.00
0.8996;KAB;123;0;0;0;0.00
0.8996;KAB;123;0;0;0;0.00
0.8996;KAB;123;0;0;0;0.00
0.8996;BFDC;150;0;0;0;1.17
0.8996;BFDC;148;0;0;0;1.17
0.8996;BFDC;148;0;0;0;1.17
0.8996;BFDC;148;0;0;0;1.17
0.8996;BFDC;147;0;0;0;1.17
0.8996;BFDC;147;0;0;0;1.17
0.8996;BFDC;147;0;0;0;1.17
0.8996;BFDC;147;0;0;0;1.17
0.8996;BFDC;147;0;0;0;1.17
0.8996;BFDC;147;0;0;0;1.17
0.8996;BFDC;147;0;0;0;1.17
0.8996;BFDC;153;0;0;0;1.17
0.8996;BFDC;147;0;0;0;1.17
0.8996;BFDC;147;0;0;0;1.17
0.8996;BFDC;147;0;0;0;1.17
0.8996;BFDC;146;0;0;0;1.17
0.8996;BFDC;147;0;0;0;1.17
0.8996;BFDC;147;0;0;0;1.17
0.8996;BFDC;147;0;0;0;1.17
0.8996;BFDC;147;0;0;0;1.17
0.8996;BFDC;45;0;0;0;0.29
0.8996;BFDC;43;0;0;0;0.29
0.8996;BFDC;43;0;0;0;0.29
0.8996;BFDC;43;0;0;0;0.29
0.8996;BFDC;42;0;0;0;0.29
0.8996;BFDC;42;0;0;0;0.29
0.8996;BFDC;42;0;0;0;0.29
0.8996;BFDC;42;0;0;0;0.29
0.8996;BFDC;42;0;0;0;0.29
0.8996;BFDC;42;0;0;0;0.29
0.8996;BFDC;42;0;0;0;0.29
0.8996;BFDC;42;0;0;0;0.29
0.8996;BFDC;42;0;0;0;0.29
0.8996;BFDC;42;0;0;0;0.29
0.8996;BFDC;42;0;0;0;0.29
0.8996;BFDC;42;0;0;0;0.29
0.8996;BFDC;42;0;0;0;0.29
0.8996;BFDC;42;0;0;0;0.29
0.8996;BFDC;42;0;0;0;0.29
0.8996;BFDC;42;0;0;0;0.29
0.8996;CRA;102;0;0;0;0.67
0.8996;CRA;96;0;0;0;0.67
0.8996;CRA;99;0;0;0;0.67
0.8996;CRA;92;0;0;0;0.67
0.8996;CRA;91;0;0;0;0.67
0.8996;CRA;91;0;0;0;0.67
0.8996;CRA;90;0;0;0;0.67
0.8996;CRA;90;0;0;0;0.67
0.8996;CRA;90;0;0;0;0.67
0.8996;CRA;89;0;0;0;0.67
0.8996;CRA;90;0;0;0;0.67
0.8996;CRA;89;0;0;0;0.67
0.8996;CRA;89;0;0;0;0.67
0.8996;CRA;87;0;0;0;0.67
0.8996;CRA;87;0;0;0;0.67
0.8996;CRA;87;0;0;0;0.67
0.8996;CRA;87;0;0;0;0.67
0.8996;CRA;87;0;0;0;0.67
0.8996;CRA;87;0;0;0;0.67
0.8996;CRA;87;0;0;0;0.67
0.8996;CRA;45;0;0;0;0.19
0.8996;CRA;39;0;0;0;0.19
0.8996;CRA;37;0;0;0;0.19
0.8996;CRA;35;0;0;0;0.19
0.8996;CRA;35;0;0;0;0.19
0.8996;CRA;35;0;0;0;0.19
0.8996;CRA;35;0;0;0;0.19
0.8996;CRA;35;0;0;0;0.19
0.8996;CRA;35;0;0;0;0.19
0.8996;CRA;35;0;0;0;0.19
0.8996;CRA;34;0;0;0;0.19
0.8996;CRA;35;0;0;0;0.19
0.8996;CRA;34;0;0;0;0.19
0.8996;CRA;34;0;0;0;0.19
0.8996;CRA;35;0;0;0;0.19
0.8996;CRA;34;0;0;0;0.19
0.8996;CRA;34;0;0;0;0.19
0.8996;CRA;34;0;0;0;0.19
0.8996;CRA;35;0;0;0;0.19
0.8996;CRA;35;0;0;0;0.19
0.5997;ULT;924718;0;0;0;278.14
0.5997;ULT;939275;0;0;0;278.14
0.5997;ULT;926243;0;0;0;278.14
0.5997;ULT;935137;0;0;0;278.14
0.5997;ULT;926692;0;0;0;278.14
0.5997;ULT;934503;0;0;0;278.14
0.5997;ULT;930886;0;0;0;278.14
0.5997;ULT;934017;0;0;0;278.14
0.5997;ULT;937623;0;0;0;278.14
0.5997;ULT;930686;0;0;0;278.14
0.5997;ULT;938300;0;0;0;278.14
0.5997;ULT;922906;0;0;0;278.14
0.5997;ULT;937546;0;0;0;278.14
0.5997;ULT;923605;0;0;0;278.14
0.5997;ULT;937224;0;0;0;278.14
0.5997;ULT;924722;0;0;0;278.14
0.5997;ULT;936572;0;0;0;278.14
0.5997;ULT;925712;0;0;0;278.14
0.5997;ULT;935755;0;0;0;278.14
0.5997;ULT;926450;0;0;0;278.14
0.5997;ULT;2000000;0;0;1;585.96
0.5997;ULT;2000001;0;0;1;585.73
0.5997;ULT;2000000;0;0;1;585.34
0.5997;ULT;2000000;0;0;1;585.75
0.5997;ULT;2000000;0;0;1;585.82
0.5997;ULT;2000000;0;0;1;585.78
0.5997;ULT;2000001;0;0;1;585.80
0.5997;ULT;2000001;0;0;1;585.57
0.5997;ULT;2000000;0;0;1;585.62
0.5997;ULT;2000000;0;0;1;585.59
0.5997;ULT;2000000;0;0;1;585.81
0.5997;ULT;2000001;0;0;1;585.79
0.5997;ULT;2000001;0;0;1;585.83
0.5997;ULT;2000000;0;0;1;585.84
0.5997;ULT;2000001;0;0;1;585.70
0.5997;ULT;2000000;0;0;1;585.77
0.5997;ULT;2000000;0;0;1;585.24
0.5997;ULT;2000000;0;0;1;585.72
0.5997;ULT;2000001;0;0;1;585.70
0.5997;ULT;2000001;0;0;1;597.86
0.5997;RULT;90;0;0;0;0.98
0.5997;RULT;89;0;0;0;0.98
0.5997;RULT;95;0;0;0;0.98
0.5997;RULT;89;0;0;0;0.98
0.5997;RULT;89;0;0;0;0.98
0.5997;RULT;89;0;0;0;0.98
0.5997;RULT;89;0;0;0;0.98
0.5997;RULT;89;0;0;0;0.98
0.5997;RULT;89;0;0;0;0.98
0.5997;RULT;88;0;0;0;0.98
0.5997;RULT;88;0;0;0;0.98
0.5997;RULT;89;0;0;0;0.98
0.5997;RULT;89;0;0;0;0.98
0.5997;RULT;89;0;0;0;0.98
0.5997;RULT;89;0;0;0;0.98
0.5997;RULT;88;0;0;0;0.98
0.5997;RULT;89;0;0;0;0.98
0.5997;RULT;89;0;0;0;0.98
0.5997;RULT;89;0;0;0;0.98
0.5997;RULT;89;0;0;0;0.98
0.5997;RULT;68;0;0;0;0.72
0.5997;RULT;67;0;0;0;0.72
0.5997;RULT;68;0;0;0;0.72
0.5997;RULT;67;0;0;0;0.72
0.5997;RULT;67;0;0;0;0.72
0.5997;RULT;71;0;0;0;0.72
0.5997;RULT;67;0;0;0;0.72
0.5997;RULT;68;0;0;0;0.72
0.5997;RULT;67;0;0;0;0.72
0.5997;RULT;67;0;0;0;0.72
0.5997;RULT;67;0;0;0;0.72
0.5997;RULT;67;0;0;0;0.72
0.5997;RULT;67;0;0;0;0.72
0.5997;RULT;67;0;0;0;0.72
0.5997;RULT;68;0;0;0;0.72
0.5997;RULT;68;0;0;0;0.72
0.5997;RULT;67;0;0;0;0.72
0.5997;RULT;68;0;0;0;0.72
0.5997;RULT;67;0;0;0;0.72
0.5997;RULT;67;0;0;0;0.72
0.5997;ILP;23878;0;0;0;0.00
0.5997;ILP;24112;0;0;0;0.00
0.5997;ILP;23698;0;0;0;0.00
0.5997;ILP;23788;0;0;0;0.00
0.5997;ILP;23631;0;0;0;0.00
0.5997;ILP;23578;0;0;0;0.00
0.5997;ILP;23624;0;0;0;0.00
0.5997;ILP;23578;0;0;0;0.00
0.5997;ILP;23886;0;0;0;0.00
0.5997;ILP;24041;0;0;0;0.00
0.5997;ILP;24019;0;0;0;0.00
0.5997;ILP;24131;0;0;0;0.00
0.5997;ILP;23596;0;0;0;0.00
0.5997;ILP;23665;0;0;0;0.00
0.5997;ILP;23713;0;0;0;0.00
0.5997;ILP;23573;0;0;0;0.00
0.5997;ILP;23665;0;0;0;0.00
0.5997;ILP;23896;0;0;0;0.00
0.5997;ILP;23684;0;0;0;0.00
0.5997;ILP;23641;0;0;0;0.00
0.5997;ILP;23956;0;0;0;0.00
0.5997;ILP;23860;0;0;0;0.00
0.5997;ILP;23686;0;0;0;0.00
0.5997;ILP;23670;0;0;0;0.00
0.5997;ILP;23955;0;0;0;0.00
0.5997;ILP;23667;0;0;0;0.00
0.5997;ILP;24248;0;0;0;0.00
0.5997;ILP;24479;0;0;0;0.00
0.5997;ILP;23843;0;0;0;0.00
0.5997;ILP;23550;0;0;0;0.00
0.5997;ILP;23994;0;0;0;0.00
0.5997;ILP;30262;0;0;0;0.00
0.5997;ILP;24863;0;0;0;0.00
0.5997;ILP;24297;0;0;0;0.00
0.5997;ILP;24407;0;0;0;0.00
0.5997;ILP;24663;0;0;0;0.00
0.5997;ILP;24306;0;0;0;0.00
0.5997;ILP;24119;0;0;0;0.00
0.5997;ILP;24201;0;0;0;0.00
0.5997;ILP;24136;0;0;0;0.00
0.5997;CP;116344;0;0;0;0.00
0.5997;CP;118820;0;0;0;0.00
0.5997;CP;102178;0;0;0;0.00
0.5997;CP;101854;0;0;0;0.00
0.5997;CP;116131;0;0;0;0.00
0.5997;CP;117080;0;0;0;0.00
0.5997;CP;116964;0;0;0;0.00
0.5997;CP;117194;0;0;0;0.00
0.5997;CP;116900;0;0;0;0.00
0.5997;CP;116997;0;0;0;0.00
0.5997;CP;116819;0;0;0;0.00
0.5997;CP;117060;0;0;0;0.00
0.5997;CP;116893;0;0;0;0.00
0.5997;CP;116626;0;0;0;0.00
0.5997;CP;116505;0;0;0;0.00
0.5997;CP;116741;0;0;0;0.00
0.5997;CP;116384;0;0;0;0.00
0.5997;CP;117239;0;0;0;0.00
0.5997;CP;116894;0;0;0;0.00
0.5997;CP;110011;0;0;0;0.00
0.5997;CP;138227;0;0;0;0.00
0.5997;CP;136370;0;0;0;0.00
0.5997;CP;185566;0;0;0;0.00
0.5997;CP;119416;0;0;0;0.00
0.5997;CP;116277;0;0;0;0.00
0.5997;CP;105246;0;0;0;0.00
0.5997;CP;103221;0;0;0;0.00
0.5997;CP;115213;0;0;0;0.00
0.5997;CP;117340;0;0;0;0.00
0.5997;CP;116966;0;0;0;0.00
0.5997;CP;117402;0;0;0;0.00
0.5997;CP;116850;0;0;0;0.00
0.5997;CP;117328;0;0;0;0.00
0.5997;CP;117775;0;0;0;0.00
0.5997;CP;117072;0;0;0;0.00
0.5997;CP;116547;0;0;0;0.00
0.5997;CP;116700;0;0;0;0.00
0.5997;CP;117681;0;0;0;0.00
0.5997;CP;117014;0;0;0;0.00
0.5997;CP;116661;0;0;0;0.00
0.5997;SCP;94644;0;0;0;0.00
0.5997;SCP;96355;0;0;0;0.00
0.5997;SCP;98345;0;0;0;0.00
0.5997;SCP;98020;0;0;0;0.00
0.5997;SCP;97878;0;0;0;0.00
0.5997;SCP;97880;0;0;0;0.00
0.5997;SCP;97900;0;0;0;0.00
0.5997;SCP;97985;0;0;0;0.00
0.5997;SCP;97950;0;0;0;0.00
0.5997;SCP;97764;0;0;0;0.00
0.5997;SCP;98574;0;0;0;0.00
0.5997;SCP;98257;0;0;0;0.00
0.5997;SCP;97905;0;0;0;0.00
0.5997;SCP;97819;0;0;0;0.00
0.5997;SCP;98059;0;0;0;0.00
0.5997;SCP;98140;0;0;0;0.00
0.5997;SCP;97927;0;0;0;0.00
0.5997;SCP;97795;0;0;0;0.00
0.5997;SCP;97641;0;0;0;0.00
0.5997;SCP;97926;0;0;0;0.00
0.5997;SCP;161664;0;0;0;0.00
0.5997;SCP;130786;0;0;0;0.00
0.5997;SCP;128341;0;0;0;0.00
0.5997;SCP;128592;0;0;0;0.00
0.5997;SCP;130836;0;0;0;0.00
0.5997;SCP;130920;0;0;0;0.00
0.5997;SCP;131491;0;0;0;0.00
0.5997;SCP;131035;0;0;0;0.00
0.5997;SCP;130815;0;0;0;0.00
0.5997;SCP;130881;0;0;0;0.00
0.5997;SCP;130875;0;0;0;0.00
0.5997;SCP;132285;0;0;0;0.00
0.5997;SCP;131188;0;0;0;0.00
0.5997;SCP;130715;0;0;0;0.00
0.5997;SCP;130821;0;0;0;0.00
0.5997;SCP;130959;0;0;0;0.00
0.5997;SCP;131081;0;0;0;0.00
0.5997;SCP;130910;0;0;0;0.00
0.5997;SCP;130946;0;0;0;0.00
0.5997;SCP;128100;0;0;0;0.00
0.5997;KAB;371;0;0;0;0.00
0.5997;KAB;30;0;0;0;0.00
0.5997;KAB;27;0;0;0;0.00
0.5997;KAB;26;0;0;0;0.00
0.5997;KAB;24;0;0;0;0.00
0.5997;KAB;25;0;0;0;0.00
0.5997;KAB;23;0;0;0;0.00
0.5997;KAB;23;0;0;0;0.00
0.5997;KAB;23;0;0;0;0.00
0.5997;KAB;23;0;0;0;0.00
0.5997;KAB;23;0;0;0;0.00
0.5997;KAB;23;0;0;0;0.00
0.5997;KAB;23;0;0;0;0.00
0.5997;KAB;22;0;0;0;0.00
0.5997;KAB;23;0;0;0;0.00
0.5997;KAB;23;0;0;0;0.00
0.5997;KAB;23;0;0;0;0.00
0.5997;KAB;23;0;0;0;0.00
0.5997;KAB;23;0;0;0;0.00
0.5997;KAB;23;0;0;0;0.00
0.5997;KAB;483;0;0;0;0.00
0.5997;KAB;113;0;0;0;0.00
0.5997;KAB;111;0;0;0;0.00
0.5997;KAB;110;0;0;0;0.00
0.5997;KAB;109;0;0;0;0.00
0.5997;KAB;110;0;0;0;0.00
0.5997;KAB;108;0;0;0;0.00
0.5997;KAB;109;0;0;0;0.00
0.5997;KAB;109;0;0;0;0.00
0.5997;KAB;109;0;0;0;0.00
0.5997;KAB;109;0;0;0;0.00
0.5997;KAB;110;0;0;0;0.00
0.5997;KAB;109;0;0;0;0.00
0.5997;KAB;109;0;0;0;0.00
0.5997;KAB;109;0;0;0;0.00
0.5997;KAB;109;0;0;0;0.00
0.5997;KAB;109;0;0;0;0.00
0.5997;KAB;110;0;0;0;0.00
0.5997;KAB;109;0;0;0;0.00
0.5997;KAB;110;0;0;0;0.00
0.5997;BFDC;185;0;0;0;1.35
0.5997;BFDC;186;0;0;0;1.35
0.5997;BFDC;181;0;0;0;1.35
0.5997;BFDC;182;0;0;0;1.35
0.5997;BFDC;182;0;0;0;1.35
0.5997;BFDC;187;0;0;0;1.35
0.5997;BFDC;181;0;0;0;1.35
0.5997;BFDC;182;0;0;0;1.35
0.5997;BFDC;182;0;0;0;1.35
0.5997;BFDC;181;0;0;0;1.35
0.5997;BFDC;182;0;0;0;1.35
0.5997;BFDC;181;0;0;0;1.35
0.5997;BFDC;182;0;0;0;1.35
0.5997;BFDC;181;0;0;0;1.35
0.5997;BFDC;181;0;0;0;1.35
0.5997;BFDC;181;0;0;0;1.35
0.5997;BFDC;182;0;0;0;1.35
0.5997;BFDC;181;0;0;0;1.35
0.5997;BFDC;181;0;0;0;1.35
0.5997;BFDC;182;0;0;0;1.35
0.5997;BFDC;141;0;0;0;1.01
0.5997;BFDC;137;0;0;0;1.01
0.5997;BFDC;136;0;0;0;1.01
0.5997;BFDC;136;0;0;0;1.01
0.5997;BFDC;137;0;0;0;1.01
0.5997;BFDC;136;0;0;0;1.01
0.5997;BFDC;136;0;0;0;1.01
0.5997;BFDC;135;0;0;0;1.01
0.5997;BFDC;137;0;0;0;1.01
0.5997;BFDC;136;0;0;0;1.01
0.5997;BFDC;136;0;0;0;1.01
0.5997;BFDC;136;0;0;0;1.01
0.5997;BFDC;136;0;0;0;1.01
0.5997;BFDC;136;0;0;0;1.01
0.5997;BFDC;136;0;0;0;1.01
0.5997;BFDC;136;0;0;0;1.01
0.5997;BFDC;137;0;0;0;1.01
0.5997;BFDC;135;0;0;0;1.01
0.5997;BFDC;137;0;0;0;1.01
0.5997;BFDC;135;0;0;0;1.01
0.5997;CRA;48;0;0;0;0.13
0.5997;CRA;34;0;0;0;0.13
0.5997;CRA;32;0;0;0;0.13
0.5997;CRA;31;0;0;0;0.13
0.5997;CRA;31;0;0;0;0.13
0.5997;CRA;31;0;0;0;0.13
0.5997;CRA;31;0;0;0;0.13
0.5997;CRA;31;0;0;0;0.13
0.5997;CRA;31;0;0;0;0.13
0.5997;CRA;31;0;0;0;0.13
0.5997;CRA;30;0;0;0;0.13
0.5997;CRA;31;0;0;0;0.13
0.5997;CRA;30;0;0;0;0.13
0.5997;CRA;30;0;0;0;0.13
0.5997;CRA;30;0;0;0;0.13
0.5997;CRA;31;0;0;0;0.13
0.5997;CRA;30;0;0;0;0.13
0.5997;CRA;31;0;0;0;0.13
0.5997;CRA;31;0;0;0;0.13
0.5997;CRA;30;0;0;0;0.13
0.5997;CRA;125;0;0;0;0.72
0.5997;CRA;98;0;0;0;0.72
0.5997;CRA;96;0;0;0;0.72
0.5997;CRA;94;0;0;0;0.72
0.5997;CRA;94;0;0;0;0.72
0.5997;CRA;93;0;0;0;0.72
0.5997;CRA;93;0;0;0;0.72
0.5997;CRA;92;0;0;0;0.72
0.5997;CRA;92;0;0;0;0.72
0.5997;CRA;91;0;0;0;0.72
0.5997;CRA;92;0;0;0;0.72
0.5997;CRA;91;0;0;0;0.72
0.5997;CRA;90;0;0;0;0.72
0.5997;CRA;90;0;0;0;0.72
0.5997;CRA;90;0;0;0;0.72
0.5997;CRA;89;0;0;0;0.72
0.5997;CRA;90;0;0;0;0.72
0.5997;CRA;91;0;0;0;0.72
0.5997;CRA;90;0;0;0;0.72
0.5997;CRA;89;0;0;0;0.72
0.3998;ULT;1432394;0;0;0;427.21
0.3998;ULT;1431388;0;0;0;427.21
0.3998;ULT;1424598;0;0;0;427.21
0.3998;ULT;1439697;0;0;0;427.21
0.3998;ULT;1433624;0;0;0;427.21
0.3998;ULT;1433530;0;0;0;427.21
0.3998;ULT;1424749;0;0;0;427.21
0.3998;ULT;1439272;0;0;0;427.21
0.3998;ULT;1437260;0;0;0;427.21
0.3998;ULT;1433678;0;0;0;427.21
0.3998;ULT;1427161;0;0;0;427.21
0.3998;ULT;1438759;0;0;0;427.21
0.3998;ULT;1442615;0;0;0;427.21
0.3998;ULT;1433336;0;0;0;427.21
0.3998;ULT;1430112;0;0;0;427.21
0.3998;ULT;1433265;0;0;0;427.21
0.3998;ULT;1441758;0;0;0;427.21
0.3998;ULT;1411531;0;0;0;427.21
0.3998;ULT;1422715;0;0;0;427.21
0.3998;ULT;1402304;0;0;0;427.21
0.3998;ULT;1859564;0;0;0;545.28
0.3998;ULT;1860550;0;0;0;545.28
0.3998;ULT;1829204;0;0;0;545.28
0.3998;ULT;1834859;0;0;0;545.28
0.3998;ULT;1818441;0;0;0;545.28
0.3998;ULT;1799974;0;0;0;545.28
0.3998;ULT;1758550;0;0;0;545.28
0.3998;ULT;1758799;0;0;0;545.28
0.3998;ULT;1758518;0;0;0;545.28
0.3998;ULT;1758772;0;0;0;545.28
0.3998;ULT;1758028;0;0;0;545.28
0.3998;ULT;1759797;0;0;0;545.28
0.3998;ULT;1758347;0;0;0;545.28
0.3998;ULT;1759144;0;0;0;545.28
0.3998;ULT;1758687;0;0;0;545.28
0.3998;ULT;1758192;0;0;0;545.28
0.3998;ULT;1758208;0;0;0;545.28
0.3998;ULT;1758671;0;0;0;545.28
0.3998;ULT;1758388;0;0;0;545.28
0.3998;ULT;1790100;0;0;0;545.28
0.3998;RULT;64;0;0;0;0.68
0.3998;RULT;64;0;0;0;0.68
0.3998;RULT;69;0;0;0;0.68
0.3998;RULT;64;0;0;0;0.68
0.3998;RULT;63;0;0;0;0.68
0.3998;RULT;64;0;0;0;0.68
0.3998;RULT;63;0;0;0;0.68
0.3998;RULT;63;0;0;0;0.68
0.3998;RULT;64;0;0;0;0.68
0.3998;RULT;63;0;0;0;0.68
0.3998;RULT;63;0;0;0;0.68
0.3998;RULT;63;0;0;0;0.68
0.3998;RULT;63;0;0;0;0.68
0.3998;RULT;63;0;0;0;0.68
0.3998;RULT;63;0;0;0;0.68
0.3998;RULT;64;0;0;0;0.68
0.3998;RULT;63;0;0;0;0.68
0.3998;RULT;63;0;0;0;0.68
0.3998;RULT;64;0;0;0;0.68
0.3998;RULT;63;0;0;0;0.68
0.3998;RULT;88;0;0;0;1.00
0.3998;RULT;87;0;0;0;1.00
0.3998;RULT;87;0;0;0;1.00
0.3998;RULT;87;0;0;0;1.00
0.3998;RULT;87;0;0;0;1.00
0.3998;RULT;87;0;0;0;1.00
0.3998;RULT;88;0;0;0;1.00
0.3998;RULT;86;0;0;0;1.00
0.3998;RULT;87;0;0;0;1.00
0.3998;RULT;87;0;0;0;1.00
0.3998;RULT;87;0;0;0;1.00
0.3998;RULT;86;0;0;0;1.00
0.3998;RULT;87;0;0;0;1.00
0.3998;RULT;98;0;0;0;1.00
0.3998;RULT;86;0;0;0;1.00
0.3998;RULT;86;0;0;0;1.00
0.3998;RULT;86;0;0;0;1.00
0.3998;RULT;86;0;0;0;1.00
0.3998;RULT;86;0;0;0;1.00
0.3998;RULT;86;0;0;0;1.00
0.3998;ILP;18777;0;0;0;0.00
0.3998;ILP;18935;0;0;0;0.00
0.3998;ILP;18550;0;0;0;0.00
0.3998;ILP;18634;0;0;0;0.00
0.3998;ILP;18368;0;0;0;0.00
0.3998;ILP;18321;0;0;0;0.00
0.3998;ILP;18225;0;0;0;0.00
0.3998;ILP;18713;0;0;0;0.00
0.3998;ILP;18274;0;0;0;0.00
0.3998;ILP;18862;0;0;0;0.00
0.3998;ILP;18247;0;0;0;0.00
0.3998;ILP;18371;0;0;0;0.00
0.3998;ILP;19208;0;0;0;0.00
0.3998;ILP;18645;0;0;0;0.00
0.3998;ILP;19005;0;0;0;0.00
0.3998;ILP;19068;0;0;0;0.00
0.3998;ILP;18532;0;0;0;0.00
0.3998;ILP;18620;0;0;0;0.00
0.3998;ILP;19515;0;0;0;0.00
0.3998;ILP;18278;0;0;0;0.00
0.3998;ILP;18913;0;0;0;0.00
0.3998;ILP;18769;0;0;0;0.00
0.3998;ILP;18501;0;0;0;0.00
0.3998;ILP;18763;0;0;0;0.00
0.3998;ILP;18855;0;0;0;0.00
0.3998;ILP;18594;0;0;0;0.00
0.3998;ILP;18879;0;0;0;0.00
0.3998;ILP;18835;0;0;0;0.00
0.3998;ILP;18832;0;0;0;0.00
0.3998;ILP;18954;0;0;0;0.00
0.3998;ILP;18796;0;0;0;0.00
0.3998;ILP;18536;0;0;0;0.00
0.3998;ILP;18583;0;0;0;0.00
0.3998;ILP;18503;0;0;0;0.00
0.3998;ILP;18552;0;0;0;0.00
0.3998;ILP;18537;0;0;0;0.00
0.3998;ILP;18558;0;0;0;0.00
0.3998;ILP;18547;0;0;0;0.00
0.3998;ILP;18792;0;0;0;0.00
0.3998;ILP;18524;0;0;0;0.00
0.3998;CP;83570;0;0;0;0.00
0.3998;CP;83189;0;0;0;0.00
0.3998;CP;85345;0;0;0;0.00
0.3998;CP;82626;0;0;0;0.00
0.3998;CP;86284;0;0;0;0.00
0.3998;CP;82156;0;0;0;0.00
0.3998;CP;81772;0;0;0;0.00
0.3998;CP;88719;0;0;0;0.00
0.3998;CP;89826;0;0;0;0.00
0.3998;CP;90268;0;0;0;0.00
0.3998;CP;90061;0;0;0;0.00
0.3998;CP;89685;0;0;0;0.00
0.3998;CP;89780;0;0;0;0.00
0.3998;CP;90361;0;0;0;0.00
0.3998;CP;89940;0;0;0;0.00
0.3998;CP;89794;0;0;0;0.00
0.3998;CP;90304;0;0;0;0.00
0.3998;CP;90062;0;0;0;0.00
0.3998;CP;89669;0;0;0;0.00
0.3998;CP;89733;0;0;0;0.00
0.3998;CP;90235;0;0;0;0.00
0.3998;CP;91135;0;0;0;0.00
0.3998;CP;90721;0;0;0;0.00
0.3998;CP;90478;0;0;0;0.00
0.3998;CP;91041;0;0;0;0.00
0.3998;CP;90563;0;0;0;0.00
0.3998;CP;90438;0;0;0;0.00
0.3998;CP;88432;0;0;0;0.00
0.3998;CP;87089;0;0;0;0.00
0.3998;CP;82250;0;0;0;0.00
0.3998;CP;82198;0;0;0;0.00
0.3998;CP;87636;0;0;0;0.00
0.3998;CP;91479;0;0;0;0.00
0.3998;CP;90886;0;0;0;0.00
0.3998;CP;90880;0;0;0;0.00
0.3998;CP;90630;0;0;0;0.00
0.3998;CP;91345;0;0;0;0.00
0.3998;CP;91102;0;0;0;0.00
0.3998;CP;91359;0;0;0;0.00
0.3998;CP;91126;0;0;0;0.00
0.3998;SCP;83642;0;0;0;0.00
0.3998;SCP;83433;0;0;0;0.00
0.3998;SCP;83530;0;0;0;0.00
0.3998;SCP;83677;0;0;0;0.00
0.3998;SCP;83449;0;0;0;0.00
0.3998;SCP;83034;0;0;0;0.00
0.3998;SCP;84128;0;0;0;0.00
0.3998;SCP;83939;0;0;0;0.00
0.3998;SCP;83287;0;0;0;0.00
0.3998;SCP;83361;0;0;0;0.00
0.3998;SCP;83263;0;0;0;0.00
0.3998;SCP;84186;0;0;0;0.00
0.3998;SCP;83464;0;0;0;0.00
0.3998;SCP;83765;0;0;0;0.00
0.3998;SCP;83536;0;0;0;0.00
0.3998;SCP;83523;0;0;0;0.00
0.3998;SCP;83661;0;0;0;0.00
0.3998;SCP;83442;0;0;0;0.00
0.3998;SCP;83621;0;0;0;0.00
0.3998;SCP;83784;0;0;0;0.00
0.3998;SCP;68017;0;0;0;0.00
0.3998;SCP;67735;0;0;0;0.00
0.3998;SCP;67677;0;0;0;0.00
0.3998;SCP;67883;0;0;0;0.00
0.3998;SCP;67753;0;0;0;0.00
0.3998;SCP;67974;0;0;0;0.00
0.3998;SCP;67788;0;0;0;0.00
0.3998;SCP;67636;0;0;0;0.00
0.3998;SCP;67868;0;0;0;0.00
0.3998;SCP;67798;0;0;0;0.00
0.3998;SCP;67863;0;0;0;0.00
0.3998;SCP;67819;0;0;0;0.00
0.3998;SCP;67659;0;0;0;0.00
0.3998;SCP;67721;0;0;0;0.00
0.3998;SCP;67861;0;0;0;0.00
0.3998;SCP;69375;0;0;0;0.00
0.3998;SCP;65986;0;0;0;0.00
0.3998;SCP;65827;0;0;0;0.00
0.3998;SCP;65750;0;0;0;0.00
0.3998;SCP;66860;0;0;0;0.00
0.3998;KAB;452;0;0;0;0.00
0.3998;KAB;112;0;0;0;0.00
0.3998;KAB;109;0;0;0;0.00
0.3998;KAB;107;0;0;0;0.00
0.3998;KAB;107;0;0;0;0.00
0.3998;KAB;108;0;0;0;0.00
0.3998;KAB;106;0;0;0;0.00
0.3998;KAB;107;0;0;0;0.00
0.3998;KAB;107;0;0;0;0.00
0.3998;KAB;106;0;0;0;0.00
0.3998;KAB;108;0;0;0;0.00
0.3998;KAB;107;0;0;0;0.00
0.3998;KAB;105;0;0;0;0.00
0.3998;KAB;106;0;0;0;0.00
0.3998;KAB;108;0;0;0;0.00
0.3998;KAB;106;0;0;0;0.00
0.3998;KAB;107;0;0;0;0.00
0.3998;KAB;106;0;0;0;0.00
0.3998;KAB;106;0;0;0;0.00
0.3998;KAB;118;0;0;0;0.00
0.3998;KAB;388;0;0;0;0.00
0.3998;KAB;41;0;0;0;0.00
0.3998;KAB;38;0;0;0;0.00
0.3998;KAB;37;0;0;0;0.00
0.3998;KAB;35;0;0;0;0.00
0.3998;KAB;34;0;0;0;0.00
0.3998;KAB;35;0;0;0;0.00
0.3998;KAB;34;0;0;0;0.00
0.3998;KAB;33;0;0;0;0.00
0.3998;KAB;33;0;0;0;0.00
0.3998;KAB;34;0;0;0;0.00
0.3998;KAB;32;0;0;0;0.00
0.3998;KAB;32;0;0;0;0.00
0.3998;KAB;33;0;0;0;0.00
0.3998;KAB;34;0;0;0;0.00
0.3998;KAB;32;0;0;0;0.00
0.3998;KAB;33;0;0;0;0.00
0.3998;KAB;32;0;0;0;0.00
0.3998;KAB;32;0;0;0;0.00
0.3998;KAB;43;0;0;0;0.00
0.3998;BFDC;125;0;0;0;0.86
0.3998;BFDC;124;0;0;0;0.86
0.3998;BFDC;123;0;0;0;0.86
0.3998;BFDC;122;0;0;0;0.86
0.3998;BFDC;123;0;0;0;0.86
0.3998;BFDC;122;0;0;0;0.86
0.3998;BFDC;122;0;0;0;0.86
0.3998;BFDC;121;0;0;0;0.86
0.3998;BFDC;121;0;0;0;0.86
0.3998;BFDC;122;0;0;0;0.86
0.3998;BFDC;122;0;0;0;0.86
0.3998;BFDC;122;0;0;0;0.86
0.3998;BFDC;122;0;0;0;0.86
0.3998;BFDC;122;0;0;0;0.86
0.3998;BFDC;122;0;0;0;0.86
0.3998;BFDC;122;0;0;0;0.86
0.3998;BFDC;122;0;0;0;0.86
0.3998;BFDC;122;0;0;0;0.86
0.3998;BFDC;122;0;0;0;0.86
0.3998;BFDC;122;0;0;0;0.86
0.3998;BFDC;183;0;0;0;1.27
0.3998;BFDC;175;0;0;0;1.27
0.3998;BFDC;174;0;0;0;1.27
0.3998;BFDC;174;0;0;0;1.27
0.3998;BFDC;175;0;0;0;1.27
0.3998;BFDC;174;0;0;0;1.27
0.3998;BFDC;174;0;0;0;1.27
0.3998;BFDC;174;0;0;0;1.27
0.3998;BFDC;174;0;0;0;1.27
0.3998;BFDC;174;0;0;0;1.27
0.3998;BFDC;174;0;0;0;1.27
0.3998;BFDC;175;0;0;0;1.27
0.3998;BFDC;173;0;0;0;1.27
0.3998;BFDC;180;0;0;0;1.27
0.3998;BFDC;178;0;0;0;1.27
0.3998;BFDC;179;0;0;0;1.27
0.3998;BFDC;178;0;0;0;1.27
0.3998;BFDC;175;0;0;0;1.27
0.3998;BFDC;175;0;0;0;1.27
0.3998;BFDC;174;0;0;0;1.27
0.3998;CRA;128;0;0;0;0.67
0.3998;CRA;92;0;0;0;0.67
0.3998;CRA;89;0;0;0;0.67
0.3998;CRA;87;0;0;0;0.67
0.3998;CRA;93;0;0;0;0.67
0.3998;CRA;86;0;0;0;0.67
0.3998;CRA;85;0;0;0;0.67
0.3998;CRA;85;0;0;0;0.67
0.3998;CRA;84;0;0;0;0.67
0.3998;CRA;84;0;0;0;0.67
0.3998;CRA;84;0;0;0;0.67
0.3998;CRA;83;0;0;0;0.67
0.3998;CRA;83;0;0;0;0.67
0.3998;CRA;83;0;0;0;0.67
0.3998;CRA;83;0;0;0;0.67
0.3998;CRA;83;0;0;0;0.67
0.3998;CRA;82;0;0;0;0.67
0.3998;CRA;83;0;0;0;0.67
0.3998;CRA;84;0;0;0;0.67
0.3998;CRA;83;0;0;0;0.67
0.3998;CRA;68;0;0;0;0.27
0.3998;CRA;47;0;0;0;0.27
0.3998;CRA;45;0;0;0;0.27
0.3998;CRA;43;0;0;0;0.27
0.3998;CRA;43;0;0;0;0.27
0.3998;CRA;42;0;0;0;0.27
0.3998;CRA;42;0;0;0;0.27
0.3998;CRA;42;0;0;0;0.27
0.3998;CRA;42;0;0;0;0.27
0.3998;CRA;41;0;0;0;0.27
0.3998;CRA;41;0;0;0;0.27
0.3998;CRA;41;0;0;0;0.27
0.3998;CRA;41;0;0;0;0.27
0.3998;CRA;41;0;0;0;0.27
0.3998;CRA;41;0;0;0;0.27
0.3998;CRA;41;0;0;0;0.27
0.3998;CRA;41;0;0;0;0.27
0.3998;CRA;41;0;0;0;0.27
0.3998;CRA;41;0;0;0;0.27
0.3998;CRA;41;0;0;0;0.27
0.9995;RULT;106;0;0;0;1.12
0.9995;RULT;106;0;0;0;1.12
0.9995;RULT;106;0;0;0;1.12
0.9995;RULT;106;0;0;0;1.12
0.9995;RULT;106;0;0;0;1.12
0.9995;RULT;106;0;0;0;1.12
0.9995;RULT;107;0;0;0;1.12
0.9995;RULT;106;0;0;0;1.12
0.9995;RULT;106;0;0;0;1.12
0.9995;RULT;105;0;0;0;1.12
0.9995;RULT;107;0;0;0;1.12
0.9995;RULT;106;0;0;0;1.12
0.9995;RULT;106;0;0;0;1.12
0.9995;RULT;107;0;0;0;1.12
0.9995;RULT;107;0;0;0;1.12
0.9995;RULT;106;0;0;0;1.12
0.9995;RULT;106;0;0;0;1.12
0.9995;RULT;106;0;0;0;1.12
0.9995;RULT;106;0;0;0;1.12
0.9995;RULT;106;0;0;0;1.12
0.9995;RULT;1403;0;0;0;5.37
0.9995;RULT;1365;0;0;0;5.37
0.9995;RULT;1372;0;0;0;5.37
0.9995;RULT;1366;0;0;0;5.37
0.9995;RULT;1372;0;0;0;5.37
0.9995;RULT;1367;0;0;0;5.37
0.9995;RULT;1370;0;0;0;5.37
0.9995;RULT;1365;0;0;0;5.37
0.9995;RULT;1373;0;0;0;5.37
0.9995;RULT;1370;0;0;0;5.37
0.9995;RULT;1378;0;0;0;5.37
0.9995;RULT;1369;0;0;0;5.37
0.9995;RULT;1376;0;0;0;5.37
0.9995;RULT;1368;0;0;0;5.37
0.9995;RULT;1366;0;0;0;5.37
0.9995;RULT;1370;0;0;0;5.37
0.9995;RULT;1368;0;0;0;5.37
0.9995;RULT;1367;0;0;0;5.37
0.9995;RULT;1369;0;0;0;5.37
0.9995;RULT;1365;0;0;0;5.37
0.9995;ILP;32942;0;0;0;0.00
0.9995;ILP;33922;0;0;0;0.00
0.9995;ILP;33609;0;0;0;0.00
0.9995;ILP;33012;0;0;0;0.00
0.9995;ILP;33534;0;0;0;0.00
0.9995;ILP;33275;0;0;0;0.00
0.9995;ILP;33837;0;0;0;0.00
0.9995;ILP;34063;0;0;0;0.00
0.9995;ILP;33164;0;0;0;0.00
0.9995;ILP;33073;0;0;0;0.00
0.9995;ILP;32947;0;0;0;0.00
0.9995;ILP;32657;0;0;0;0.00
0.9995;ILP;33457;0;0;0;0.00
0.9995;ILP;32845;0;0;0;0.00
0.9995;ILP;33284;0;0;0;0.00
0.9995;ILP;32487;0;0;0;0.00
0.9995;ILP;32511;0;0;0;0.00
0.9995;ILP;32465;0;0;0;0.00
0.9995;ILP;33347;0;0;0;0.00
0.9995;ILP;32432;0;0;0;0.00
0.9995;ILP;40583;0;0;0;0.00
0.9995;ILP;39986;0;0;0;0.00
0.9995;ILP;42081;0;0;0;0.00
0.9995;ILP;39933;0;0;0;0.00
0.9995;ILP;41206;0;0;0;0.00
0.9995;ILP;40426;0;0;0;0.00
0.9995;ILP;40410;0;0;0;0.00
0.9995;ILP;40385;0;0;0;0.00
0.9995;ILP;40469;0;0;0;0.00
0.9995;ILP;40448;0;0;0;0.00
0.9995;ILP;40378;0;0;0;0.00
0.9995;ILP;40312;0;0;0;0.00
0.9995;ILP;40268;0;0;0;0.00
0.9995;ILP;41101;0;0;0;0.00
0.9995;ILP;40367;0;0;0;0.00
0.9995;ILP;40388;0;0;0;0.00
0.9995;ILP;40436;0;0;0;0.00
0.9995;ILP;40374;0;0;0;0.00
0.9995;ILP;40449;0;0;0;0.00
0.9995;ILP;40617;0;0;0;0.00
0.9995;CP;256176;0;0;0;0.00
0.9995;CP;259561;0;0;0;0.00
0.9995;CP;258341;0;0;0;0.00
0.9995;CP;258531;0;0;0;0.00
0.9995;CP;257494;0;0;0;0.00
0.9995;CP;259750;0;0;0;0.00
0.9995;CP;260393;0;0;0;0.00
0.9995;CP;258783;0;0;0;0.00
0.9995;CP;258223;0;0;0;0.00
0.9995;CP;258575;0;0;0;0.00
0.9995;CP;258981;0;0;0;0.00
0.9995;CP;258284;0;0;0;0.00
0.9995;CP;258971;0;0;0;0.00
0.9995;CP;258916;0;0;0;0.00
0.9995;CP;258070;0;0;0;0.00
0.9995;CP;258126;0;0;0;0.00
0.9995;CP;257548;0;0;0;0.00
0.9995;CP;257501;0;0;0;0.00
0.9995;CP;259469;0;0;0;0.00
0.9995;CP;257624;0;0;0;0.00
0.9995;CP;312574;0;0;0;0.00
0.9995;CP;312019;0;0;0;0.00
0.9995;CP;308279;0;0;0;0.00
0.9995;CP;273299;0;0;0;0.00
0.9995;CP;313030;0;0;0;0.00
0.9995;CP;311507;0;0;0;0.00
0.9995;CP;312684;0;0;0;0.00
0.9995;CP;311427;0;0;0;0.00
0.9995;CP;310558;0;0;0;0.00
0.9995;CP;302958;0;0;0;0.00
0.9995;CP;267906;0;0;0;0.00
0.9995;CP;295955;0;0;0;0.00
0.9995;CP;292875;0;0;0;0.00
0.9995;CP;290569;0;0;0;0.00
0.9995;CP;286211;0;0;0;0.00
0.9995;CP;286028;0;0;0;0.00
0.9995;CP;286104;0;0;0;0.00
0.9995;CP;285289;0;0;0;0.00
0.9995;CP;287362;0;0;0;0.00
0.9995;CP;344490;0;0;0;0.00
0.9995;SCP;293123;0;0;0;0.00
0.9995;SCP;287791;0;0;0;0.00
0.9995;SCP;286937;0;0;0;0.00
0.9995;SCP;286947;0;0;0;0.00
0.9995;SCP;289096;0;0;0;0.00
0.9995;SCP;286963;0;0;0;0.00
0.9995;SCP;288023;0;0;0;0.00
0.9995;SCP;288289;0;0;0;0.00
0.9995;SCP;286970;0;0;0;0.00
0.9995;SCP;287194;0;0;0;0.00
0.9995;SCP;286943;0;0;0;0.00
0.9995;SCP;288604;0;0;0;0.00
0.9995;SCP;286991;0;0;0;0.00
0.9995;SCP;287333;0;0;0;0.00
0.9995;SCP;288930;0;0;0;0.00
0.9995;SCP;287107;0;0;0;0.00
0.9995;SCP;287189;0;0;0;0.00
0.9995;SCP;287968;0;0;0;0.00
0.9995;SCP;287752;0;0;0;0.00
0.9995;SCP;287700;0;0;0;0.00
0.9995;SCP;207657;0;0;0;0.00
0.9995;SCP;205476;0;0;0;0.00
0.9995;SCP;205109;0;0;0;0.00
0.9995;SCP;206593;0;0;0;0.00
0.9995;SCP;205506;0;0;0;0.00
0.9995;SCP;205348;0;0;0;0.00
0.9995;SCP;205546;0;0;0;0.00
0.9995;SCP;205368;0;0;0;0.00
0.9995;SCP;205280;0;0;0;0.00
0.9995;SCP;205299;0;0;0;0.00
0.9995;SCP;205419;0;0;0;0.00
0.9995;SCP;205299;0;0;0;0.00
0.9995;SCP;205662;0;0;0;0.00
0.9995;SCP;205792;0;0;0;0.00
0.9995;SCP;205247;0;0;0;0.00
0.9995;SCP;206068;0;0;0;0.00
0.9995;SCP;205281;0;0;0;0.00
0.9995;SCP;205144;0;0;0;0.00
0.9995;SCP;205379;0;0;0;0.00
0.9995;SCP;205463;0;0;0;0.00
0.9995;KAB;483;0;0;0;0.00
0.9995;KAB;165;0;0;0;0.00
0.9995;KAB;153;0;0;0;0.00
0.9995;KAB;152;0;0;0;0.00
0.9995;KAB;152;0;0;0;0.00
0.9995;KAB;151;0;0;0;0.00
0.9995;KAB;152;0;0;0;0.00
0.9995;KAB;152;0;0;0;0.00
0.9995;KAB;151;0;0;0;0.00
0.9995;KAB;151;0;0;0;0.00
0.9995;KAB;152;0;0;0;0.00
0.9995;KAB;152;0;0;0;0.00
0.9995;KAB;151;0;0;0;0.00
0.9995;KAB;151;0;0;0;0.00
0.9995;KAB;151;0;0;0;0.00
0.9995;KAB;153;0;0;0;0.00
0.9995;KAB;152;0;0;0;0.00
0.9995;KAB;152;0;0;0;0.00
0.9995;KAB;151;0;0;0;0.00
0.9995;KAB;151;0;0;0;0.00
0.9995;KAB;727266;0;0;0;0.00
0.9995;KAB;725799;0;0;0;0.00
0.9995;KAB;725554;0;0;0;0.00
0.9995;KAB;726573;0;0;0;0.00
0.9995;KAB;725746;0;0;0;0.00
0.9995;KAB;725804;0;0;0;0.00
0.9995;KAB;726483;0;0;0;0.00
0.9995;KAB;725633;0;0;0;0.00
0.9995;KAB;725842;0;0;0;0.00
0.9995;KAB;726667;0;0;0;0.00
0.9995;KAB;725463;0;0;0;0.00
0.9995;KAB;726209;0;0;0;0.00
0.9995;KAB;725575;0;0;0;0.00
0.9995;KAB;725613;0;0;0;0.00
0.9995;KAB;725979;0;0;0;0.00
0.9995;KAB;725511;0;0;0;0.00
0.9995;KAB;725444;0;0;0;0.00
0.9995;KAB;726831;0;0;0;0.00
0.9995;KAB;726242;0;0;0;0.00
0.9995;KAB;727178;0;0;0;0.00
0.9995;BFDC;223;0;0;0;1.82
0.9995;BFDC;221;0;0;0;1.82
0.9995;BFDC;219;0;0;0;1.82
0.9995;BFDC;219;0;0;0;1.82
0.9995;BFDC;219;0;0;0;1.82
0.9995;BFDC;219;0;0;0;1.82
0.9995;BFDC;220;0;0;0;1.82
0.9995;BFDC;219;0;0;0;1.82
0.9995;BFDC;220;0;0;0;1.82
0.9995;BFDC;220;0;0;0;1.82
0.9995;BFDC;219;0;0;0;1.82
0.9995;BFDC;219;0;0;0;1.82
0.9995;BFDC;219;0;0;0;1.82
0.9995;BFDC;219;0;0;0;1.82
0.9995;BFDC;224;0;0;0;1.82
0.9995;BFDC;219;0;0;0;1.82
0.9995;BFDC;219;0;0;0;1.82
0.9995;BFDC;219;0;0;0;1.82
0.9995;BFDC;219;0;0;0;1.82
0.9995;BFDC;219;0;0;0;1.82
0.9995;BFDC;273;0;0;0;2.22
0.9995;BFDC;272;0;0;0;2.22
0.9995;BFDC;271;0;0;0;2.22
0.9995;BFDC;271;0;0;0;2.22
0.9995;BFDC;271;0;0;0;2.22
0.9995;BFDC;270;0;0;0;2.22
0.9995;BFDC;271;0;0;0;2.22
0.9995;BFDC;270;0;0;0;2.22
0.9995;BFDC;270;0;0;0;2.22
0.9995;BFDC;271;0;0;0;2.22
0.9995;BFDC;271;0;0;0;2.22
0.9995;BFDC;270;0;0;0;2.22
0.9995;BFDC;271;0;0;0;2.22
0.9995;BFDC;270;0;0;0;2.22
0.9995;BFDC;271;0;0;0;2.22
0.9995;BFDC;270;0;0;0;2.22
0.9995;BFDC;270;0;0;0;2.22
0.9995;BFDC;270;0;0;0;2.22
0.9995;BFDC;271;0;0;0;2.22
0.9995;BFDC;270;0;0;0;2.22
0.9995;CRA;153;0;0;0;1.12
0.9995;CRA;149;0;0;0;1.12
0.9995;CRA;147;0;0;0;1.12
0.9995;CRA;146;0;0;0;1.12
0.9995;CRA;151;0;0;0;1.12
0.9995;CRA;146;0;0;0;1.12
0.9995;CRA;146;0;0;0;1.12
0.9995;CRA;145;0;0;0;1.12
0.9995;CRA;146;0;0;0;1.12
0.9995;CRA;145;0;0;0;1.12
0.9995;CRA;145;0;0;0;1.12
0.9995;CRA;145;0;0;0;1.12
0.9995;CRA;145;0;0;0;1.12
0.9995;CRA;145;0;0;0;1.12
0.9995;CRA;144;0;0;0;1.12
0.9995;CRA;144;0;0;0;1.12
0.9995;CRA;145;0;0;0;1.12
0.9995;CRA;145;0;0;0;1.12
0.9995;CRA;145;0;0;0;1.12
0.9995;CRA;144;0;0;0;1.12
0.9995;CRA;26164;0;0;0;66.95
0.9995;CRA;26009;0;0;0;66.95
0.9995;CRA;26023;0;0;0;66.95
0.9995;CRA;26047;0;0;0;66.95
0.9995;CRA;26052;0;0;0;66.95
0.9995;CRA;26039;0;0;0;66.95
0.9995;CRA;26053;0;0;0;66.95
0.9995;CRA;26058;0;0;0;66.95
0.9995;CRA;26032;0;0;0;66.95
0.9995;CRA;26028;0;0;0;66.95
0.9995;CRA;26043;0;0;0;66.95
0.9995;CRA;26061;0;0;0;66.95
0.9995;CRA;26037;0;0;0;66.95
0.9995;CRA;26048;0;0;0;66.95
0.9995;CRA;26030;0;0;0;66.95
0.9995;CRA;26037;0;0;0;66.95
0.9995;CRA;26030;0;0;0;66.95
0.9995;CRA;26026;0;0;0;66.95
0.9995;CRA;26052;0;0;0;66.95
0.9995;CRA;26050;0;0;0;66.95
0.2999;ULT;2000001;0;0;1;589.74
0.2999;ULT;2000001;0;0;1;585.07
0.2999;ULT;2000001;0;0;1;589.84
0.2999;ULT;2000001;0;0;1;585.19
0.2999;ULT;2000000;0;0;1;590.04
0.2999;ULT;2000001;0;0;1;585.19
0.2999;ULT;2000000;0;0;1;590.49
0.2999;ULT;2000001;0;0;1;585.16
0.2999;ULT;2000001;0;0;1;598.12
0.2999;ULT;2000001;0;0;1;608.95
0.2999;ULT;2000001;0;0;1;585.15
0.2999;ULT;2000000;0;0;1;584.50
0.2999;ULT;2000001;0;0;1;584.33
0.2999;ULT;2000000;0;0;1;584.25
0.2999;ULT;2000001;0;0;1;584.14
0.2999;ULT;2000000;0;0;1;583.95
0.2999;ULT;2000000;0;0;1;581.58
0.2999;ULT;2000001;0;0;1;589.19
0.2999;ULT;2000001;0;0;1;582.31
0.2999;ULT;2000001;0;0;1;581.60
0.2999;ULT;1968584;0;0;0;577.29
0.2999;ULT;1972059;0;0;0;577.29
0.2999;ULT;1973805;0;0;0;577.29
0.2999;ULT;1975766;0;0;0;577.29
0.2999;ULT;1977942;0;0;0;577.29
0.2999;ULT;1978277;0;0;0;577.29
0.2999;ULT;1969661;0;0;0;577.29
0.2999;ULT;1959595;0;0;0;577.29
0.2999;ULT;1965692;0;0;0;577.29
0.2999;ULT;1944403;0;0;0;577.29
0.2999;ULT;1955074;0;0;0;577.29
0.2999;ULT;1964995;0;0;0;577.29
0.2999;ULT;1955829;0;0;0;577.29
0.2999;ULT;1952436;0;0;0;577.29
0.2999;ULT;1963664;0;0;0;577.29
0.2999;ULT;1966168;0;0;0;577.29
0.2999;ULT;1950435;0;0;0;577.29
0.2999;ULT;1962260;0;0;0;577.29
0.2999;ULT;1965625;0;0;0;577.29
0.2999;ULT;1947786;0;0;0;577.29
0.2999;RULT;1289;0;0;0;4.99
0.2999;RULT;1269;0;0;0;4.99
0.2999;RULT;1268;0;0;0;4.99
0.2999;RULT;1271;0;0;0;4.99
0.2999;RULT;1267;0;0;0;4.99
0.2999;RULT;1265;0;0;0;4.99
0.2999;RULT;1270;0;0;0;4.99
0.2999;RULT;1271;0;0;0;4.99
0.2999;RULT;1268;0;0;0;4.99
0.2999;RULT;1268;0;0;0;4.99
0.2999;RULT;1273;0;0;0;4.99
0.2999;RULT;1269;0;0;0;4.99
0.2999;RULT;1273;0;0;0;4.99
0.2999;RULT;1270;0;0;0;4.99
0.2999;RULT;1269;0;0;0;4.99
0.2999;RULT;1269;0;0;0;4.99
0.2999;RULT;1274;0;0;0;4.99
0.2999;RULT;1270;0;0;0;4.99
0.2999;RULT;1279;0;0;0;4.99
0.2999;RULT;1269;0;0;0;4.99
0.2999;RULT;32;0;0;0;0.28
0.2999;RULT;32;0;0;0;0.28
0.2999;RULT;32;0;0;0;0.28
0.2999;RULT;32;0;0;0;0.28
0.2999;RULT;32;0;0;0;0.28
0.2999;RULT;32;0;0;0;0.28
0.2999;RULT;32;0;0;0;0.28
0.2999;RULT;32;0;0;0;0.28
0.2999;RULT;32;0;0;0;0.28
0.2999;RULT;31;0;0;0;0.28
0.2999;RULT;32;0;0;0;0.28
0.2999;RULT;32;0;0;0;0.28
0.2999;RULT;32;0;0;0;0.28
0.2999;RULT;32;0;0;0;0.28
0.2999;RULT;32;0;0;0;0.28
0.2999;RULT;32;0;0;0;0.28
0.2999;RULT;31;0;0;0;0.28
0.2999;RULT;32;0;0;0;0.28
0.2999;RULT;32;0;0;0;0.28
0.2999;RULT;31;0;0;0;0.28
0.2999;ILP;20924;0;0;0;0.00
0.2999;ILP;19200;0;0;0;0.00
0.2999;ILP;18951;0;0;0;0.00
0.2999;ILP;18979;0;0;0;0.00
0.2999;ILP;19022;0;0;0;0.00
0.2999;ILP;18854;0;0;0;0.00
0.2999;ILP;18877;0;0;0;0.00
0.2999;ILP;18886;0;0;0;0.00
0.2999;ILP;18942;0;0;0;0.00
0.2999;ILP;19182;0;0;0;0.00
0.2999;ILP;19032;0;0;0;0.00
0.2999;ILP;18788;0;0;0;0.00
0.2999;ILP;19111;0;0;0;0.00
0.2999;ILP;18798;0;0;0;0.00
0.2999;ILP;18826;0;0;0;0.00
0.2999;ILP;19485;0;0;0;0.00
0.2999;ILP;18782;0;0;0;0.00
0.2999;ILP;18939;0;0;0;0.00
0.2999;ILP;19191;0;0;0;0.00
0.2999;ILP;19087;0;0;0;0.00
0.2999;ILP;16434;0;0;0;0.00
0.2999;ILP;16173;0;0;0;0.00
0.2999;ILP;16356;0;0;0;0.00
0.2999;ILP;16442;0;0;0;0.00
0.2999;ILP;16701;0;0;0;0.00
0.2999;ILP;16290;0;0;0;0.00
0.2999;ILP;16061;0;0;0;0.00
0.2999;ILP;16295;0;0;0;0.00
0.2999;ILP;15999;0;0;0;0.00
0.2999;ILP;15984;0;0;0;0.00
0.2999;ILP;16065;0;0;0;0.00
0.2999;ILP;16451;0;0;0;0.00
0.2999;ILP;16569;0;0;0;0.00
0.2999;ILP;16267;0;0;0;0.00
0.2999;ILP;16297;0;0;0;0.00
0.2999;ILP;16080;0;0;0;0.00
0.2999;ILP;16305;0;0;0;0.00
0.2999;ILP;16646;0;0;0;0.00
0.2999;ILP;16638;0;0;0;0.00
0.2999;ILP;16459;0;0;0;0.00
0.2999;CP;144125;0;0;0;0.00
0.2999;CP;144325;0;0;0;0.00
0.2999;CP;144072;0;0;0;0.00
0.2999;CP;143989;0;0;0;0.00
0.2999;CP;143562;0;0;0;0.00
0.2999;CP;143896;0;0;0;0.00
0.2999;CP;144357;0;0;0;0.00
0.2999;CP;143505;0;0;0;0.00
0.2999;CP;143464;0;0;0;0.00
0.2999;CP;143244;0;0;0;0.00
0.2999;CP;143341;0;0;0;0.00
0.2999;CP;143951;0;0;0;0.00
0.2999;CP;132231;0;0;0;0.00
0.2999;CP;139707;0;0;0;0.00
0.2999;CP;143381;0;0;0;0.00
0.2999;CP;143761;0;0;0;0.00
0.2999;CP;144144;0;0;0;0.00
0.2999;CP;143603;0;0;0;0.00
0.2999;CP;144154;0;0;0;0.00
0.2999;CP;143742;0;0;0;0.00
0.2999;CP;79648;0;0;0;0.00
0.2999;CP;79701;0;0;0;0.00
0.2999;CP;80210;0;0;0;0.00
0.2999;CP;79532;0;0;0;0.00
0.2999;CP;77761;0;0;0;0.00
0.2999;CP;73595;0;0;0;0.00
0.2999;CP;72723;0;0;0;0.00
0.2999;CP;78334;0;0;0;0.00
0.2999;CP;79422;0;0;0;0.00
0.2999;CP;79517;0;0;0;0.00
0.2999;CP;79593;0;0;0;0.00
0.2999;CP;79767;0;0;0;0.00
0.2999;CP;79793;0;0;0;0.00
0.2999;CP;79900;0;0;0;0.00
0.2999;CP;79916;0;0;0;0.00
0.2999;CP;79955;0;0;0;0.00
0.2999;CP;80518;0;0;0;0.00
0.2999;CP;79438;0;0;0;0.00
0.2999;CP;79365;0;0;0;0.00
0.2999;CP;79536;0;0;0;0.00
0.2999;SCP;127659;0;0;0;0.00
0.2999;SCP;127760;0;0;0;0.00
0.2999;SCP;127493;0;0;0;0.00
0.2999;SCP;127446;0;0;0;0.00
0.2999;SCP;127195;0;0;0;0.00
0.2999;SCP;127449;0;0;0;0.00
0.2999;SCP;125959;0;0;0;0.00
0.2999;SCP;124394;0;0;0;0.00
0.2999;SCP;127144;0;0;0;0.00
0.2999;SCP;127618;0;0;0;0.00
0.2999;SCP;127504;0;0;0;0.00
0.2999;SCP;128156;0;0;0;0.00
0.2999;SCP;127414;0;0;0;0.00
0.2999;SCP;127536;0;0;0;0.00
0.2999;SCP;127505;0;0;0;0.00
0.2999;SCP;127569;0;0;0;0.00
0.2999;SCP;127346;0;0;0;0.00
0.2999;SCP;127569;0;0;0;0.00
0.2999;SCP;127562;0;0;0;0.00
0.2999;SCP;127401;0;0;0;0.00
0.2999;SCP;79654;0;0;0;0.00
0.2999;SCP;79578;0;0;0;0.00
0.2999;SCP;80380;0;0;0;0.00
0.2999;SCP;80735;0;0;0;0.00
0.2999;SCP;77064;0;0;0;0.00
0.2999;SCP;78522;0;0;0;0.00
0.2999;SCP;77799;0;0;0;0.00
0.2999;SCP;79767;0;0;0;0.00
0.2999;SCP;80549;0;0;0;0.00
0.2999;SCP;79512;0;0;0;0.00
0.2999;SCP;79752;0;0;0;0.00
0.2999;SCP;80238;0;0;0;0.00
0.2999;SCP;79471;0;0;0;0.00
0.2999;SCP;79599;0;0;0;0.00
0.2999;SCP;79369;0;0;0;0.00
0.2999;SCP;79587;0;0;0;0.00
0.2999;SCP;79665;0;0;0;0.00
0.2999;SCP;79775;0;0;0;0.00
0.2999;SCP;79812;0;0;0;0.00
0.2999;SCP;79695;0;0;0;0.00
0.2999;KAB;611195;0;0;0;0.00
0.2999;KAB;610781;0;0;0;0.00
0.2999;KAB;610554;0;0;0;0.00
0.2999;KAB;610712;0;0;0;0.00
0.2999;KAB;610478;0;0;0;0.00
0.2999;KAB;609310;0;0;0;0.00
0.2999;KAB;609584;0;0;0;0.00
0.2999;KAB;609606;0;0;0;0.00
0.2999;KAB;609612;0;0;0;0.00
0.2999;KAB;610738;0;0;0;0.00
0.2999;KAB;610759;0;0;0;0.00
0.2999;KAB;610763;0;0;0;0.00
0.2999;KAB;610632;0;0;0;0.00
0.2999;KAB;610654;0;0;0;0.00
0.2999;KAB;611374;0;0;0;0.00
0.2999;KAB;610189;0;0;0;0.00
0.2999;KAB;610762;0;0;0;0.00
0.2999;KAB;609133;0;0;0;0.00
0.2999;KAB;609330;0;0;0;0.00
0.2999;KAB;609524;0;0;0;0.00
0.2999;KAB;459;0;0;0;0.00
0.2999;KAB;101;0;0;0;0.00
0.2999;KAB;97;0;0;0;0.00
0.2999;KAB;96;0;0;0;0.00
0.2999;KAB;95;0;0;0;0.00
0.2999;KAB;94;0;0;0;0.00
0.2999;KAB;95;0;0;0;0.00
0.2999;KAB;94;0;0;0;0.00
0.2999;KAB;94;0;0;0;0.00
0.2999;KAB;95;0;0;0;0.00
0.2999;KAB;95;0;0;0;0.00
0.2999;KAB;95;0;0;0;0.00
0.2999;KAB;95;0;0;0;0.00
0.2999;KAB;94;0;0;0;0.00
0.2999;KAB;94;0;0;0;0.00
0.2999;KAB;94;0;0;0;0.00
0.2999;KAB;95;0;0;0;0.00
0.2999;KAB;95;0;0;0;0.00
0.2999;KAB;94;0;0;0;0.00
0.2999;KAB;93;0;0;0;0.00
0.2999;BFDC;333;0;0;0;2.17
0.2999;BFDC;332;0;0;0;2.17
0.2999;BFDC;333;0;0;0;2.17
0.2999;BFDC;332;0;0;0;2.17
0.2999;BFDC;332;0;0;0;2.17
0.2999;BFDC;331;0;0;0;2.17
0.2999;BFDC;332;0;0;0;2.17
0.2999;BFDC;332;0;0;0;2.17
0.2999;BFDC;331;0;0;0;2.17
0.2999;BFDC;332;0;0;0;2.17
0.2999;BFDC;332;0;0;0;2.17
0.2999;BFDC;332;0;0;0;2.17
0.2999;BFDC;332;0;0;0;2.17
0.2999;BFDC;331;0;0;0;2.17
0.2999;BFDC;331;0;0;0;2.17
0.2999;BFDC;337;0;0;0;2.17
0.2999;BFDC;331;0;0;0;2.17
0.2999;BFDC;331;0;0;0;2.17
0.2999;BFDC;331;0;0;0;2.17
0.2999;BFDC;331;0;0;0;2.17
0.2999;BFDC;57;0;0;0;0.34
0.2999;BFDC;56;0;0;0;0.34
0.2999;BFDC;55;0;0;0;0.34
0.2999;BFDC;54;0;0;0;0.34
0.2999;BFDC;55;0;0;0;0.34
0.2999;BFDC;55;0;0;0;0.34
0.2999;BFDC;55;0;0;0;0.34
0.2999;BFDC;55;0;0;0;0.34
0.2999;BFDC;54;0;0;0;0.34
0.2999;BFDC;54;0;0;0;0.34
0.2999;BFDC;54;0;0;0;0.34
0.2999;BFDC;54;0;0;0;0.34
0.2999;BFDC;54;0;0;0;0.34
0.2999;BFDC;54;0;0;0;0.34
0.2999;BFDC;54;0;0;0;0.34
0.2999;BFDC;54;0;0;0;0.34
0.2999;BFDC;54;0;0;0;0.34
0.2999;BFDC;54;0;0;0;0.34
0.2999;BFDC;55;0;0;0;0.34
0.2999;BFDC;54;0;0;0;0.34
0.2999;CRA;16115;0;0;0;40.92
0.2999;CRA;15987;0;0;0;40.92
0.2999;CRA;16006;0;0;0;40.92
0.2999;CRA;16000;0;0;0;40.92
0.2999;CRA;15996;0;0;0;40.92
0.2999;CRA;15986;0;0;0;40.92
0.2999;CRA;16001;0;0;0;40.92
0.2999;CRA;15999;0;0;0;40.92
0.2999;CRA;15995;0;0;0;40.92
0.2999;CRA;16004;0;0;0;40.92
0.2999;CRA;15992;0;0;0;40.92
0.2999;CRA;16006;0;0;0;40.92
0.2999;CRA;16001;0;0;0;40.92
0.2999;CRA;15997;0;0;0;40.92
0.2999;CRA;16010;0;0;0;40.92
0.2999;CRA;16006;0;0;0;40.92
0.2999;CRA;16008;0;0;0;40.92
0.2999;CRA;15986;0;0;0;40.92
0.2999;CRA;15995;0;0;0;40.92
0.2999;CRA;15996;0;0;0;40.92
0.2999;CRA;64;0;0;0;0.28
0.2999;CRA;48;0;0;0;0.28
0.2999;CRA;46;0;0;0;0.28
0.2999;CRA;44;0;0;0;0.28
0.2999;CRA;43;0;0;0;0.28
0.2999;CRA;43;0;0;0;0.28
0.2999;CRA;43;0;0;0;0.28
0.2999;CRA;42;0;0;0;0.28
0.2999;CRA;43;0;0;0;0.28
0.2999;CRA;42;0;0;0;0.28
0.2999;CRA;42;0;0;0;0.28
0.2999;CRA;42;0;0;0;0.28
0.2999;CRA;42;0;0;0;0.28
0.2999;CRA;42;0;0;0;0.28
0.2999;CRA;41;0;0;0;0.28
0.2999;CRA;41;0;0;0;0.28
0.2999;CRA;42;0;0;0;0.28
0.2999;CRA;42;0;0;0;0.28
0.2999;CRA;41;0;0;0;0.28
0.2999;CRA;41;0;0;0;0.28
