Size;Method;Time;Status;Solution;Timeout;Scans
1601;ULT;445699;0;0;0;215.14
1601;ULT;448236;0;0;0;215.14
1601;ULT;448594;0;0;0;215.14
1601;ULT;448004;0;0;0;215.14
1601;ULT;448737;0;0;0;215.14
1601;ULT;448497;0;0;0;215.14
1601;ULT;448047;0;0;0;215.14
1601;ULT;448789;0;0;0;215.14
1601;ULT;448400;0;0;0;215.14
1601;ULT;450454;0;0;0;215.14
1601;ULT;450515;0;0;0;215.14
1601;ULT;447214;0;0;0;215.14
1601;ULT;446233;0;0;0;215.14
1601;ULT;445141;0;0;0;215.14
1601;ULT;445255;0;0;0;215.14
1601;ULT;445338;0;0;0;215.14
1601;ULT;444981;0;0;0;215.14
1601;ULT;450872;0;0;0;215.14
1601;ULT;451168;0;0;0;215.14
1601;ULT;451851;0;0;0;215.14
1601;ULT;295155;0;0;0;142.09
1601;ULT;296625;0;0;0;142.09
1601;ULT;296501;0;0;0;142.09
1601;ULT;295576;0;0;0;142.09
1601;ULT;295046;0;0;0;142.09
1601;ULT;296055;0;0;0;142.09
1601;ULT;296395;0;0;0;142.09
1601;ULT;295680;0;0;0;142.09
1601;ULT;295006;0;0;0;142.09
1601;ULT;295928;0;0;0;142.09
1601;ULT;296982;0;0;0;142.09
1601;ULT;295927;0;0;0;142.09
1601;ULT;297088;0;0;0;142.09
1601;ULT;293801;0;0;0;142.09
1601;ULT;296377;0;0;0;142.09
1601;ULT;293873;0;0;0;142.09
1601;ULT;295797;0;0;0;142.09
1601;ULT;296273;0;0;0;142.09
1601;ULT;293561;0;0;0;142.09
1601;ULT;295898;0;0;0;142.09
1601;RULT;23;0;0;0;0.22
1601;RULT;23;0;0;0;0.22
1601;RULT;23;0;0;0;0.22
1601;RULT;23;0;0;0;0.22
1601;RULT;23;0;0;0;0.22
1601;RULT;23;0;0;0;0.22
1601;RULT;23;0;0;0;0.22
1601;RULT;23;0;0;0;0.22
1601;RULT;23;0;0;0;0.22
1601;RULT;23;0;0;0;0.22
1601;RULT;23;0;0;0;0.22
1601;RULT;23;0;0;0;0.22
1601;RULT;23;0;0;0;0.22
1601;RULT;23;0;0;0;0.22
1601;RULT;23;0;0;0;0.22
1601;RULT;23;0;0;0;0.22
1601;RULT;23;0;0;0;0.22
1601;RULT;23;0;0;0;0.22
1601;RULT;23;0;0;0;0.22
1601;RULT;23;0;0;0;0.22
1601;RULT;15;0;0;0;0.09
1601;RULT;14;0;0;0;0.09
1601;RULT;14;0;0;0;0.09
1601;RULT;14;0;0;0;0.09
1601;RULT;14;0;0;0;0.09
1601;RULT;14;0;0;0;0.09
1601;RULT;14;0;0;0;0.09
1601;RULT;14;0;0;0;0.09
1601;RULT;14;0;0;0;0.09
1601;RULT;14;0;0;0;0.09
1601;RULT;14;0;0;0;0.09
1601;RULT;14;0;0;0;0.09
1601;RULT;14;0;0;0;0.09
1601;RULT;14;0;0;0;0.09
1601;RULT;14;0;0;0;0.09
1601;RULT;14;0;0;0;0.09
1601;RULT;14;0;0;0;0.09
1601;RULT;14;0;0;0;0.09
1601;RULT;14;0;0;0;0.09
1601;RULT;14;0;0;0;0.09
1601;ILP;23218;0;0;0;0.00
1601;ILP;22499;0;0;0;0.00
1601;ILP;23715;0;0;0;0.00
1601;ILP;22619;0;0;0;0.00
1601;ILP;22578;0;0;0;0.00
1601;ILP;22406;0;0;0;0.00
1601;ILP;22640;0;0;0;0.00
1601;ILP;22569;0;0;0;0.00
1601;ILP;22588;0;0;0;0.00
1601;ILP;22809;0;0;0;0.00
1601;ILP;22484;0;0;0;0.00
1601;ILP;22557;0;0;0;0.00
1601;ILP;22456;0;0;0;0.00
1601;ILP;22531;0;0;0;0.00
1601;ILP;22309;0;0;0;0.00
1601;ILP;23077;0;0;0;0.00
1601;ILP;22347;0;0;0;0.00
1601;ILP;22538;0;0;0;0.00
1601;ILP;22418;0;0;0;0.00
1601;ILP;22469;0;0;0;0.00
1601;ILP;23021;0;0;0;0.00
1601;ILP;22329;0;0;0;0.00
1601;ILP;22139;0;0;0;0.00
1601;ILP;22694;0;0;0;0.00
1601;ILP;22204;0;0;0;0.00
1601;ILP;22142;0;0;0;0.00
1601;ILP;22091;0;0;0;0.00
1601;ILP;22251;0;0;0;0.00
1601;ILP;22104;0;0;0;0.00
1601;ILP;22096;0;0;0;0.00
1601;ILP;22188;0;0;0;0.00
1601;ILP;22363;0;0;0;0.00
1601;ILP;22680;0;0;0;0.00
1601;ILP;22404;0;0;0;0.00
1601;ILP;22666;0;0;0;0.00
1601;ILP;22700;0;0;0;0.00
1601;ILP;22615;0;0;0;0.00
1601;ILP;23003;0;0;0;0.00
1601;ILP;22406;0;0;0;0.00
1601;ILP;22189;0;0;0;0.00
1601;CP;172046;0;0;0;0.00
1601;CP;175743;0;0;0;0.00
1601;CP;173635;0;0;0;0.00
1601;CP;173685;0;0;0;0.00
1601;CP;172362;0;0;0;0.00
1601;CP;168597;0;0;0;0.00
1601;CP;174013;0;0;0;0.00
1601;CP;166845;0;0;0;0.00
1601;CP;163321;0;0;0;0.00
1601;CP;162793;0;0;0;0.00
1601;CP;164559;0;0;0;0.00
1601;CP;162584;0;0;0;0.00
1601;CP;160177;0;0;0;0.00
1601;CP;161145;0;0;0;0.00
1601;CP;160990;0;0;0;0.00
1601;CP;160992;0;0;0;0.00
1601;CP;186607;0;0;0;0.00
1601;CP;186352;0;0;0;0.00
1601;CP;175426;0;0;0;0.00
1601;CP;173600;0;0;0;0.00
1601;CP;107389;0;0;0;0.00
1601;CP;119905;0;0;0;0.00
1601;CP;116045;0;0;0;0.00
1601;CP;116874;0;0;0;0.00
1601;CP;150402;0;0;0;0.00
1601;CP;103545;0;0;0;0.00
1601;CP;101115;0;0;0;0.00
1601;CP;101314;0;0;0;0.00
1601;CP;102618;0;0;0;0.00
1601;CP;92612;0;0;0;0.00
1601;CP;99297;0;0;0;0.00
1601;CP;101091;0;0;0;0.00
1601;CP;101230;0;0;0;0.00
1601;CP;101180;0;0;0;0.00
1601;CP;96956;0;0;0;0.00
1601;CP;92177;0;0;0;0.00
1601;CP;98615;0;0;0;0.00
1601;CP;101624;0;0;0;0.00
1601;CP;100553;0;0;0;0.00
1601;CP;99377;0;0;0;0.00
1601;SCP;220209;0;0;0;0.00
1601;SCP;217979;0;0;0;0.00
1601;SCP;218784;0;0;0;0.00
1601;SCP;217961;0;0;0;0.00
1601;SCP;218144;0;0;0;0.00
1601;SCP;207352;0;0;0;0.00
1601;SCP;217890;0;0;0;0.00
1601;SCP;217523;0;0;0;0.00
1601;SCP;221993;0;0;0;0.00
1601;SCP;223945;0;0;0;0.00
1601;SCP;222402;0;0;0;0.00
1601;SCP;218000;0;0;0;0.00
1601;SCP;218103;0;0;0;0.00
1601;SCP;221583;0;0;0;0.00
1601;SCP;224284;0;0;0;0.00
1601;SCP;221697;0;0;0;0.00
1601;SCP;218018;0;0;0;0.00
1601;SCP;217967;0;0;0;0.00
1601;SCP;222742;0;0;0;0.00
1601;SCP;218148;0;0;0;0.00
1601;SCP;90100;0;0;0;0.00
1601;SCP;82671;0;0;0;0.00
1601;SCP;81628;0;0;0;0.00
1601;SCP;81677;0;0;0;0.00
1601;SCP;81400;0;0;0;0.00
1601;SCP;82144;0;0;0;0.00
1601;SCP;81972;0;0;0;0.00
1601;SCP;81809;0;0;0;0.00
1601;SCP;82369;0;0;0;0.00
1601;SCP;82057;0;0;0;0.00
1601;SCP;82721;0;0;0;0.00
1601;SCP;82462;0;0;0;0.00
1601;SCP;82570;0;0;0;0.00
1601;SCP;83138;0;0;0;0.00
1601;SCP;83237;0;0;0;0.00
1601;SCP;82547;0;0;0;0.00
1601;SCP;83018;0;0;0;0.00
1601;SCP;82441;0;0;0;0.00
1601;SCP;82606;0;0;0;0.00
1601;SCP;82137;0;0;0;0.00
1601;KAB;556;0;0;0;0.00
1601;KAB;19;0;0;0;0.00
1601;KAB;17;0;0;0;0.00
1601;KAB;16;0;0;0;0.00
1601;KAB;16;0;0;0;0.00
1601;KAB;16;0;0;0;0.00
1601;KAB;15;0;0;0;0.00
1601;KAB;16;0;0;0;0.00
1601;KAB;15;0;0;0;0.00
1601;KAB;15;0;0;0;0.00
1601;KAB;15;0;0;0;0.00
1601;KAB;15;0;0;0;0.00
1601;KAB;15;0;0;0;0.00
1601;KAB;15;0;0;0;0.00
1601;KAB;15;0;0;0;0.00
1601;KAB;15;0;0;0;0.00
1601;KAB;15;0;0;0;0.00
1601;KAB;15;0;0;0;0.00
1601;KAB;15;0;0;0;0.00
1601;KAB;15;0;0;0;0.00
1601;KAB;569;0;0;0;0.00
1601;KAB;15;0;0;0;0.00
1601;KAB;14;0;0;0;0.00
1601;KAB;13;0;0;0;0.00
1601;KAB;13;0;0;0;0.00
1601;KAB;13;0;0;0;0.00
1601;KAB;13;0;0;0;0.00
1601;KAB;13;0;0;0;0.00
1601;KAB;13;0;0;0;0.00
1601;KAB;13;0;0;0;0.00
1601;KAB;13;0;0;0;0.00
1601;KAB;13;0;0;0;0.00
1601;KAB;13;0;0;0;0.00
1601;KAB;13;0;0;0;0.00
1601;KAB;13;0;0;0;0.00
1601;KAB;13;0;0;0;0.00
1601;KAB;13;0;0;0;0.00
1601;KAB;13;0;0;0;0.00
1601;KAB;13;0;0;0;0.00
1601;KAB;13;0;0;0;0.00
1601;BFDC;43;0;0;0;0.34
1601;BFDC;41;0;0;0;0.34
1601;BFDC;40;0;0;0;0.34
1601;BFDC;39;0;0;0;0.34
1601;BFDC;39;0;0;0;0.34
1601;BFDC;39;0;0;0;0.34
1601;BFDC;39;0;0;0;0.34
1601;BFDC;39;0;0;0;0.34
1601;BFDC;39;0;0;0;0.34
1601;BFDC;38;0;0;0;0.34
1601;BFDC;38;0;0;0;0.34
1601;BFDC;39;0;0;0;0.34
1601;BFDC;39;0;0;0;0.34
1601;BFDC;39;0;0;0;0.34
1601;BFDC;39;0;0;0;0.34
1601;BFDC;39;0;0;0;0.34
1601;BFDC;39;0;0;0;0.34
1601;BFDC;39;0;0;0;0.34
1601;BFDC;39;0;0;0;0.34
1601;BFDC;39;0;0;0;0.34
1601;BFDC;22;0;0;0;0.14
1601;BFDC;21;0;0;0;0.14
1601;BFDC;21;0;0;0;0.14
1601;BFDC;21;0;0;0;0.14
1601;BFDC;21;0;0;0;0.14
1601;BFDC;21;0;0;0;0.14
1601;BFDC;21;0;0;0;0.14
1601;BFDC;21;0;0;0;0.14
1601;BFDC;21;0;0;0;0.14
1601;BFDC;21;0;0;0;0.14
1601;BFDC;20;0;0;0;0.14
1601;BFDC;21;0;0;0;0.14
1601;BFDC;21;0;0;0;0.14
1601;BFDC;21;0;0;0;0.14
1601;BFDC;20;0;0;0;0.14
1601;BFDC;20;0;0;0;0.14
1601;BFDC;20;0;0;0;0.14
1601;BFDC;20;0;0;0;0.14
1601;BFDC;21;0;0;0;0.14
1601;BFDC;20;0;0;0;0.14
1601;CRA;38;0;0;0;0.22
1601;CRA;33;0;0;0;0.22
1601;CRA;31;0;0;0;0.22
1601;CRA;30;0;0;0;0.22
1601;CRA;29;0;0;0;0.22
1601;CRA;29;0;0;0;0.22
1601;CRA;29;0;0;0;0.22
1601;CRA;29;0;0;0;0.22
1601;CRA;29;0;0;0;0.22
1601;CRA;29;0;0;0;0.22
1601;CRA;29;0;0;0;0.22
1601;CRA;29;0;0;0;0.22
1601;CRA;29;0;0;0;0.22
1601;CRA;29;0;0;0;0.22
1601;CRA;29;0;0;0;0.22
1601;CRA;29;0;0;0;0.22
1601;CRA;29;0;0;0;0.22
1601;CRA;29;0;0;0;0.22
1601;CRA;29;0;0;0;0.22
1601;CRA;29;0;0;0;0.22
1601;CRA;29;0;0;0;0.08
1601;CRA;24;0;0;0;0.08
1601;CRA;24;0;0;0;0.08
1601;CRA;23;0;0;0;0.08
1601;CRA;23;0;0;0;0.08
1601;CRA;23;0;0;0;0.08
1601;CRA;23;0;0;0;0.08
1601;CRA;23;0;0;0;0.08
1601;CRA;23;0;0;0;0.08
1601;CRA;23;0;0;0;0.08
1601;CRA;23;0;0;0;0.08
1601;CRA;23;0;0;0;0.08
1601;CRA;23;0;0;0;0.08
1601;CRA;23;0;0;0;0.08
1601;CRA;23;0;0;0;0.08
1601;CRA;23;0;0;0;0.08
1601;CRA;23;0;0;0;0.08
1601;CRA;23;0;0;0;0.08
1601;CRA;23;0;0;0;0.08
1601;CRA;23;0;0;0;0.08
801;ULT;343576;0;0;0;634.80
801;ULT;343642;0;0;0;634.80
801;ULT;343537;0;0;0;634.80
801;ULT;343515;0;0;0;634.80
801;ULT;343757;0;0;0;634.80
801;ULT;344010;0;0;0;634.80
801;ULT;345394;0;0;0;634.80
801;ULT;347295;0;0;0;634.80
801;ULT;343880;0;0;0;634.80
801;ULT;344009;0;0;0;634.80
801;ULT;343957;0;0;0;634.80
801;ULT;344475;0;0;0;634.80
801;ULT;344202;0;0;0;634.80
801;ULT;343872;0;0;0;634.80
801;ULT;344131;0;0;0;634.80
801;ULT;344140;0;0;0;634.80
801;ULT;344244;0;0;0;634.80
801;ULT;344170;0;0;0;634.80
801;ULT;344108;0;0;0;634.80
801;ULT;343987;0;0;0;634.80
801;ULT;243088;0;0;0;449.58
801;ULT;243144;0;0;0;449.58
801;ULT;246953;0;0;0;449.58
801;ULT;243435;0;0;0;449.58
801;ULT;243424;0;0;0;449.58
801;ULT;243166;0;0;0;449.58
801;ULT;243227;0;0;0;449.58
801;ULT;249608;0;0;0;449.58
801;ULT;243219;0;0;0;449.58
801;ULT;243295;0;0;0;449.58
801;ULT;246560;0;0;0;449.58
801;ULT;243288;0;0;0;449.58
801;ULT;247224;0;0;0;449.58
801;ULT;243365;0;0;0;449.58
801;ULT;243340;0;0;0;449.58
801;ULT;243635;0;0;0;449.58
801;ULT;243311;0;0;0;449.58
801;ULT;245080;0;0;0;449.58
801;ULT;243280;0;0;0;449.58
801;ULT;243251;0;0;0;449.58
801;RULT;29;0;0;0;0.77
801;RULT;28;0;0;0;0.77
801;RULT;28;0;0;0;0.77
801;RULT;29;0;0;0;0.77
801;RULT;28;0;0;0;0.77
801;RULT;29;0;0;0;0.77
801;RULT;29;0;0;0;0.77
801;RULT;29;0;0;0;0.77
801;RULT;34;0;0;0;0.77
801;RULT;28;0;0;0;0.77
801;RULT;28;0;0;0;0.77
801;RULT;28;0;0;0;0.77
801;RULT;28;0;0;0;0.77
801;RULT;28;0;0;0;0.77
801;RULT;28;0;0;0;0.77
801;RULT;29;0;0;0;0.77
801;RULT;29;0;0;0;0.77
801;RULT;28;0;0;0;0.77
801;RULT;28;0;0;0;0.77
801;RULT;29;0;0;0;0.77
801;RULT;40;0;0;0;1.03
801;RULT;40;0;0;0;1.03
801;RULT;40;0;0;0;1.03
801;RULT;40;0;0;0;1.03
801;RULT;45;0;0;0;1.03
801;RULT;40;0;0;0;1.03
801;RULT;40;0;0;0;1.03
801;RULT;40;0;0;0;1.03
801;RULT;40;0;0;0;1.03
801;RULT;39;0;0;0;1.03
801;RULT;39;0;0;0;1.03
801;RULT;40;0;0;0;1.03
801;RULT;39;0;0;0;1.03
801;RULT;40;0;0;0;1.03
801;RULT;40;0;0;0;1.03
801;RULT;40;0;0;0;1.03
801;RULT;39;0;0;0;1.03
801;RULT;40;0;0;0;1.03
801;RULT;40;0;0;0;1.03
801;RULT;40;0;0;0;1.03
801;ILP;13026;0;0;0;0.00
801;ILP;11172;0;0;0;0.00
801;ILP;11101;0;0;0;0.00
801;ILP;11097;0;0;0;0.00
801;ILP;11474;0;0;0;0.00
801;ILP;11410;0;0;0;0.00
801;ILP;11903;0;0;0;0.00
801;ILP;11072;0;0;0;0.00
801;ILP;11088;0;0;0;0.00
801;ILP;11311;0;0;0;0.00
801;ILP;11091;0;0;0;0.00
801;ILP;11095;0;0;0;0.00
801;ILP;11357;0;0;0;0.00
801;ILP;11063;0;0;0;0.00
801;ILP;11378;0;0;0;0.00
801;ILP;11373;0;0;0;0.00
801;ILP;11385;0;0;0;0.00
801;ILP;11401;0;0;0;0.00
801;ILP;11363;0;0;0;0.00
801;ILP;11370;0;0;0;0.00
801;ILP;12773;0;0;0;0.00
801;ILP;11096;0;0;0;0.00
801;ILP;11074;0;0;0;0.00
801;ILP;11365;0;0;0;0.00
801;ILP;11085;0;0;0;0.00
801;ILP;11057;0;0;0;0.00
801;ILP;11671;0;0;0;0.00
801;ILP;11071;0;0;0;0.00
801;ILP;11061;0;0;0;0.00
801;ILP;11079;0;0;0;0.00
801;ILP;11046;0;0;0;0.00
801;ILP;11051;0;0;0;0.00
801;ILP;11045;0;0;0;0.00
801;ILP;11038;0;0;0;0.00
801;ILP;11052;0;0;0;0.00
801;ILP;11195;0;0;0;0.00
801;ILP;11023;0;0;0;0.00
801;ILP;11058;0;0;0;0.00
801;ILP;11338;0;0;0;0.00
801;ILP;11298;0;0;0;0.00
801;CP;82276;0;0;0;0.00
801;CP;78131;0;0;0;0.00
801;CP;79865;0;0;0;0.00
801;CP;79437;0;0;0;0.00
801;CP;79527;0;0;0;0.00
801;CP;79133;0;0;0;0.00
801;CP;79434;0;0;0;0.00
801;CP;80786;0;0;0;0.00
801;CP;77530;0;0;0;0.00
801;CP;78774;0;0;0;0.00
801;CP;79689;0;0;0;0.00
801;CP;79014;0;0;0;0.00
801;CP;79816;0;0;0;0.00
801;CP;79294;0;0;0;0.00
801;CP;79781;0;0;0;0.00
801;CP;79819;0;0;0;0.00
801;CP;76587;0;0;0;0.00
801;CP;78217;0;0;0;0.00
801;CP;79481;0;0;0;0.00
801;CP;80065;0;0;0;0.00
801;CP;49273;0;0;0;0.00
801;CP;44904;0;0;0;0.00
801;CP;43887;0;0;0;0.00
801;CP;44232;0;0;0;0.00
801;CP;43838;0;0;0;0.00
801;CP;45275;0;0;0;0.00
801;CP;45427;0;0;0;0.00
801;CP;44716;0;0;0;0.00
801;CP;44024;0;0;0;0.00
801;CP;44120;0;0;0;0.00
801;CP;44038;0;0;0;0.00
801;CP;43859;0;0;0;0.00
801;CP;43863;0;0;0;0.00
801;CP;44958;0;0;0;0.00
801;CP;44724;0;0;0;0.00
801;CP;43997;0;0;0;0.00
801;CP;43976;0;0;0;0.00
801;CP;44225;0;0;0;0.00
801;CP;44896;0;0;0;0.00
801;CP;43953;0;0;0;0.00
801;SCP;115215;0;0;0;0.00
801;SCP;114170;0;0;0;0.00
801;SCP;113768;0;0;0;0.00
801;SCP;109485;0;0;0;0.00
801;SCP;114963;0;0;0;0.00
801;SCP;110253;0;0;0;0.00
801;SCP;114998;0;0;0;0.00
801;SCP;110031;0;0;0;0.00
801;SCP;109039;0;0;0;0.00
801;SCP;110885;0;0;0;0.00
801;SCP;110025;0;0;0;0.00
801;SCP;110035;0;0;0;0.00
801;SCP;105418;0;0;0;0.00
801;SCP;104258;0;0;0;0.00
801;SCP;104339;0;0;0;0.00
801;SCP;105769;0;0;0;0.00
801;SCP;110608;0;0;0;0.00
801;SCP;115291;0;0;0;0.00
801;SCP;105180;0;0;0;0.00
801;SCP;103729;0;0;0;0.00
801;SCP;38430;0;0;0;0.00
801;SCP;40336;0;0;0;0.00
801;SCP;39537;0;0;0;0.00
801;SCP;38289;0;0;0;0.00
801;SCP;38163;0;0;0;0.00
801;SCP;39177;0;0;0;0.00
801;SCP;38011;0;0;0;0.00
801;SCP;38161;0;0;0;0.00
801;SCP;38053;0;0;0;0.00
801;SCP;37801;0;0;0;0.00
801;SCP;38607;0;0;0;0.00
801;SCP;38946;0;0;0;0.00
801;SCP;38383;0;0;0;0.00
801;SCP;38245;0;0;0;0.00
801;SCP;37774;0;0;0;0.00
801;SCP;38347;0;0;0;0.00
801;SCP;37858;0;0;0;0.00
801;SCP;38040;0;0;0;0.00
801;SCP;38234;0;0;0;0.00
801;SCP;37997;0;0;0;0.00
801;KAB;321;0;0;0;0.00
801;KAB;52;0;0;0;0.00
801;KAB;50;0;0;0;0.00
801;KAB;49;0;0;0;0.00
801;KAB;49;0;0;0;0.00
801;KAB;49;0;0;0;0.00
801;KAB;48;0;0;0;0.00
801;KAB;48;0;0;0;0.00
801;KAB;48;0;0;0;0.00
801;KAB;48;0;0;0;0.00
801;KAB;48;0;0;0;0.00
801;KAB;48;0;0;0;0.00
801;KAB;47;0;0;0;0.00
801;KAB;47;0;0;0;0.00
801;KAB;48;0;0;0;0.00
801;KAB;47;0;0;0;0.00
801;KAB;47;0;0;0;0.00
801;KAB;48;0;0;0;0.00
801;KAB;48;0;0;0;0.00
801;KAB;48;0;0;0;0.00
801;KAB;291;0;0;0;0.00
801;KAB;31;0;0;0;0.00
801;KAB;22;0;0;0;0.00
801;KAB;21;0;0;0;0.00
801;KAB;20;0;0;0;0.00
801;KAB;19;0;0;0;0.00
801;KAB;19;0;0;0;0.00
801;KAB;19;0;0;0;0.00
801;KAB;18;0;0;0;0.00
801;KAB;18;0;0;0;0.00
801;KAB;18;0;0;0;0.00
801;KAB;18;0;0;0;0.00
801;KAB;17;0;0;0;0.00
801;KAB;17;0;0;0;0.00
801;KAB;17;0;0;0;0.00
801;KAB;17;0;0;0;0.00
801;KAB;17;0;0;0;0.00
801;KAB;17;0;0;0;0.00
801;KAB;17;0;0;0;0.00
801;KAB;17;0;0;0;0.00
801;BFDC;22;0;0;0;0.36
801;BFDC;21;0;0;0;0.36
801;BFDC;20;0;0;0;0.36
801;BFDC;19;0;0;0;0.36
801;BFDC;19;0;0;0;0.36
801;BFDC;19;0;0;0;0.36
801;BFDC;19;0;0;0;0.36
801;BFDC;19;0;0;0;0.36
801;BFDC;19;0;0;0;0.36
801;BFDC;19;0;0;0;0.36
801;BFDC;19;0;0;0;0.36
801;BFDC;18;0;0;0;0.36
801;BFDC;18;0;0;0;0.36
801;BFDC;18;0;0;0;0.36
801;BFDC;18;0;0;0;0.36
801;BFDC;19;0;0;0;0.36
801;BFDC;18;0;0;0;0.36
801;BFDC;18;0;0;0;0.36
801;BFDC;18;0;0;0;0.36
801;BFDC;18;0;0;0;0.36
801;BFDC;84;0;0;0;1.56
801;BFDC;82;0;0;0;1.56
801;BFDC;80;0;0;0;1.56
801;BFDC;80;0;0;0;1.56
801;BFDC;85;0;0;0;1.56
801;BFDC;79;0;0;0;1.56
801;BFDC;78;0;0;0;1.56
801;BFDC;78;0;0;0;1.56
801;BFDC;78;0;0;0;1.56
801;BFDC;78;0;0;0;1.56
801;BFDC;78;0;0;0;1.56
801;BFDC;78;0;0;0;1.56
801;BFDC;79;0;0;0;1.56
801;BFDC;79;0;0;0;1.56
801;BFDC;78;0;0;0;1.56
801;BFDC;78;0;0;0;1.56
801;BFDC;78;0;0;0;1.56
801;BFDC;78;0;0;0;1.56
801;BFDC;78;0;0;0;1.56
801;BFDC;77;0;0;0;1.56
801;CRA;42;0;0;0;0.77
801;CRA;37;0;0;0;0.77
801;CRA;34;0;0;0;0.77
801;CRA;33;0;0;0;0.77
801;CRA;39;0;0;0;0.77
801;CRA;31;0;0;0;0.77
801;CRA;31;0;0;0;0.77
801;CRA;30;0;0;0;0.77
801;CRA;30;0;0;0;0.77
801;CRA;29;0;0;0;0.77
801;CRA;29;0;0;0;0.77
801;CRA;29;0;0;0;0.77
801;CRA;29;0;0;0;0.77
801;CRA;29;0;0;0;0.77
801;CRA;29;0;0;0;0.77
801;CRA;29;0;0;0;0.77
801;CRA;28;0;0;0;0.77
801;CRA;29;0;0;0;0.77
801;CRA;28;0;0;0;0.77
801;CRA;29;0;0;0;0.77
801;CRA;34;0;0;0;0.54
801;CRA;28;0;0;0;0.54
801;CRA;25;0;0;0;0.54
801;CRA;23;0;0;0;0.54
801;CRA;23;0;0;0;0.54
801;CRA;22;0;0;0;0.54
801;CRA;22;0;0;0;0.54
801;CRA;22;0;0;0;0.54
801;CRA;22;0;0;0;0.54
801;CRA;21;0;0;0;0.54
801;CRA;21;0;0;0;0.54
801;CRA;21;0;0;0;0.54
801;CRA;22;0;0;0;0.54
801;CRA;21;0;0;0;0.54
801;CRA;21;0;0;0;0.54
801;CRA;21;0;0;0;0.54
801;CRA;22;0;0;0;0.54
801;CRA;21;0;0;0;0.54
801;CRA;21;0;0;0;0.54
801;CRA;21;0;0;0;0.54
3201;ULT;438109;0;0;0;51.02
3201;ULT;440235;0;0;0;51.02
3201;ULT;440366;0;0;0;51.02
3201;ULT;440304;0;0;0;51.02
3201;ULT;441926;0;0;0;51.02
3201;ULT;442037;0;0;0;51.02
3201;ULT;441657;0;0;0;51.02
3201;ULT;441984;0;0;0;51.02
3201;ULT;450037;0;0;0;51.02
3201;ULT;434550;0;0;0;51.02
3201;ULT;436819;0;0;0;51.02
3201;ULT;434557;0;0;0;51.02
3201;ULT;434699;0;0;0;51.02
3201;ULT;435480;0;0;0;51.02
3201;ULT;435373;0;0;0;51.02
3201;ULT;434180;0;0;0;51.02
3201;ULT;435983;0;0;0;51.02
3201;ULT;433427;0;0;0;51.02
3201;ULT;435715;0;0;0;51.02
3201;ULT;435110;0;0;0;51.02
3201;ULT;2000002;0;0;1;231.96
3201;ULT;2000001;0;0;1;231.58
3201;ULT;2000000;0;0;1;232.20
3201;ULT;2000000;0;0;1;230.92
3201;ULT;2000001;0;0;1;220.64
3201;ULT;2000002;0;0;1;234.52
3201;ULT;2000000;0;0;1;234.87
3201;ULT;2000001;0;0;1;234.42
3201;ULT;2000002;0;0;1;233.78
3201;ULT;2000001;0;0;1;233.71
3201;ULT;2000002;0;0;1;234.76
3201;ULT;2000002;0;0;1;234.62
3201;ULT;2000000;0;0;1;234.12
3201;ULT;2000000;0;0;1;234.66
3201;ULT;2000002;0;0;1;234.54
3201;ULT;2000002;0;0;1;234.65
3201;ULT;2000002;0;0;1;235.04
3201;ULT;2000001;0;0;1;234.74
3201;ULT;2000000;0;0;1;233.26
3201;ULT;2000000;0;0;1;234.67
3201;RULT;21;0;0;0;0.02
3201;RULT;19;0;0;0;0.02
3201;RULT;19;0;0;0;0.02
3201;RULT;19;0;0;0;0.02
3201;RULT;19;0;0;0;0.02
3201;RULT;19;0;0;0;0.02
3201;RULT;19;0;0;0;0.02
3201;RULT;19;0;0;0;0.02
3201;RULT;19;0;0;0;0.02
3201;RULT;19;0;0;0;0.02
3201;RULT;19;0;0;0;0.02
3201;RULT;19;0;0;0;0.02
3201;RULT;19;0;0;0;0.02
3201;RULT;19;0;0;0;0.02
3201;RULT;19;0;0;0;0.02
3201;RULT;19;0;0;0;0.02
3201;RULT;19;0;0;0;0.02
3201;RULT;19;0;0;0;0.02
3201;RULT;19;0;0;0;0.02
3201;RULT;19;0;0;0;0.02
3201;RULT;86;0;0;0;0.53
3201;RULT;85;0;0;0;0.53
3201;RULT;85;0;0;0;0.53
3201;RULT;85;0;0;0;0.53
3201;RULT;85;0;0;0;0.53
3201;RULT;85;0;0;0;0.53
3201;RULT;85;0;0;0;0.53
3201;RULT;86;0;0;0;0.53
3201;RULT;85;0;0;0;0.53
3201;RULT;84;0;0;0;0.53
3201;RULT;86;0;0;0;0.53
3201;RULT;86;0;0;0;0.53
3201;RULT;85;0;0;0;0.53
3201;RULT;85;0;0;0;0.53
3201;RULT;85;0;0;0;0.53
3201;RULT;85;0;0;0;0.53
3201;RULT;85;0;0;0;0.53
3201;RULT;85;0;0;0;0.53
3201;RULT;86;0;0;0;0.53
3201;RULT;85;0;0;0;0.53
3201;ILP;46053;0;0;0;0.00
3201;ILP;45709;0;0;0;0.00
3201;ILP;45547;0;0;0;0.00
3201;ILP;45429;0;0;0;0.00
3201;ILP;45451;0;0;0;0.00
3201;ILP;45647;0;0;0;0.00
3201;ILP;45512;0;0;0;0.00
3201;ILP;45434;0;0;0;0.00
3201;ILP;45527;0;0;0;0.00
3201;ILP;45524;0;0;0;0.00
3201;ILP;45463;0;0;0;0.00
3201;ILP;45482;0;0;0;0.00
3201;ILP;45392;0;0;0;0.00
3201;ILP;45425;0;0;0;0.00
3201;ILP;45533;0;0;0;0.00
3201;ILP;45539;0;0;0;0.00
3201;ILP;45669;0;0;0;0.00
3201;ILP;45525;0;0;0;0.00
3201;ILP;45462;0;0;0;0.00
3201;ILP;45851;0;0;0;0.00
3201;ILP;46030;0;0;0;0.00
3201;ILP;44525;0;0;0;0.00
3201;ILP;44578;0;0;0;0.00
3201;ILP;44575;0;0;0;0.00
3201;ILP;44524;0;0;0;0.00
3201;ILP;44506;0;0;0;0.00
3201;ILP;44548;0;0;0;0.00
3201;ILP;44920;0;0;0;0.00
3201;ILP;45501;0;0;0;0.00
3201;ILP;44505;0;0;0;0.00
3201;ILP;44712;0;0;0;0.00
3201;ILP;44466;0;0;0;0.00
3201;ILP;46626;0;0;0;0.00
3201;ILP;44436;0;0;0;0.00
3201;ILP;44464;0;0;0;0.00
3201;ILP;44608;0;0;0;0.00
3201;ILP;46015;0;0;0;0.00
3201;ILP;44598;0;0;0;0.00
3201;ILP;46030;0;0;0;0.00
3201;ILP;46555;0;0;0;0.00
3201;CP;221347;0;0;0;0.00
3201;CP;220007;0;0;0;0.00
3201;CP;228190;0;0;0;0.00
3201;CP;250795;0;0;0;0.00
3201;CP;249657;0;0;0;0.00
3201;CP;250366;0;0;0;0.00
3201;CP;252586;0;0;0;0.00
3201;CP;249936;0;0;0;0.00
3201;CP;249886;0;0;0;0.00
3201;CP;254436;0;0;0;0.00
3201;CP;221470;0;0;0;0.00
3201;CP;220387;0;0;0;0.00
3201;CP;230415;0;0;0;0.00
3201;CP;252323;0;0;0;0.00
3201;CP;250408;0;0;0;0.00
3201;CP;250151;0;0;0;0.00
3201;CP;250905;0;0;0;0.00
3201;CP;250136;0;0;0;0.00
3201;CP;249800;0;0;0;0.00
3201;CP;253110;0;0;0;0.00
3201;CP;230854;0;0;0;0.00
3201;CP;229395;0;0;0;0.00
3201;CP;229291;0;0;0;0.00
3201;CP;230171;0;0;0;0.00
3201;CP;229690;0;0;0;0.00
3201;CP;229110;0;0;0;0.00
3201;CP;229008;0;0;0;0.00
3201;CP;228975;0;0;0;0.00
3201;CP;228979;0;0;0;0.00
3201;CP;228831;0;0;0;0.00
3201;CP;228797;0;0;0;0.00
3201;CP;228264;0;0;0;0.00
3201;CP;227478;0;0;0;0.00
3201;CP;227949;0;0;0;0.00
3201;CP;226989;0;0;0;0.00
3201;CP;227809;0;0;0;0.00
3201;CP;226041;0;0;0;0.00
3201;CP;227720;0;0;0;0.00
3201;CP;226200;0;0;0;0.00
3201;CP;226727;0;0;0;0.00
3201;SCP;180695;0;0;0;0.00
3201;SCP;178995;0;0;0;0.00
3201;SCP;179022;0;0;0;0.00
3201;SCP;183080;0;0;0;0.00
3201;SCP;184597;0;0;0;0.00
3201;SCP;185013;0;0;0;0.00
3201;SCP;184642;0;0;0;0.00
3201;SCP;184374;0;0;0;0.00
3201;SCP;184167;0;0;0;0.00
3201;SCP;184276;0;0;0;0.00
3201;SCP;184206;0;0;0;0.00
3201;SCP;186818;0;0;0;0.00
3201;SCP;184243;0;0;0;0.00
3201;SCP;184053;0;0;0;0.00
3201;SCP;184215;0;0;0;0.00
3201;SCP;179957;0;0;0;0.00
3201;SCP;179022;0;0;0;0.00
3201;SCP;179895;0;0;0;0.00
3201;SCP;184694;0;0;0;0.00
3201;SCP;184375;0;0;0;0.00
3201;SCP;127239;0;0;0;0.00
3201;SCP;127553;0;0;0;0.00
3201;SCP;125813;0;0;0;0.00
3201;SCP;127595;0;0;0;0.00
3201;SCP;127129;0;0;0;0.00
3201;SCP;127424;0;0;0;0.00
3201;SCP;127076;0;0;0;0.00
3201;SCP;127491;0;0;0;0.00
3201;SCP;127102;0;0;0;0.00
3201;SCP;127791;0;0;0;0.00
3201;SCP;127090;0;0;0;0.00
3201;SCP;126993;0;0;0;0.00
3201;SCP;126649;0;0;0;0.00
3201;SCP;126426;0;0;0;0.00
3201;SCP;127441;0;0;0;0.00
3201;SCP;126868;0;0;0;0.00
3201;SCP;129647;0;0;0;0.00
3201;SCP;135541;0;0;0;0.00
3201;SCP;133143;0;0;0;0.00
3201;SCP;131425;0;0;0;0.00
3201;KAB;96;0;0;0;0.00
3201;KAB;69;0;0;0;0.00
3201;KAB;70;0;0;0;0.00
3201;KAB;68;0;0;0;0.00
3201;KAB;67;0;0;0;0.00
3201;KAB;68;0;0;0;0.00
3201;KAB;68;0;0;0;0.00
3201;KAB;68;0;0;0;0.00
3201;KAB;67;0;0;0;0.00
3201;KAB;70;0;0;0;0.00
3201;KAB;69;0;0;0;0.00
3201;KAB;67;0;0;0;0.00
3201;KAB;67;0;0;0;0.00
3201;KAB;68;0;0;0;0.00
3201;KAB;69;0;0;0;0.00
3201;KAB;67;0;0;0;0.00
3201;KAB;67;0;0;0;0.00
3201;KAB;68;0;0;0;0.00
3201;KAB;66;0;0;0;0.00
3201;KAB;67;0;0;0;0.00
3201;KAB;219;0;0;0;0.00
3201;KAB;193;0;0;0;0.00
3201;KAB;192;0;0;0;0.00
3201;KAB;190;0;0;0;0.00
3201;KAB;190;0;0;0;0.00
3201;KAB;191;0;0;0;0.00
3201;KAB;189;0;0;0;0.00
3201;KAB;190;0;0;0;0.00
3201;KAB;191;0;0;0;0.00
3201;KAB;191;0;0;0;0.00
3201;KAB;189;0;0;0;0.00
3201;KAB;190;0;0;0;0.00
3201;KAB;191;0;0;0;0.00
3201;KAB;189;0;0;0;0.00
3201;KAB;191;0;0;0;0.00
3201;KAB;189;0;0;0;0.00
3201;KAB;190;0;0;0;0.00
3201;KAB;191;0;0;0;0.00
3201;KAB;191;0;0;0;0.00
3201;KAB;191;0;0;0;0.00
3201;BFDC;22;0;0;0;0.03
3201;BFDC;22;0;0;0;0.03
3201;BFDC;21;0;0;0;0.03
3201;BFDC;21;0;0;0;0.03
3201;BFDC;21;0;0;0;0.03
3201;BFDC;21;0;0;0;0.03
3201;BFDC;21;0;0;0;0.03
3201;BFDC;21;0;0;0;0.03
3201;BFDC;21;0;0;0;0.03
3201;BFDC;21;0;0;0;0.03
3201;BFDC;21;0;0;0;0.03
3201;BFDC;21;0;0;0;0.03
3201;BFDC;21;0;0;0;0.03
3201;BFDC;21;0;0;0;0.03
3201;BFDC;27;0;0;0;0.03
3201;BFDC;21;0;0;0;0.03
3201;BFDC;21;0;0;0;0.03
3201;BFDC;21;0;0;0;0.03
3201;BFDC;21;0;0;0;0.03
3201;BFDC;21;0;0;0;0.03
3201;BFDC;167;0;0;0;0.76
3201;BFDC;169;0;0;0;0.76
3201;BFDC;163;0;0;0;0.76
3201;BFDC;163;0;0;0;0.76
3201;BFDC;162;0;0;0;0.76
3201;BFDC;162;0;0;0;0.76
3201;BFDC;161;0;0;0;0.76
3201;BFDC;162;0;0;0;0.76
3201;BFDC;162;0;0;0;0.76
3201;BFDC;162;0;0;0;0.76
3201;BFDC;161;0;0;0;0.76
3201;BFDC;162;0;0;0;0.76
3201;BFDC;161;0;0;0;0.76
3201;BFDC;162;0;0;0;0.76
3201;BFDC;163;0;0;0;0.76
3201;BFDC;162;0;0;0;0.76
3201;BFDC;162;0;0;0;0.76
3201;BFDC;162;0;0;0;0.76
3201;BFDC;163;0;0;0;0.76
3201;BFDC;162;0;0;0;0.76
3201;CRA;76;0;0;0;0.02
3201;CRA;35;0;0;0;0.02
3201;CRA;34;0;0;0;0.02
3201;CRA;34;0;0;0;0.02
3201;CRA;34;0;0;0;0.02
3201;CRA;33;0;0;0;0.02
3201;CRA;34;0;0;0;0.02
3201;CRA;34;0;0;0;0.02
3201;CRA;34;0;0;0;0.02
3201;CRA;34;0;0;0;0.02
3201;CRA;34;0;0;0;0.02
3201;CRA;34;0;0;0;0.02
3201;CRA;34;0;0;0;0.02
3201;CRA;33;0;0;0;0.02
3201;CRA;34;0;0;0;0.02
3201;CRA;34;0;0;0;0.02
3201;CRA;33;0;0;0;0.02
3201;CRA;34;0;0;0;0.02
3201;CRA;34;0;0;0;0.02
3201;CRA;33;0;0;0;0.02
3201;CRA;130;0;0;0;0.53
3201;CRA;125;0;0;0;0.53
3201;CRA;123;0;0;0;0.53
3201;CRA;121;0;0;0;0.53
3201;CRA;123;0;0;0;0.53
3201;CRA;120;0;0;0;0.53
3201;CRA;122;0;0;0;0.53
3201;CRA;122;0;0;0;0.53
3201;CRA;122;0;0;0;0.53
3201;CRA;119;0;0;0;0.53
3201;CRA;121;0;0;0;0.53
3201;CRA;121;0;0;0;0.53
3201;CRA;121;0;0;0;0.53
3201;CRA;121;0;0;0;0.53
3201;CRA;121;0;0;0;0.53
3201;CRA;121;0;0;0;0.53
3201;CRA;121;0;0;0;0.53
3201;CRA;121;0;0;0;0.53
3201;CRA;120;0;0;0;0.53
3201;CRA;120;0;0;0;0.53
25601;RULT;28908;0;0;0;7.74
25601;RULT;28044;0;0;0;7.74
25601;RULT;30523;0;0;0;7.74
25601;RULT;28106;0;0;0;7.74
25601;RULT;28076;0;0;0;7.74
25601;RULT;28139;0;0;0;7.74
25601;RULT;28124;0;0;0;7.74
25601;RULT;28157;0;0;0;7.74
25601;RULT;28116;0;0;0;7.74
25601;RULT;28091;0;0;0;7.74
25601;RULT;28104;0;0;0;7.74
25601;RULT;28104;0;0;0;7.74
25601;RULT;28121;0;0;0;7.74
25601;RULT;28093;0;0;0;7.74
25601;RULT;28110;0;0;0;7.74
25601;RULT;28175;0;0;0;7.74
25601;RULT;28124;0;0;0;7.74
25601;RULT;28154;0;0;0;7.74
25601;RULT;28152;0;0;0;7.74
25601;RULT;28141;0;0;0;7.74
25601;RULT;246;0;0;0;0.08
25601;RULT;243;0;0;0;0.08
25601;RULT;240;0;0;0;0.08
25601;RULT;239;0;0;0;0.08
25601;RULT;241;0;0;0;0.08
25601;RULT;244;0;0;0;0.08
25601;RULT;235;0;0;0;0.08
25601;RULT;237;0;0;0;0.08
25601;RULT;236;0;0;0;0.08
25601;RULT;239;0;0;0;0.08
25601;RULT;236;0;0;0;0.08
25601;RULT;238;0;0;0;0.08
25601;RULT;238;0;0;0;0.08
25601;RULT;239;0;0;0;0.08
25601;RULT;238;0;0;0;0.08
25601;RULT;239;0;0;0;0.08
25601;RULT;243;0;0;0;0.08
25601;RULT;239;0;0;0;0.08
25601;RULT;236;0;0;0;0.08
25601;RULT;237;0;0;0;0.08
25601;ILP;399358;0;0;0;0.00
25601;ILP;402254;0;0;0;0.00
25601;ILP;395632;0;0;0;0.00
25601;ILP;403266;0;0;0;0.00
25601;ILP;397551;0;0;0;0.00
25601;ILP;397086;0;0;0;0.00
25601;ILP;404480;0;0;0;0.00
25601;ILP;397323;0;0;0;0.00
25601;ILP;398043;0;0;0;0.00
25601;ILP;404936;0;0;0;0.00
25601;ILP;397394;0;0;0;0.00
25601;ILP;399091;0;0;0;0.00
25601;ILP;396803;0;0;0;0.00
25601;ILP;403270;0;0;0;0.00
25601;ILP;397132;0;0;0;0.00
25601;ILP;402466;0;0;0;0.00
25601;ILP;404332;0;0;0;0.00
25601;ILP;401501;0;0;0;0.00
25601;ILP;395156;0;0;0;0.00
25601;ILP;397934;0;0;0;0.00
25601;ILP;380738;0;0;0;0.00
25601;ILP;379844;0;0;0;0.00
25601;ILP;386738;0;0;0;0.00
25601;ILP;375336;0;0;0;0.00
25601;ILP;381996;0;0;0;0.00
25601;ILP;382321;0;0;0;0.00
25601;ILP;376689;0;0;0;0.00
25601;ILP;376773;0;0;0;0.00
25601;ILP;383001;0;0;0;0.00
25601;ILP;382227;0;0;0;0.00
25601;ILP;377546;0;0;0;0.00
25601;ILP;377547;0;0;0;0.00
25601;ILP;377746;0;0;0;0.00
25601;ILP;377759;0;0;0;0.00
25601;ILP;382563;0;0;0;0.00
25601;ILP;377132;0;0;0;0.00
25601;ILP;379317;0;0;0;0.00
25601;ILP;377536;0;0;0;0.00
25601;ILP;377855;0;0;0;0.00
25601;ILP;383729;0;0;0;0.00
25601;KAB;2000222;0;0;1;0.00
25601;KAB;2006003;0;0;1;0.00
25601;KAB;2004154;0;0;1;0.00
25601;KAB;2010176;0;0;1;0.00
25601;KAB;2009800;0;0;1;0.00
25601;KAB;2005932;0;0;1;0.00
25601;KAB;2004236;0;0;1;0.00
25601;KAB;2004063;0;0;1;0.00
25601;KAB;2009740;0;0;1;0.00
25601;KAB;2000038;0;0;1;0.00
25601;KAB;2000064;0;0;1;0.00
25601;KAB;2009819;0;0;1;0.00
25601;KAB;2009801;0;0;1;0.00
25601;KAB;2010179;0;0;1;0.00
25601;KAB;2004404;0;0;1;0.00
25601;KAB;2009914;0;0;1;0.00
25601;KAB;2005842;0;0;1;0.00
25601;KAB;2003886;0;0;1;0.00
25601;KAB;2010173;0;0;1;0.00
25601;KAB;2009813;0;0;1;0.00
25601;KAB;992;0;0;0;0.00
25601;KAB;327;0;0;0;0.00
25601;KAB;331;0;0;0;0.00
25601;KAB;327;0;0;0;0.00
25601;KAB;330;0;0;0;0.00
25601;KAB;329;0;0;0;0.00
25601;KAB;328;0;0;0;0.00
25601;KAB;330;0;0;0;0.00
25601;KAB;326;0;0;0;0.00
25601;KAB;330;0;0;0;0.00
25601;KAB;326;0;0;0;0.00
25601;KAB;327;0;0;0;0.00
25601;KAB;331;0;0;0;0.00
25601;KAB;346;0;0;0;0.00
25601;KAB;329;0;0;0;0.00
25601;KAB;331;0;0;0;0.00
25601;KAB;331;0;0;0;0.00
25601;KAB;327;0;0;0;0.00
25601;KAB;330;0;0;0;0.00
25601;KAB;328;0;0;0;0.00
25601;BFDC;2468;0;0;0;1.40
25601;BFDC;2391;0;0;0;1.40
25601;BFDC;2382;0;0;0;1.40
25601;BFDC;2416;0;0;0;1.40
25601;BFDC;2418;0;0;0;1.40
25601;BFDC;2380;0;0;0;1.40
25601;BFDC;2427;0;0;0;1.40
25601;BFDC;2391;0;0;0;1.40
25601;BFDC;2382;0;0;0;1.40
25601;BFDC;2391;0;0;0;1.40
25601;BFDC;2406;0;0;0;1.40
25601;BFDC;2410;0;0;0;1.40
25601;BFDC;2388;0;0;0;1.40
25601;BFDC;2391;0;0;0;1.40
25601;BFDC;8820;0;0;0;1.40
25601;BFDC;2460;0;0;0;1.40
25601;BFDC;2388;0;0;0;1.40
25601;BFDC;2417;0;0;0;1.40
25601;BFDC;2387;0;0;0;1.40
25601;BFDC;2389;0;0;0;1.40
25601;BFDC;350;0;0;0;0.12
25601;BFDC;325;0;0;0;0.12
25601;BFDC;325;0;0;0;0.12
25601;BFDC;324;0;0;0;0.12
25601;BFDC;324;0;0;0;0.12
25601;BFDC;325;0;0;0;0.12
25601;BFDC;334;0;0;0;0.12
25601;BFDC;330;0;0;0;0.12
25601;BFDC;325;0;0;0;0.12
25601;BFDC;325;0;0;0;0.12
25601;BFDC;324;0;0;0;0.12
25601;BFDC;324;0;0;0;0.12
25601;BFDC;324;0;0;0;0.12
25601;BFDC;323;0;0;0;0.12
25601;BFDC;323;0;0;0;0.12
25601;BFDC;324;0;0;0;0.12
25601;BFDC;323;0;0;0;0.12
25601;BFDC;329;0;0;0;0.12
25601;BFDC;323;0;0;0;0.12
25601;BFDC;323;0;0;0;0.12
25601;CRA;997011;0;0;0;157.75
25601;CRA;1001852;0;0;0;157.75
25601;CRA;1001734;0;0;0;157.75
25601;CRA;1001671;0;0;0;157.75
25601;CRA;1001467;0;0;0;157.75
25601;CRA;1001388;0;0;0;157.75
25601;CRA;995914;0;0;0;157.75
25601;CRA;1006013;0;0;0;157.75
25601;CRA;993273;0;0;0;157.75
25601;CRA;1001672;0;0;0;157.75
25601;CRA;1001698;0;0;0;157.75
25601;CRA;1001488;0;0;0;157.75
25601;CRA;1001397;0;0;0;157.75
25601;CRA;1001386;0;0;0;157.75
25601;CRA;1001294;0;0;0;157.75
25601;CRA;995935;0;0;0;157.75
25601;CRA;1005695;0;0;0;157.75
25601;CRA;993215;0;0;0;157.75
25601;CRA;1001643;0;0;0;157.75
25601;CRA;1001709;0;0;0;157.75
25601;CRA;889;0;0;0;0.08
25601;CRA;444;0;0;0;0.08
25601;CRA;386;0;0;0;0.08
25601;CRA;385;0;0;0;0.08
25601;CRA;386;0;0;0;0.08
25601;CRA;384;0;0;0;0.08
25601;CRA;385;0;0;0;0.08
25601;CRA;391;0;0;0;0.08
25601;CRA;386;0;0;0;0.08
25601;CRA;385;0;0;0;0.08
25601;CRA;385;0;0;0;0.08
25601;CRA;385;0;0;0;0.08
25601;CRA;386;0;0;0;0.08
25601;CRA;390;0;0;0;0.08
25601;CRA;387;0;0;0;0.08
25601;CRA;387;0;0;0;0.08
25601;CRA;385;0;0;0;0.08
25601;CRA;385;0;0;0;0.08
25601;CRA;386;0;0;0;0.08
25601;CRA;386;0;0;0;0.08
401;ULT;19099;0;0;0;132.33
401;ULT;25230;0;0;0;132.33
401;ULT;19077;0;0;0;132.33
401;ULT;19115;0;0;0;132.33
401;ULT;19150;0;0;0;132.33
401;ULT;19165;0;0;0;132.33
401;ULT;19141;0;0;0;132.33
401;ULT;19153;0;0;0;132.33
401;ULT;19052;0;0;0;132.33
401;ULT;19076;0;0;0;132.33
401;ULT;19100;0;0;0;132.33
401;ULT;19112;0;0;0;132.33
401;ULT;19054;0;0;0;132.33
401;ULT;19092;0;0;0;132.33
401;ULT;19107;0;0;0;132.33
401;ULT;19048;0;0;0;132.33
401;ULT;19043;0;0;0;132.33
401;ULT;19082;0;0;0;132.33
401;ULT;19078;0;0;0;132.33
401;ULT;19046;0;0;0;132.33
401;ULT;52277;0;0;0;311.78
401;ULT;45570;0;0;0;311.78
401;ULT;45652;0;0;0;311.78
401;ULT;45667;0;0;0;311.78
401;ULT;45681;0;0;0;311.78
401;ULT;45759;0;0;0;311.78
401;ULT;45654;0;0;0;311.78
401;ULT;45552;0;0;0;311.78
401;ULT;45641;0;0;0;311.78
401;ULT;45600;0;0;0;311.78
401;ULT;46150;0;0;0;311.78
401;ULT;45657;0;0;0;311.78
401;ULT;45543;0;0;0;311.78
401;ULT;45919;0;0;0;311.78
401;ULT;45630;0;0;0;311.78
401;ULT;45587;0;0;0;311.78
401;ULT;45579;0;0;0;311.78
401;ULT;45538;0;0;0;311.78
401;ULT;45672;0;0;0;311.78
401;ULT;45589;0;0;0;311.78
401;RULT;7;0;0;0;0.35
401;RULT;7;0;0;0;0.35
401;RULT;7;0;0;0;0.35
401;RULT;7;0;0;0;0.35
401;RULT;7;0;0;0;0.35
401;RULT;7;0;0;0;0.35
401;RULT;7;0;0;0;0.35
401;RULT;7;0;0;0;0.35
401;RULT;7;0;0;0;0.35
401;RULT;7;0;0;0;0.35
401;RULT;7;0;0;0;0.35
401;RULT;7;0;0;0;0.35
401;RULT;7;0;0;0;0.35
401;RULT;7;0;0;0;0.35
401;RULT;7;0;0;0;0.35
401;RULT;7;0;0;0;0.35
401;RULT;7;0;0;0;0.35
401;RULT;7;0;0;0;0.35
401;RULT;7;0;0;0;0.35
401;RULT;7;0;0;0;0.35
401;RULT;16;0;0;0;0.84
401;RULT;15;0;0;0;0.84
401;RULT;15;0;0;0;0.84
401;RULT;15;0;0;0;0.84
401;RULT;15;0;0;0;0.84
401;RULT;15;0;0;0;0.84
401;RULT;15;0;0;0;0.84
401;RULT;15;0;0;0;0.84
401;RULT;15;0;0;0;0.84
401;RULT;15;0;0;0;0.84
401;RULT;14;0;0;0;0.84
401;RULT;14;0;0;0;0.84
401;RULT;14;0;0;0;0.84
401;RULT;14;0;0;0;0.84
401;RULT;15;0;0;0;0.84
401;RULT;15;0;0;0;0.84
401;RULT;15;0;0;0;0.84
401;RULT;14;0;0;0;0.84
401;RULT;15;0;0;0;0.84
401;RULT;15;0;0;0;0.84
401;ILP;8762;0;0;0;0.00
401;ILP;6408;0;0;0;0.00
401;ILP;6513;0;0;0;0.00
401;ILP;6352;0;0;0;0.00
401;ILP;6368;0;0;0;0.00
401;ILP;6368;0;0;0;0.00
401;ILP;6351;0;0;0;0.00
401;ILP;6366;0;0;0;0.00
401;ILP;6361;0;0;0;0.00
401;ILP;6343;0;0;0;0.00
401;ILP;6322;0;0;0;0.00
401;ILP;6324;0;0;0;0.00
401;ILP;6299;0;0;0;0.00
401;ILP;6317;0;0;0;0.00
401;ILP;6333;0;0;0;0.00
401;ILP;6397;0;0;0;0.00
401;ILP;6335;0;0;0;0.00
401;ILP;6304;0;0;0;0.00
401;ILP;6409;0;0;0;0.00
401;ILP;6349;0;0;0;0.00
401;ILP;6388;0;0;0;0.00
401;ILP;6014;0;0;0;0.00
401;ILP;6032;0;0;0;0.00
401;ILP;5967;0;0;0;0.00
401;ILP;5946;0;0;0;0.00
401;ILP;6026;0;0;0;0.00
401;ILP;5951;0;0;0;0.00
401;ILP;5980;0;0;0;0.00
401;ILP;5965;0;0;0;0.00
401;ILP;5976;0;0;0;0.00
401;ILP;5997;0;0;0;0.00
401;ILP;5899;0;0;0;0.00
401;ILP;5930;0;0;0;0.00
401;ILP;5981;0;0;0;0.00
401;ILP;5945;0;0;0;0.00
401;ILP;5949;0;0;0;0.00
401;ILP;5936;0;0;0;0.00
401;ILP;5911;0;0;0;0.00
401;ILP;5994;0;0;0;0.00
401;ILP;5945;0;0;0;0.00
401;CP;25026;0;0;0;0.00
401;CP;22287;0;0;0;0.00
401;CP;22312;0;0;0;0.00
401;CP;21933;0;0;0;0.00
401;CP;22260;0;0;0;0.00
401;CP;21893;0;0;0;0.00
401;CP;21805;0;0;0;0.00
401;CP;22877;0;0;0;0.00
401;CP;23034;0;0;0;0.00
401;CP;22854;0;0;0;0.00
401;CP;23023;0;0;0;0.00
401;CP;22471;0;0;0;0.00
401;CP;22891;0;0;0;0.00
401;CP;22264;0;0;0;0.00
401;CP;23073;0;0;0;0.00
401;CP;22614;0;0;0;0.00
401;CP;22712;0;0;0;0.00
401;CP;22729;0;0;0;0.00
401;CP;22814;0;0;0;0.00
401;CP;22616;0;0;0;0.00
401;CP;24935;0;0;0;0.00
401;CP;24007;0;0;0;0.00
401;CP;23199;0;0;0;0.00
401;CP;23116;0;0;0;0.00
401;CP;22381;0;0;0;0.00
401;CP;22796;0;0;0;0.00
401;CP;23467;0;0;0;0.00
401;CP;23203;0;0;0;0.00
401;CP;22934;0;0;0;0.00
401;CP;23428;0;0;0;0.00
401;CP;23227;0;0;0;0.00
401;CP;22725;0;0;0;0.00
401;CP;23333;0;0;0;0.00
401;CP;23502;0;0;0;0.00
401;CP;22679;0;0;0;0.00
401;CP;23201;0;0;0;0.00
401;CP;22800;0;0;0;0.00
401;CP;23205;0;0;0;0.00
401;CP;23184;0;0;0;0.00
401;CP;23082;0;0;0;0.00
401;SCP;36815;0;0;0;0.00
401;SCP;37220;0;0;0;0.00
401;SCP;36640;0;0;0;0.00
401;SCP;37129;0;0;0;0.00
401;SCP;37131;0;0;0;0.00
401;SCP;37503;0;0;0;0.00
401;SCP;37003;0;0;0;0.00
401;SCP;37089;0;0;0;0.00
401;SCP;37007;0;0;0;0.00
401;SCP;36993;0;0;0;0.00
401;SCP;37215;0;0;0;0.00
401;SCP;36991;0;0;0;0.00
401;SCP;37188;0;0;0;0.00
401;SCP;37110;0;0;0;0.00
401;SCP;37304;0;0;0;0.00
401;SCP;37246;0;0;0;0.00
401;SCP;37279;0;0;0;0.00
401;SCP;37902;0;0;0;0.00
401;SCP;37001;0;0;0;0.00
401;SCP;37341;0;0;0;0.00
401;SCP;38247;0;0;0;0.00
401;SCP;38653;0;0;0;0.00
401;SCP;38972;0;0;0;0.00
401;SCP;36723;0;0;0;0.00
401;SCP;39169;0;0;0;0.00
401;SCP;39218;0;0;0;0.00
401;SCP;35980;0;0;0;0.00
401;SCP;39080;0;0;0;0.00
401;SCP;39316;0;0;0;0.00
401;SCP;36202;0;0;0;0.00
401;SCP;38775;0;0;0;0.00
401;SCP;35219;0;0;0;0.00
401;SCP;37468;0;0;0;0.00
401;SCP;34107;0;0;0;0.00
401;SCP;37414;0;0;0;0.00
401;SCP;37278;0;0;0;0.00
401;SCP;37331;0;0;0;0.00
401;SCP;34409;0;0;0;0.00
401;SCP;34441;0;0;0;0.00
401;SCP;34879;0;0;0;0.00
401;KAB;176;0;0;0;0.00
401;KAB;8;0;0;0;0.00
401;KAB;7;0;0;0;0.00
401;KAB;6;0;0;0;0.00
401;KAB;6;0;0;0;0.00
401;KAB;6;0;0;0;0.00
401;KAB;6;0;0;0;0.00
401;KAB;6;0;0;0;0.00
401;KAB;6;0;0;0;0.00
401;KAB;6;0;0;0;0.00
401;KAB;6;0;0;0;0.00
401;KAB;6;0;0;0;0.00
401;KAB;6;0;0;0;0.00
401;KAB;6;0;0;0;0.00
401;KAB;6;0;0;0;0.00
401;KAB;6;0;0;0;0.00
401;KAB;5;0;0;0;0.00
401;KAB;5;0;0;0;0.00
401;KAB;5;0;0;0;0.00
401;KAB;5;0;0;0;0.00
401;KAB;180;0;0;0;0.00
401;KAB;14;0;0;0;0.00
401;KAB;13;0;0;0;0.00
401;KAB;12;0;0;0;0.00
401;KAB;11;0;0;0;0.00
401;KAB;11;0;0;0;0.00
401;KAB;11;0;0;0;0.00
401;KAB;10;0;0;0;0.00
401;KAB;10;0;0;0;0.00
401;KAB;10;0;0;0;0.00
401;KAB;10;0;0;0;0.00
401;KAB;10;0;0;0;0.00
401;KAB;10;0;0;0;0.00
401;KAB;10;0;0;0;0.00
401;KAB;9;0;0;0;0.00
401;KAB;9;0;0;0;0.00
401;KAB;9;0;0;0;0.00
401;KAB;9;0;0;0;0.00
401;KAB;9;0;0;0;0.00
401;KAB;9;0;0;0;0.00
401;BFDC;15;0;0;0;0.48
401;BFDC;13;0;0;0;0.48
401;BFDC;12;0;0;0;0.48
401;BFDC;12;0;0;0;0.48
401;BFDC;12;0;0;0;0.48
401;BFDC;11;0;0;0;0.48
401;BFDC;11;0;0;0;0.48
401;BFDC;11;0;0;0;0.48
401;BFDC;11;0;0;0;0.48
401;BFDC;11;0;0;0;0.48
401;BFDC;11;0;0;0;0.48
401;BFDC;11;0;0;0;0.48
401;BFDC;11;0;0;0;0.48
401;BFDC;11;0;0;0;0.48
401;BFDC;11;0;0;0;0.48
401;BFDC;11;0;0;0;0.48
401;BFDC;11;0;0;0;0.48
401;BFDC;11;0;0;0;0.48
401;BFDC;11;0;0;0;0.48
401;BFDC;11;0;0;0;0.48
401;BFDC;32;0;0;0;1.21
401;BFDC;30;0;0;0;1.21
401;BFDC;29;0;0;0;1.21
401;BFDC;28;0;0;0;1.21
401;BFDC;28;0;0;0;1.21
401;BFDC;28;0;0;0;1.21
401;BFDC;27;0;0;0;1.21
401;BFDC;27;0;0;0;1.21
401;BFDC;27;0;0;0;1.21
401;BFDC;27;0;0;0;1.21
401;BFDC;27;0;0;0;1.21
401;BFDC;27;0;0;0;1.21
401;BFDC;27;0;0;0;1.21
401;BFDC;27;0;0;0;1.21
401;BFDC;27;0;0;0;1.21
401;BFDC;27;0;0;0;1.21
401;BFDC;27;0;0;0;1.21
401;BFDC;27;0;0;0;1.21
401;BFDC;27;0;0;0;1.21
401;BFDC;27;0;0;0;1.21
401;CRA;11;0;0;0;0.32
401;CRA;7;0;0;0;0.32
401;CRA;6;0;0;0;0.32
401;CRA;6;0;0;0;0.32
401;CRA;6;0;0;0;0.32
401;CRA;6;0;0;0;0.32
401;CRA;6;0;0;0;0.32
401;CRA;6;0;0;0;0.32
401;CRA;6;0;0;0;0.32
401;CRA;6;0;0;0;0.32
401;CRA;6;0;0;0;0.32
401;CRA;6;0;0;0;0.32
401;CRA;6;0;0;0;0.32
401;CRA;5;0;0;0;0.32
401;CRA;5;0;0;0;0.32
401;CRA;6;0;0;0;0.32
401;CRA;5;0;0;0;0.32
401;CRA;6;0;0;0;0.32
401;CRA;5;0;0;0;0.32
401;CRA;5;0;0;0;0.32
401;CRA;20;0;0;0;0.75
401;CRA;14;0;0;0;0.75
401;CRA;12;0;0;0;0.75
401;CRA;11;0;0;0;0.75
401;CRA;10;0;0;0;0.75
401;CRA;11;0;0;0;0.75
401;CRA;10;0;0;0;0.75
401;CRA;10;0;0;0;0.75
401;CRA;10;0;0;0;0.75
401;CRA;10;0;0;0;0.75
401;CRA;10;0;0;0;0.75
401;CRA;10;0;0;0;0.75
401;CRA;10;0;0;0;0.75
401;CRA;10;0;0;0;0.75
401;CRA;10;0;0;0;0.75
401;CRA;10;0;0;0;0.75
401;CRA;10;0;0;0;0.75
401;CRA;10;0;0;0;0.75
401;CRA;10;0;0;0;0.75
401;CRA;10;0;0;0;0.75
193;ULT;126;0;0;0;3.03
193;ULT;126;0;0;0;3.03
193;ULT;126;0;0;0;3.03
193;ULT;126;0;0;0;3.03
193;ULT;126;0;0;0;3.03
193;ULT;126;0;0;0;3.03
193;ULT;126;0;0;0;3.03
193;ULT;128;0;0;0;3.03
193;ULT;126;0;0;0;3.03
193;ULT;126;0;0;0;3.03
193;ULT;126;0;0;0;3.03
193;ULT;126;0;0;0;3.03
193;ULT;126;0;0;0;3.03
193;ULT;126;0;0;0;3.03
193;ULT;126;0;0;0;3.03
193;ULT;126;0;0;0;3.03
193;ULT;130;0;0;0;3.03
193;ULT;126;0;0;0;3.03
193;ULT;126;0;0;0;3.03
193;ULT;126;0;0;0;3.03
193;ULT;2765;0;0;0;72.42
193;ULT;2822;0;0;0;72.42
193;ULT;2921;0;0;0;72.42
193;ULT;2925;0;0;0;72.42
193;ULT;2918;0;0;0;72.42
193;ULT;2935;0;0;0;72.42
193;ULT;2926;0;0;0;72.42
193;ULT;2934;0;0;0;72.42
193;ULT;2928;0;0;0;72.42
193;ULT;2921;0;0;0;72.42
193;ULT;2921;0;0;0;72.42
193;ULT;2923;0;0;0;72.42
193;ULT;2919;0;0;0;72.42
193;ULT;2930;0;0;0;72.42
193;ULT;2915;0;0;0;72.42
193;ULT;2922;0;0;0;72.42
193;ULT;2927;0;0;0;72.42
193;ULT;2928;0;0;0;72.42
193;ULT;2934;0;0;0;72.42
193;ULT;2924;0;0;0;72.42
193;RULT;1;0;0;0;0.03
193;RULT;1;0;0;0;0.03
193;RULT;1;0;0;0;0.03
193;RULT;1;0;0;0;0.03
193;RULT;1;0;0;0;0.03
193;RULT;1;0;0;0;0.03
193;RULT;1;0;0;0;0.03
193;RULT;1;0;0;0;0.03
193;RULT;1;0;0;0;0.03
193;RULT;1;0;0;0;0.03
193;RULT;1;0;0;0;0.03
193;RULT;1;0;0;0;0.03
193;RULT;1;0;0;0;0.03
193;RULT;1;0;0;0;0.03
193;RULT;1;0;0;0;0.03
193;RULT;1;0;0;0;0.03
193;RULT;1;0;0;0;0.03
193;RULT;1;0;0;0;0.03
193;RULT;1;0;0;0;0.03
193;RULT;1;0;0;0;0.03
193;RULT;5;0;0;0;0.48
193;RULT;5;0;0;0;0.48
193;RULT;4;0;0;0;0.48
193;RULT;4;0;0;0;0.48
193;RULT;4;0;0;0;0.48
193;RULT;4;0;0;0;0.48
193;RULT;4;0;0;0;0.48
193;RULT;4;0;0;0;0.48
193;RULT;4;0;0;0;0.48
193;RULT;4;0;0;0;0.48
193;RULT;4;0;0;0;0.48
193;RULT;4;0;0;0;0.48
193;RULT;4;0;0;0;0.48
193;RULT;4;0;0;0;0.48
193;RULT;4;0;0;0;0.48
193;RULT;4;0;0;0;0.48
193;RULT;4;0;0;0;0.48
193;RULT;4;0;0;0;0.48
193;RULT;4;0;0;0;0.48
193;RULT;4;0;0;0;0.48
193;ILP;3471;0;0;0;0.00
193;ILP;3319;0;0;0;0.00
193;ILP;3241;0;0;0;0.00
193;ILP;3231;0;0;0;0.00
193;ILP;3231;0;0;0;0.00
193;ILP;3228;0;0;0;0.00
193;ILP;3234;0;0;0;0.00
193;ILP;3239;0;0;0;0.00
193;ILP;3255;0;0;0;0.00
193;ILP;3167;0;0;0;0.00
193;ILP;3178;0;0;0;0.00
193;ILP;3187;0;0;0;0.00
193;ILP;3171;0;0;0;0.00
193;ILP;3171;0;0;0;0.00
193;ILP;3184;0;0;0;0.00
193;ILP;3171;0;0;0;0.00
193;ILP;3176;0;0;0;0.00
193;ILP;3178;0;0;0;0.00
193;ILP;3176;0;0;0;0.00
193;ILP;3171;0;0;0;0.00
193;ILP;3561;0;0;0;0.00
193;ILP;3317;0;0;0;0.00
193;ILP;3273;0;0;0;0.00
193;ILP;3252;0;0;0;0.00
193;ILP;3234;0;0;0;0.00
193;ILP;3323;0;0;0;0.00
193;ILP;3256;0;0;0;0.00
193;ILP;3262;0;0;0;0.00
193;ILP;3260;0;0;0;0.00
193;ILP;3192;0;0;0;0.00
193;ILP;3253;0;0;0;0.00
193;ILP;3238;0;0;0;0.00
193;ILP;3233;0;0;0;0.00
193;ILP;3228;0;0;0;0.00
193;ILP;3237;0;0;0;0.00
193;ILP;3241;0;0;0;0.00
193;ILP;3235;0;0;0;0.00
193;ILP;3252;0;0;0;0.00
193;ILP;3228;0;0;0;0.00
193;ILP;3233;0;0;0;0.00
193;CP;12327;0;0;0;0.00
193;CP;10683;0;0;0;0.00
193;CP;10732;0;0;0;0.00
193;CP;10648;0;0;0;0.00
193;CP;10705;0;0;0;0.00
193;CP;10739;0;0;0;0.00
193;CP;10746;0;0;0;0.00
193;CP;10606;0;0;0;0.00
193;CP;10626;0;0;0;0.00
193;CP;10560;0;0;0;0.00
193;CP;10779;0;0;0;0.00
193;CP;10601;0;0;0;0.00
193;CP;10656;0;0;0;0.00
193;CP;10574;0;0;0;0.00
193;CP;10472;0;0;0;0.00
193;CP;10459;0;0;0;0.00
193;CP;10699;0;0;0;0.00
193;CP;10459;0;0;0;0.00
193;CP;10492;0;0;0;0.00
193;CP;10743;0;0;0;0.00
193;CP;20736;0;0;0;0.00
193;CP;18304;0;0;0;0.00
193;CP;18479;0;0;0;0.00
193;CP;18496;0;0;0;0.00
193;CP;18171;0;0;0;0.00
193;CP;18429;0;0;0;0.00
193;CP;17952;0;0;0;0.00
193;CP;17984;0;0;0;0.00
193;CP;17980;0;0;0;0.00
193;CP;18007;0;0;0;0.00
193;CP;18444;0;0;0;0.00
193;CP;18306;0;0;0;0.00
193;CP;18283;0;0;0;0.00
193;CP;18331;0;0;0;0.00
193;CP;18093;0;0;0;0.00
193;CP;18714;0;0;0;0.00
193;CP;18733;0;0;0;0.00
193;CP;18533;0;0;0;0.00
193;CP;18270;0;0;0;0.00
193;CP;18502;0;0;0;0.00
193;SCP;18850;0;0;0;0.00
193;SCP;18101;0;0;0;0.00
193;SCP;17998;0;0;0;0.00
193;SCP;18076;0;0;0;0.00
193;SCP;17981;0;0;0;0.00
193;SCP;18176;0;0;0;0.00
193;SCP;19181;0;0;0;0.00
193;SCP;18082;0;0;0;0.00
193;SCP;18353;0;0;0;0.00
193;SCP;18092;0;0;0;0.00
193;SCP;18097;0;0;0;0.00
193;SCP;18168;0;0;0;0.00
193;SCP;18249;0;0;0;0.00
193;SCP;19119;0;0;0;0.00
193;SCP;18788;0;0;0;0.00
193;SCP;18016;0;0;0;0.00
193;SCP;18553;0;0;0;0.00
193;SCP;18309;0;0;0;0.00
193;SCP;18076;0;0;0;0.00
193;SCP;18080;0;0;0;0.00
193;SCP;20567;0;0;0;0.00
193;SCP;20291;0;0;0;0.00
193;SCP;20278;0;0;0;0.00
193;SCP;20298;0;0;0;0.00
193;SCP;20029;0;0;0;0.00
193;SCP;19999;0;0;0;0.00
193;SCP;20416;0;0;0;0.00
193;SCP;20311;0;0;0;0.00
193;SCP;19679;0;0;0;0.00
193;SCP;19162;0;0;0;0.00
193;SCP;19158;0;0;0;0.00
193;SCP;20198;0;0;0;0.00
193;SCP;20591;0;0;0;0.00
193;SCP;20166;0;0;0;0.00
193;SCP;19973;0;0;0;0.00
193;SCP;19975;0;0;0;0.00
193;SCP;19444;0;0;0;0.00
193;SCP;18634;0;0;0;0.00
193;SCP;19898;0;0;0;0.00
193;SCP;18771;0;0;0;0.00
193;KAB;74;0;0;0;0.00
193;KAB;8;0;0;0;0.00
193;KAB;7;0;0;0;0.00
193;KAB;6;0;0;0;0.00
193;KAB;5;0;0;0;0.00
193;KAB;5;0;0;0;0.00
193;KAB;5;0;0;0;0.00
193;KAB;5;0;0;0;0.00
193;KAB;5;0;0;0;0.00
193;KAB;5;0;0;0;0.00
193;KAB;5;0;0;0;0.00
193;KAB;5;0;0;0;0.00
193;KAB;5;0;0;0;0.00
193;KAB;5;0;0;0;0.00
193;KAB;5;0;0;0;0.00
193;KAB;5;0;0;0;0.00
193;KAB;5;0;0;0;0.00
193;KAB;5;0;0;0;0.00
193;KAB;5;0;0;0;0.00
193;KAB;5;0;0;0;0.00
193;KAB;73;0;0;0;0.00
193;KAB;9;0;0;0;0.00
193;KAB;7;0;0;0;0.00
193;KAB;7;0;0;0;0.00
193;KAB;6;0;0;0;0.00
193;KAB;6;0;0;0;0.00
193;KAB;6;0;0;0;0.00
193;KAB;6;0;0;0;0.00
193;KAB;5;0;0;0;0.00
193;KAB;5;0;0;0;0.00
193;KAB;6;0;0;0;0.00
193;KAB;5;0;0;0;0.00
193;KAB;6;0;0;0;0.00
193;KAB;5;0;0;0;0.00
193;KAB;5;0;0;0;0.00
193;KAB;5;0;0;0;0.00
193;KAB;5;0;0;0;0.00
193;KAB;5;0;0;0;0.00
193;KAB;5;0;0;0;0.00
193;KAB;5;0;0;0;0.00
193;BFDC;2;0;0;0;0.03
193;BFDC;1;0;0;0;0.03
193;BFDC;1;0;0;0;0.03
193;BFDC;1;0;0;0;0.03
193;BFDC;1;0;0;0;0.03
193;BFDC;1;0;0;0;0.03
193;BFDC;1;0;0;0;0.03
193;BFDC;1;0;0;0;0.03
193;BFDC;1;0;0;0;0.03
193;BFDC;1;0;0;0;0.03
193;BFDC;1;0;0;0;0.03
193;BFDC;1;0;0;0;0.03
193;BFDC;1;0;0;0;0.03
193;BFDC;1;0;0;0;0.03
193;BFDC;1;0;0;0;0.03
193;BFDC;1;0;0;0;0.03
193;BFDC;1;0;0;0;0.03
193;BFDC;1;0;0;0;0.03
193;BFDC;1;0;0;0;0.03
193;BFDC;1;0;0;0;0.03
193;BFDC;10;0;0;0;0.73
193;BFDC;8;0;0;0;0.73
193;BFDC;8;0;0;0;0.73
193;BFDC;7;0;0;0;0.73
193;BFDC;7;0;0;0;0.73
193;BFDC;7;0;0;0;0.73
193;BFDC;7;0;0;0;0.73
193;BFDC;7;0;0;0;0.73
193;BFDC;7;0;0;0;0.73
193;BFDC;7;0;0;0;0.73
193;BFDC;7;0;0;0;0.73
193;BFDC;6;0;0;0;0.73
193;BFDC;6;0;0;0;0.73
193;BFDC;6;0;0;0;0.73
193;BFDC;6;0;0;0;0.73
193;BFDC;6;0;0;0;0.73
193;BFDC;6;0;0;0;0.73
193;BFDC;6;0;0;0;0.73
193;BFDC;6;0;0;0;0.73
193;BFDC;6;0;0;0;0.73
193;CRA;3;0;0;0;0.02
193;CRA;1;0;0;0;0.02
193;CRA;1;0;0;0;0.02
193;CRA;1;0;0;0;0.02
193;CRA;1;0;0;0;0.02
193;CRA;1;0;0;0;0.02
193;CRA;1;0;0;0;0.02
193;CRA;1;0;0;0;0.02
193;CRA;1;0;0;0;0.02
193;CRA;1;0;0;0;0.02
193;CRA;1;0;0;0;0.02
193;CRA;1;0;0;0;0.02
193;CRA;1;0;0;0;0.02
193;CRA;1;0;0;0;0.02
193;CRA;1;0;0;0;0.02
193;CRA;1;0;0;0;0.02
193;CRA;1;0;0;0;0.02
193;CRA;1;0;0;0;0.02
193;CRA;1;0;0;0;0.02
193;CRA;1;0;0;0;0.02
193;CRA;7;0;0;0;0.40
193;CRA;4;0;0;0;0.40
193;CRA;3;0;0;0;0.40
193;CRA;3;0;0;0;0.40
193;CRA;3;0;0;0;0.40
193;CRA;3;0;0;0;0.40
193;CRA;3;0;0;0;0.40
193;CRA;3;0;0;0;0.40
193;CRA;3;0;0;0;0.40
193;CRA;3;0;0;0;0.40
193;CRA;3;0;0;0;0.40
193;CRA;3;0;0;0;0.40
193;CRA;3;0;0;0;0.40
193;CRA;3;0;0;0;0.40
193;CRA;3;0;0;0;0.40
193;CRA;3;0;0;0;0.40
193;CRA;3;0;0;0;0.40
193;CRA;3;0;0;0;0.40
193;CRA;3;0;0;0;0.40
193;CRA;3;0;0;0;0.40
6401;RULT;93;0;0;0;0.16
6401;RULT;86;0;0;0;0.16
6401;RULT;83;0;0;0;0.16
6401;RULT;83;0;0;0;0.16
6401;RULT;84;0;0;0;0.16
6401;RULT;86;0;0;0;0.16
6401;RULT;83;0;0;0;0.16
6401;RULT;81;0;0;0;0.16
6401;RULT;80;0;0;0;0.16
6401;RULT;81;0;0;0;0.16
6401;RULT;85;0;0;0;0.16
6401;RULT;83;0;0;0;0.16
6401;RULT;84;0;0;0;0.16
6401;RULT;83;0;0;0;0.16
6401;RULT;82;0;0;0;0.16
6401;RULT;80;0;0;0;0.16
6401;RULT;81;0;0;0;0.16
6401;RULT;82;0;0;0;0.16
6401;RULT;83;0;0;0;0.16
6401;RULT;82;0;0;0;0.16
6401;RULT;71;0;0;0;0.13
6401;RULT;71;0;0;0;0.13
6401;RULT;69;0;0;0;0.13
6401;RULT;69;0;0;0;0.13
6401;RULT;69;0;0;0;0.13
6401;RULT;69;0;0;0;0.13
6401;RULT;69;0;0;0;0.13
6401;RULT;69;0;0;0;0.13
6401;RULT;69;0;0;0;0.13
6401;RULT;69;0;0;0;0.13
6401;RULT;68;0;0;0;0.13
6401;RULT;69;0;0;0;0.13
6401;RULT;69;0;0;0;0.13
6401;RULT;69;0;0;0;0.13
6401;RULT;69;0;0;0;0.13
6401;RULT;69;0;0;0;0.13
6401;RULT;69;0;0;0;0.13
6401;RULT;69;0;0;0;0.13
6401;RULT;69;0;0;0;0.13
6401;RULT;69;0;0;0;0.13
6401;ILP;90892;0;0;0;0.00
6401;ILP;91346;0;0;0;0.00
6401;ILP;92770;0;0;0;0.00
6401;ILP;91636;0;0;0;0.00
6401;ILP;91571;0;0;0;0.00
6401;ILP;91202;0;0;0;0.00
6401;ILP;91163;0;0;0;0.00
6401;ILP;92078;0;0;0;0.00
6401;ILP;90748;0;0;0;0.00
6401;ILP;92245;0;0;0;0.00
6401;ILP;90827;0;0;0;0.00
6401;ILP;91611;0;0;0;0.00
6401;ILP;91525;0;0;0;0.00
6401;ILP;91626;0;0;0;0.00
6401;ILP;92064;0;0;0;0.00
6401;ILP;91810;0;0;0;0.00
6401;ILP;92195;0;0;0;0.00
6401;ILP;91893;0;0;0;0.00
6401;ILP;91193;0;0;0;0.00
6401;ILP;91199;0;0;0;0.00
6401;ILP;98111;0;0;0;0.00
6401;ILP;93046;0;0;0;0.00
6401;ILP;95376;0;0;0;0.00
6401;ILP;91242;0;0;0;0.00
6401;ILP;91908;0;0;0;0.00
6401;ILP;93309;0;0;0;0.00
6401;ILP;94864;0;0;0;0.00
6401;ILP;97521;0;0;0;0.00
6401;ILP;92744;0;0;0;0.00
6401;ILP;98931;0;0;0;0.00
6401;ILP;94671;0;0;0;0.00
6401;ILP;96317;0;0;0;0.00
6401;ILP;91654;0;0;0;0.00
6401;ILP;97428;0;0;0;0.00
6401;ILP;94064;0;0;0;0.00
6401;ILP;96487;0;0;0;0.00
6401;ILP;92180;0;0;0;0.00
6401;ILP;97281;0;0;0;0.00
6401;ILP;92728;0;0;0;0.00
6401;ILP;96424;0;0;0;0.00
6401;CP;524841;0;0;0;0.00
6401;CP;524413;0;0;0;0.00
6401;CP;522630;0;0;0;0.00
6401;CP;521449;0;0;0;0.00
6401;CP;521587;0;0;0;0.00
6401;CP;525549;0;0;0;0.00
6401;CP;521869;0;0;0;0.00
6401;CP;520171;0;0;0;0.00
6401;CP;520379;0;0;0;0.00
6401;CP;518729;0;0;0;0.00
6401;CP;518053;0;0;0;0.00
6401;CP;517955;0;0;0;0.00
6401;CP;517035;0;0;0;0.00
6401;CP;516799;0;0;0;0.00
6401;CP;515939;0;0;0;0.00
6401;CP;512156;0;0;0;0.00
6401;CP;562233;0;0;0;0.00
6401;CP;556967;0;0;0;0.00
6401;CP;556302;0;0;0;0.00
6401;CP;571993;0;0;0;0.00
6401;CP;532820;0;0;0;0.00
6401;CP;539764;0;0;0;0.00
6401;CP;532719;0;0;0;0.00
6401;CP;541801;0;0;0;0.00
6401;CP;531170;0;0;0;0.00
6401;CP;530204;0;0;0;0.00
6401;CP;529701;0;0;0;0.00
6401;CP;529258;0;0;0;0.00
6401;CP;535659;0;0;0;0.00
6401;CP;529787;0;0;0;0.00
6401;CP;536969;0;0;0;0.00
6401;CP;612140;0;0;0;0.00
6401;CP;519099;0;0;0;0.00
6401;CP;519845;0;0;0;0.00
6401;CP;518567;0;0;0;0.00
6401;CP;550335;0;0;0;0.00
6401;CP;563108;0;0;0;0.00
6401;CP;569512;0;0;0;0.00
6401;CP;573200;0;0;0;0.00
6401;CP;576243;0;0;0;0.00
6401;SCP;482355;0;0;0;0.00
6401;SCP;455960;0;0;0;0.00
6401;SCP;467891;0;0;0;0.00
6401;SCP;460188;0;0;0;0.00
6401;SCP;465339;0;0;0;0.00
6401;SCP;463636;0;0;0;0.00
6401;SCP;460475;0;0;0;0.00
6401;SCP;465192;0;0;0;0.00
6401;SCP;458104;0;0;0;0.00
6401;SCP;460980;0;0;0;0.00
6401;SCP;463517;0;0;0;0.00
6401;SCP;466549;0;0;0;0.00
6401;SCP;461613;0;0;0;0.00
6401;SCP;467039;0;0;0;0.00
6401;SCP;467873;0;0;0;0.00
6401;SCP;469700;0;0;0;0.00
6401;SCP;475935;0;0;0;0.00
6401;SCP;459009;0;0;0;0.00
6401;SCP;453778;0;0;0;0.00
6401;SCP;453411;0;0;0;0.00
6401;SCP;500208;0;0;0;0.00
6401;SCP;491678;0;0;0;0.00
6401;SCP;506505;0;0;0;0.00
6401;SCP;496058;0;0;0;0.00
6401;SCP;491360;0;0;0;0.00
6401;SCP;495897;0;0;0;0.00
6401;SCP;496176;0;0;0;0.00
6401;SCP;496181;0;0;0;0.00
6401;SCP;501267;0;0;0;0.00
6401;SCP;496204;0;0;0;0.00
6401;SCP;494225;0;0;0;0.00
6401;SCP;498061;0;0;0;0.00
6401;SCP;492873;0;0;0;0.00
6401;SCP;493577;0;0;0;0.00
6401;SCP;494544;0;0;0;0.00
6401;SCP;493124;0;0;0;0.00
6401;SCP;496525;0;0;0;0.00
6401;SCP;493656;0;0;0;0.00
6401;SCP;495592;0;0;0;0.00
6401;SCP;490034;0;0;0;0.00
6401;KAB;165;0;0;0;0.00
6401;KAB;112;0;0;0;0.00
6401;KAB;109;0;0;0;0.00
6401;KAB;108;0;0;0;0.00
6401;KAB;110;0;0;0;0.00
6401;KAB;109;0;0;0;0.00
6401;KAB;110;0;0;0;0.00
6401;KAB;107;0;0;0;0.00
6401;KAB;107;0;0;0;0.00
6401;KAB;110;0;0;0;0.00
6401;KAB;109;0;0;0;0.00
6401;KAB;108;0;0;0;0.00
6401;KAB;107;0;0;0;0.00
6401;KAB;109;0;0;0;0.00
6401;KAB;110;0;0;0;0.00
6401;KAB;111;0;0;0;0.00
6401;KAB;107;0;0;0;0.00
6401;KAB;111;0;0;0;0.00
6401;KAB;111;0;0;0;0.00
6401;KAB;110;0;0;0;0.00
6401;KAB;408;0;0;0;0.00
6401;KAB;353;0;0;0;0.00
6401;KAB;353;0;0;0;0.00
6401;KAB;351;0;0;0;0.00
6401;KAB;354;0;0;0;0.00
6401;KAB;353;0;0;0;0.00
6401;KAB;351;0;0;0;0.00
6401;KAB;354;0;0;0;0.00
6401;KAB;361;0;0;0;0.00
6401;KAB;352;0;0;0;0.00
6401;KAB;351;0;0;0;0.00
6401;KAB;350;0;0;0;0.00
6401;KAB;348;0;0;0;0.00
6401;KAB;350;0;0;0;0.00
6401;KAB;351;0;0;0;0.00
6401;KAB;352;0;0;0;0.00
6401;KAB;351;0;0;0;0.00
6401;KAB;351;0;0;0;0.00
6401;KAB;353;0;0;0;0.00
6401;KAB;353;0;0;0;0.00
6401;BFDC;132;0;0;0;0.24
6401;BFDC;130;0;0;0;0.24
6401;BFDC;129;0;0;0;0.24
6401;BFDC;129;0;0;0;0.24
6401;BFDC;128;0;0;0;0.24
6401;BFDC;129;0;0;0;0.24
6401;BFDC;129;0;0;0;0.24
6401;BFDC;128;0;0;0;0.24
6401;BFDC;129;0;0;0;0.24
6401;BFDC;129;0;0;0;0.24
6401;BFDC;129;0;0;0;0.24
6401;BFDC;129;0;0;0;0.24
6401;BFDC;129;0;0;0;0.24
6401;BFDC;128;0;0;0;0.24
6401;BFDC;129;0;0;0;0.24
6401;BFDC;129;0;0;0;0.24
6401;BFDC;128;0;0;0;0.24
6401;BFDC;129;0;0;0;0.24
6401;BFDC;129;0;0;0;0.24
6401;BFDC;129;0;0;0;0.24
6401;BFDC;113;0;0;0;0.20
6401;BFDC;111;0;0;0;0.20
6401;BFDC;111;0;0;0;0.20
6401;BFDC;111;0;0;0;0.20
6401;BFDC;110;0;0;0;0.20
6401;BFDC;110;0;0;0;0.20
6401;BFDC;110;0;0;0;0.20
6401;BFDC;110;0;0;0;0.20
6401;BFDC;110;0;0;0;0.20
6401;BFDC;111;0;0;0;0.20
6401;BFDC;110;0;0;0;0.20
6401;BFDC;110;0;0;0;0.20
6401;BFDC;111;0;0;0;0.20
6401;BFDC;110;0;0;0;0.20
6401;BFDC;115;0;0;0;0.20
6401;BFDC;110;0;0;0;0.20
6401;BFDC;111;0;0;0;0.20
6401;BFDC;111;0;0;0;0.20
6401;BFDC;111;0;0;0;0.20
6401;BFDC;110;0;0;0;0.20
6401;CRA;167;0;0;0;0.16
6401;CRA;127;0;0;0;0.16
6401;CRA;125;0;0;0;0.16
6401;CRA;123;0;0;0;0.16
6401;CRA;122;0;0;0;0.16
6401;CRA;123;0;0;0;0.16
6401;CRA;121;0;0;0;0.16
6401;CRA;121;0;0;0;0.16
6401;CRA;121;0;0;0;0.16
6401;CRA;120;0;0;0;0.16
6401;CRA;120;0;0;0;0.16
6401;CRA;120;0;0;0;0.16
6401;CRA;119;0;0;0;0.16
6401;CRA;119;0;0;0;0.16
6401;CRA;127;0;0;0;0.16
6401;CRA;120;0;0;0;0.16
6401;CRA;119;0;0;0;0.16
6401;CRA;120;0;0;0;0.16
6401;CRA;121;0;0;0;0.16
6401;CRA;120;0;0;0;0.16
6401;CRA;245;0;0;0;0.13
6401;CRA;115;0;0;0;0.13
6401;CRA;113;0;0;0;0.13
6401;CRA;112;0;0;0;0.13
6401;CRA;111;0;0;0;0.13
6401;CRA;110;0;0;0;0.13
6401;CRA;110;0;0;0;0.13
6401;CRA;109;0;0;0;0.13
6401;CRA;110;0;0;0;0.13
6401;CRA;110;0;0;0;0.13
6401;CRA;108;0;0;0;0.13
6401;CRA;110;0;0;0;0.13
6401;CRA;110;0;0;0;0.13
6401;CRA;109;0;0;0;0.13
6401;CRA;109;0;0;0;0.13
6401;CRA;108;0;0;0;0.13
6401;CRA;107;0;0;0;0.13
6401;CRA;108;0;0;0;0.13
6401;CRA;109;0;0;0;0.13
6401;CRA;108;0;0;0;0.13
97;ULT;1578;0;0;0;103.12
97;ULT;1341;0;0;0;103.12
97;ULT;1213;0;0;0;103.12
97;ULT;1252;0;0;0;103.12
97;ULT;1205;0;0;0;103.12
97;ULT;1205;0;0;0;103.12
97;ULT;1207;0;0;0;103.12
97;ULT;1205;0;0;0;103.12
97;ULT;1210;0;0;0;103.12
97;ULT;1212;0;0;0;103.12
97;ULT;1209;0;0;0;103.12
97;ULT;1205;0;0;0;103.12
97;ULT;1205;0;0;0;103.12
97;ULT;1222;0;0;0;103.12
97;ULT;1205;0;0;0;103.12
97;ULT;1212;0;0;0;103.12
97;ULT;1204;0;0;0;103.12
97;ULT;1212;0;0;0;103.12
97;ULT;1204;0;0;0;103.12
97;ULT;1204;0;0;0;103.12
97;ULT;1227;0;0;0;103.32
97;ULT;1212;0;0;0;103.32
97;ULT;1231;0;0;0;103.32
97;ULT;1212;0;0;0;103.32
97;ULT;1268;0;0;0;103.32
97;ULT;1212;0;0;0;103.32
97;ULT;1212;0;0;0;103.32
97;ULT;1221;0;0;0;103.32
97;ULT;1211;0;0;0;103.32
97;ULT;1227;0;0;0;103.32
97;ULT;1235;0;0;0;103.32
97;ULT;1216;0;0;0;103.32
97;ULT;1213;0;0;0;103.32
97;ULT;1233;0;0;0;103.32
97;ULT;1228;0;0;0;103.32
97;ULT;1211;0;0;0;103.32
97;ULT;1211;0;0;0;103.32
97;ULT;1234;0;0;0;103.32
97;ULT;1212;0;0;0;103.32
97;ULT;1217;0;0;0;103.32
97;RULT;51;0;0;0;3.66
97;RULT;45;0;0;0;3.66
97;RULT;42;0;0;0;3.66
97;RULT;41;0;0;0;3.66
97;RULT;40;0;0;0;3.66
97;RULT;40;0;0;0;3.66
97;RULT;38;0;0;0;3.66
97;RULT;38;0;0;0;3.66
97;RULT;37;0;0;0;3.66
97;RULT;37;0;0;0;3.66
97;RULT;37;0;0;0;3.66
97;RULT;36;0;0;0;3.66
97;RULT;36;0;0;0;3.66
97;RULT;35;0;0;0;3.66
97;RULT;36;0;0;0;3.66
97;RULT;35;0;0;0;3.66
97;RULT;35;0;0;0;3.66
97;RULT;35;0;0;0;3.66
97;RULT;35;0;0;0;3.66
97;RULT;35;0;0;0;3.66
97;RULT;59;0;0;0;5.02
97;RULT;55;0;0;0;5.02
97;RULT;53;0;0;0;5.02
97;RULT;53;0;0;0;5.02
97;RULT;53;0;0;0;5.02
97;RULT;53;0;0;0;5.02
97;RULT;52;0;0;0;5.02
97;RULT;52;0;0;0;5.02
97;RULT;52;0;0;0;5.02
97;RULT;52;0;0;0;5.02
97;RULT;52;0;0;0;5.02
97;RULT;52;0;0;0;5.02
97;RULT;51;0;0;0;5.02
97;RULT;52;0;0;0;5.02
97;RULT;52;0;0;0;5.02
97;RULT;51;0;0;0;5.02
97;RULT;52;0;0;0;5.02
97;RULT;51;0;0;0;5.02
97;RULT;51;0;0;0;5.02
97;RULT;51;0;0;0;5.02
97;ILP;1981;0;0;0;0.00
97;ILP;1734;0;0;0;0.00
97;ILP;1579;0;0;0;0.00
97;ILP;1564;0;0;0;0.00
97;ILP;1593;0;0;0;0.00
97;ILP;1544;0;0;0;0.00
97;ILP;1594;0;0;0;0.00
97;ILP;1543;0;0;0;0.00
97;ILP;1597;0;0;0;0.00
97;ILP;1553;0;0;0;0.00
97;ILP;1585;0;0;0;0.00
97;ILP;1607;0;0;0;0.00
97;ILP;1593;0;0;0;0.00
97;ILP;1585;0;0;0;0.00
97;ILP;1551;0;0;0;0.00
97;ILP;1589;0;0;0;0.00
97;ILP;1560;0;0;0;0.00
97;ILP;1632;0;0;0;0.00
97;ILP;1566;0;0;0;0.00
97;ILP;1578;0;0;0;0.00
97;ILP;3342;0;0;0;0.00
97;ILP;3144;0;0;0;0.00
97;ILP;2599;0;0;0;0.00
97;ILP;2150;0;0;0;0.00
97;ILP;2097;0;0;0;0.00
97;ILP;2142;0;0;0;0.00
97;ILP;2110;0;0;0;0.00
97;ILP;2185;0;0;0;0.00
97;ILP;2149;0;0;0;0.00
97;ILP;2199;0;0;0;0.00
97;ILP;2108;0;0;0;0.00
97;ILP;2152;0;0;0;0.00
97;ILP;2116;0;0;0;0.00
97;ILP;2144;0;0;0;0.00
97;ILP;2152;0;0;0;0.00
97;ILP;2145;0;0;0;0.00
97;ILP;2136;0;0;0;0.00
97;ILP;2146;0;0;0;0.00
97;ILP;2197;0;0;0;0.00
97;ILP;2180;0;0;0;0.00
97;CP;19012;0;0;0;0.00
97;CP;9323;0;0;0;0.00
97;CP;9128;0;0;0;0.00
97;CP;9268;0;0;0;0.00
97;CP;9308;0;0;0;0.00
97;CP;9225;0;0;0;0.00
97;CP;9186;0;0;0;0.00
97;CP;9415;0;0;0;0.00
97;CP;9348;0;0;0;0.00
97;CP;9412;0;0;0;0.00
97;CP;9194;0;0;0;0.00
97;CP;9306;0;0;0;0.00
97;CP;9187;0;0;0;0.00
97;CP;9372;0;0;0;0.00
97;CP;9135;0;0;0;0.00
97;CP;9266;0;0;0;0.00
97;CP;9311;0;0;0;0.00
97;CP;9456;0;0;0;0.00
97;CP;9094;0;0;0;0.00
97;CP;9256;0;0;0;0.00
97;CP;10485;0;0;0;0.00
97;CP;9367;0;0;0;0.00
97;CP;9421;0;0;0;0.00
97;CP;9393;0;0;0;0.00
97;CP;9499;0;0;0;0.00
97;CP;9457;0;0;0;0.00
97;CP;9409;0;0;0;0.00
97;CP;9458;0;0;0;0.00
97;CP;9271;0;0;0;0.00
97;CP;9637;0;0;0;0.00
97;CP;9343;0;0;0;0.00
97;CP;9526;0;0;0;0.00
97;CP;9407;0;0;0;0.00
97;CP;9469;0;0;0;0.00
97;CP;9339;0;0;0;0.00
97;CP;9353;0;0;0;0.00
97;CP;9570;0;0;0;0.00
97;CP;9290;0;0;0;0.00
97;CP;10151;0;0;0;0.00
97;CP;16240;0;0;0;0.00
97;SCP;7739;0;0;0;0.00
97;SCP;7564;0;0;0;0.00
97;SCP;7553;0;0;0;0.00
97;SCP;7480;0;0;0;0.00
97;SCP;7567;0;0;0;0.00
97;SCP;7613;0;0;0;0.00
97;SCP;7502;0;0;0;0.00
97;SCP;7534;0;0;0;0.00
97;SCP;7584;0;0;0;0.00
97;SCP;7567;0;0;0;0.00
97;SCP;7563;0;0;0;0.00
97;SCP;7572;0;0;0;0.00
97;SCP;7486;0;0;0;0.00
97;SCP;7555;0;0;0;0.00
97;SCP;7519;0;0;0;0.00
97;SCP;7494;0;0;0;0.00
97;SCP;7498;0;0;0;0.00
97;SCP;7576;0;0;0;0.00
97;SCP;7560;0;0;0;0.00
97;SCP;7503;0;0;0;0.00
97;SCP;12900;0;0;0;0.00
97;SCP;11413;0;0;0;0.00
97;SCP;11392;0;0;0;0.00
97;SCP;12398;0;0;0;0.00
97;SCP;11458;0;0;0;0.00
97;SCP;12202;0;0;0;0.00
97;SCP;11421;0;0;0;0.00
97;SCP;11819;0;0;0;0.00
97;SCP;11457;0;0;0;0.00
97;SCP;12372;0;0;0;0.00
97;SCP;12186;0;0;0;0.00
97;SCP;12378;0;0;0;0.00
97;SCP;12179;0;0;0;0.00
97;SCP;11408;0;0;0;0.00
97;SCP;12441;0;0;0;0.00
97;SCP;11411;0;0;0;0.00
97;SCP;12370;0;0;0;0.00
97;SCP;11405;0;0;0;0.00
97;SCP;12377;0;0;0;0.00
97;SCP;12437;0;0;0;0.00
97;KAB;653;0;0;0;0.00
97;KAB;601;0;0;0;0.00
97;KAB;599;0;0;0;0.00
97;KAB;597;0;0;0;0.00
97;KAB;599;0;0;0;0.00
97;KAB;595;0;0;0;0.00
97;KAB;594;0;0;0;0.00
97;KAB;602;0;0;0;0.00
97;KAB;598;0;0;0;0.00
97;KAB;598;0;0;0;0.00
97;KAB;599;0;0;0;0.00
97;KAB;596;0;0;0;0.00
97;KAB;598;0;0;0;0.00
97;KAB;613;0;0;0;0.00
97;KAB;598;0;0;0;0.00
97;KAB;598;0;0;0;0.00
97;KAB;606;0;0;0;0.00
97;KAB;599;0;0;0;0.00
97;KAB;599;0;0;0;0.00
97;KAB;597;0;0;0;0.00
97;KAB;972;0;0;0;0.00
97;KAB;917;0;0;0;0.00
97;KAB;919;0;0;0;0.00
97;KAB;910;0;0;0;0.00
97;KAB;910;0;0;0;0.00
97;KAB;912;0;0;0;0.00
97;KAB;980;0;0;0;0.00
97;KAB;1054;0;0;0;0.00
97;KAB;1055;0;0;0;0.00
97;KAB;1053;0;0;0;0.00
97;KAB;1066;0;0;0;0.00
97;KAB;1047;0;0;0;0.00
97;KAB;1051;0;0;0;0.00
97;KAB;1054;0;0;0;0.00
97;KAB;1069;0;0;0;0.00
97;KAB;1064;0;0;0;0.00
97;KAB;1066;0;0;0;0.00
97;KAB;1055;0;0;0;0.00
97;KAB;1057;0;0;0;0.00
97;KAB;1052;0;0;0;0.00
97;BFDC;12;0;0;0;1.87
97;BFDC;10;0;0;0;1.87
97;BFDC;9;0;0;0;1.87
97;BFDC;9;0;0;0;1.87
97;BFDC;8;0;0;0;1.87
97;BFDC;8;0;0;0;1.87
97;BFDC;8;0;0;0;1.87
97;BFDC;7;0;0;0;1.87
97;BFDC;7;0;0;0;1.87
97;BFDC;7;0;0;0;1.87
97;BFDC;7;0;0;0;1.87
97;BFDC;7;0;0;0;1.87
97;BFDC;7;0;0;0;1.87
97;BFDC;7;0;0;0;1.87
97;BFDC;7;0;0;0;1.87
97;BFDC;7;0;0;0;1.87
97;BFDC;7;0;0;0;1.87
97;BFDC;7;0;0;0;1.87
97;BFDC;7;0;0;0;1.87
97;BFDC;7;0;0;0;1.87
97;BFDC;14;0;0;0;2.29
97;BFDC;12;0;0;0;2.29
97;BFDC;11;0;0;0;2.29
97;BFDC;10;0;0;0;2.29
97;BFDC;10;0;0;0;2.29
97;BFDC;9;0;0;0;2.29
97;BFDC;9;0;0;0;2.29
97;BFDC;9;0;0;0;2.29
97;BFDC;9;0;0;0;2.29
97;BFDC;9;0;0;0;2.29
97;BFDC;9;0;0;0;2.29
97;BFDC;9;0;0;0;2.29
97;BFDC;9;0;0;0;2.29
97;BFDC;9;0;0;0;2.29
97;BFDC;9;0;0;0;2.29
97;BFDC;8;0;0;0;2.29
97;BFDC;8;0;0;0;2.29
97;BFDC;8;0;0;0;2.29
97;BFDC;8;0;0;0;2.29
97;BFDC;13;0;0;0;2.29
97;CRA;41;0;0;0;4.01
97;CRA;34;0;0;0;4.01
97;CRA;28;0;0;0;4.01
97;CRA;24;0;0;0;4.01
97;CRA;22;0;0;0;4.01
97;CRA;20;0;0;0;4.01
97;CRA;19;0;0;0;4.01
97;CRA;19;0;0;0;4.01
97;CRA;18;0;0;0;4.01
97;CRA;18;0;0;0;4.01
97;CRA;17;0;0;0;4.01
97;CRA;17;0;0;0;4.01
97;CRA;17;0;0;0;4.01
97;CRA;17;0;0;0;4.01
97;CRA;16;0;0;0;4.01
97;CRA;16;0;0;0;4.01
97;CRA;16;0;0;0;4.01
97;CRA;16;0;0;0;4.01
97;CRA;16;0;0;0;4.01
97;CRA;16;0;0;0;4.01
97;CRA;88;0;0;0;8.17
97;CRA;79;0;0;0;8.17
97;CRA;72;0;0;0;8.17
97;CRA;70;0;0;0;8.17
97;CRA;66;0;0;0;8.17
97;CRA;65;0;0;0;8.17
97;CRA;63;0;0;0;8.17
97;CRA;62;0;0;0;8.17
97;CRA;61;0;0;0;8.17
97;CRA;61;0;0;0;8.17
97;CRA;59;0;0;0;8.17
97;CRA;59;0;0;0;8.17
97;CRA;59;0;0;0;8.17
97;CRA;58;0;0;0;8.17
97;CRA;58;0;0;0;8.17
97;CRA;58;0;0;0;8.17
97;CRA;58;0;0;0;8.17
97;CRA;57;0;0;0;8.17
97;CRA;57;0;0;0;8.17
97;CRA;57;0;0;0;8.17
12801;RULT;13888;0;0;0;7.02
12801;RULT;12343;0;0;0;7.02
12801;RULT;12211;0;0;0;7.02
12801;RULT;12179;0;0;0;7.02
12801;RULT;12150;0;0;0;7.02
12801;RULT;12137;0;0;0;7.02
12801;RULT;12135;0;0;0;7.02
12801;RULT;12133;0;0;0;7.02
12801;RULT;12135;0;0;0;7.02
12801;RULT;12114;0;0;0;7.02
12801;RULT;12121;0;0;0;7.02
12801;RULT;20689;0;0;0;7.02
12801;RULT;12437;0;0;0;7.02
12801;RULT;12203;0;0;0;7.02
12801;RULT;12145;0;0;0;7.02
12801;RULT;12137;0;0;0;7.02
12801;RULT;12144;0;0;0;7.02
12801;RULT;12148;0;0;0;7.02
12801;RULT;12104;0;0;0;7.02
12801;RULT;12107;0;0;0;7.02
12801;RULT;363;0;0;0;0.51
12801;RULT;347;0;0;0;0.51
12801;RULT;336;0;0;0;0.51
12801;RULT;337;0;0;0;0.51
12801;RULT;337;0;0;0;0.51
12801;RULT;342;0;0;0;0.51
12801;RULT;338;0;0;0;0.51
12801;RULT;336;0;0;0;0.51
12801;RULT;335;0;0;0;0.51
12801;RULT;336;0;0;0;0.51
12801;RULT;337;0;0;0;0.51
12801;RULT;336;0;0;0;0.51
12801;RULT;336;0;0;0;0.51
12801;RULT;335;0;0;0;0.51
12801;RULT;335;0;0;0;0.51
12801;RULT;335;0;0;0;0.51
12801;RULT;335;0;0;0;0.51
12801;RULT;337;0;0;0;0.51
12801;RULT;336;0;0;0;0.51
12801;RULT;336;0;0;0;0.51
12801;ILP;235953;0;0;0;0.00
12801;ILP;236986;0;0;0;0.00
12801;ILP;229772;0;0;0;0.00
12801;ILP;229317;0;0;0;0.00
12801;ILP;230463;0;0;0;0.00
12801;ILP;237983;0;0;0;0.00
12801;ILP;237508;0;0;0;0.00
12801;ILP;235557;0;0;0;0.00
12801;ILP;237484;0;0;0;0.00
12801;ILP;229031;0;0;0;0.00
12801;ILP;229601;0;0;0;0.00
12801;ILP;228892;0;0;0;0.00
12801;ILP;230221;0;0;0;0.00
12801;ILP;229990;0;0;0;0.00
12801;ILP;228963;0;0;0;0.00
12801;ILP;230953;0;0;0;0.00
12801;ILP;236512;0;0;0;0.00
12801;ILP;237183;0;0;0;0.00
12801;ILP;237103;0;0;0;0.00
12801;ILP;236241;0;0;0;0.00
12801;ILP;188069;0;0;0;0.00
12801;ILP;187818;0;0;0;0.00
12801;ILP;188267;0;0;0;0.00
12801;ILP;188013;0;0;0;0.00
12801;ILP;187558;0;0;0;0.00
12801;ILP;188428;0;0;0;0.00
12801;ILP;187699;0;0;0;0.00
12801;ILP;188258;0;0;0;0.00
12801;ILP;187459;0;0;0;0.00
12801;ILP;187909;0;0;0;0.00
12801;ILP;187829;0;0;0;0.00
12801;ILP;187152;0;0;0;0.00
12801;ILP;187979;0;0;0;0.00
12801;ILP;187285;0;0;0;0.00
12801;ILP;187395;0;0;0;0.00
12801;ILP;187168;0;0;0;0.00
12801;ILP;187929;0;0;0;0.00
12801;ILP;187791;0;0;0;0.00
12801;ILP;187646;0;0;0;0.00
12801;ILP;187724;0;0;0;0.00
12801;CP;2070429;0;0;1;0.00
12801;CP;2064400;0;0;1;0.00
12801;CP;2060368;0;0;1;0.00
12801;CP;2064593;0;0;1;0.00
12801;CP;2050383;0;0;1;0.00
12801;CP;2100953;0;0;1;0.00
12801;CP;2231136;0;0;1;0.00
12801;CP;2276439;0;0;1;0.00
12801;CP;2112522;0;0;1;0.00
12801;CP;2100020;0;0;1;0.00
12801;CP;2112705;0;0;1;0.00
12801;CP;2111239;0;0;1;0.00
12801;CP;2100986;0;0;1;0.00
12801;CP;2107172;0;0;1;0.00
12801;CP;2097505;0;0;1;0.00
12801;CP;2110589;0;0;1;0.00
12801;CP;2107844;0;0;1;0.00
12801;CP;2111523;0;0;1;0.00
12801;CP;2098593;0;0;1;0.00
12801;CP;2100667;0;0;1;0.00
12801;CP;1104561;0;0;0;0.00
12801;CP;1106111;0;0;0;0.00
12801;CP;1107144;0;0;0;0.00
12801;CP;1105083;0;0;0;0.00
12801;CP;1116963;0;0;0;0.00
12801;CP;1104684;0;0;0;0.00
12801;CP;1105129;0;0;0;0.00
12801;CP;1105374;0;0;0;0.00
12801;CP;1108767;0;0;0;0.00
12801;CP;1104493;0;0;0;0.00
12801;CP;1106375;0;0;0;0.00
12801;CP;1119000;0;0;0;0.00
12801;CP;1106374;0;0;0;0.00
12801;CP;1103809;0;0;0;0.00
12801;CP;1110844;0;0;0;0.00
12801;CP;1103133;0;0;0;0.00
12801;CP;1106014;0;0;0;0.00
12801;CP;1106370;0;0;0;0.00
12801;CP;1102949;0;0;0;0.00
12801;CP;1101841;0;0;0;0.00
12801;SCP;1247530;0;0;0;0.00
12801;SCP;1243175;0;0;0;0.00
12801;SCP;1252390;0;0;0;0.00
12801;SCP;1251810;0;0;0;0.00
12801;SCP;1250832;0;0;0;0.00
12801;SCP;1247852;0;0;0;0.00
12801;SCP;1259603;0;0;0;0.00
12801;SCP;1252001;0;0;0;0.00
12801;SCP;1251430;0;0;0;0.00
12801;SCP;1255626;0;0;0;0.00
12801;SCP;1244313;0;0;0;0.00
12801;SCP;1258052;0;0;0;0.00
12801;SCP;1255289;0;0;0;0.00
12801;SCP;1251076;0;0;0;0.00
12801;SCP;1244506;0;0;0;0.00
12801;SCP;1253832;0;0;0;0.00
12801;SCP;1254586;0;0;0;0.00
12801;SCP;1262683;0;0;0;0.00
12801;SCP;1245878;0;0;0;0.00
12801;SCP;1244417;0;0;0;0.00
12801;SCP;1026080;0;0;0;0.00
12801;SCP;1037457;0;0;0;0.00
12801;SCP;1023315;0;0;0;0.00
12801;SCP;1024990;0;0;0;0.00
12801;SCP;1024849;0;0;0;0.00
12801;SCP;1036804;0;0;0;0.00
12801;SCP;1037069;0;0;0;0.00
12801;SCP;1025683;0;0;0;0.00
12801;SCP;1021718;0;0;0;0.00
12801;SCP;1037005;0;0;0;0.00
12801;SCP;1029568;0;0;0;0.00
12801;SCP;1023554;0;0;0;0.00
12801;SCP;1027881;0;0;0;0.00
12801;SCP;1043158;0;0;0;0.00
12801;SCP;1014215;0;0;0;0.00
12801;SCP;1011220;0;0;0;0.00
12801;SCP;1077105;0;0;0;0.00
12801;SCP;1054545;0;0;0;0.00
12801;SCP;1064396;0;0;0;0.00
12801;SCP;1072611;0;0;0;0.00
12801;KAB;2002999;0;0;1;0.00
12801;KAB;2002741;0;0;1;0.00
12801;KAB;2002787;0;0;1;0.00
12801;KAB;2002815;0;0;1;0.00
12801;KAB;2002867;0;0;1;0.00
12801;KAB;2002672;0;0;1;0.00
12801;KAB;2004308;0;0;1;0.00
12801;KAB;2000209;0;0;1;0.00
12801;KAB;2004030;0;0;1;0.00
12801;KAB;2000025;0;0;1;0.00
12801;KAB;2006678;0;0;1;0.00
12801;KAB;2003149;0;0;1;0.00
12801;KAB;2009880;0;0;1;0.00
12801;KAB;2003174;0;0;1;0.00
12801;KAB;2006600;0;0;1;0.00
12801;KAB;2003148;0;0;1;0.00
12801;KAB;2010063;0;0;1;0.00
12801;KAB;2003170;0;0;1;0.00
12801;KAB;2010946;0;0;1;0.00
12801;KAB;2003317;0;0;1;0.00
12801;KAB;1228;0;0;0;0.00
12801;KAB;858;0;0;0;0.00
12801;KAB;851;0;0;0;0.00
12801;KAB;860;0;0;0;0.00
12801;KAB;846;0;0;0;0.00
12801;KAB;862;0;0;0;0.00
12801;KAB;848;0;0;0;0.00
12801;KAB;852;0;0;0;0.00
12801;KAB;854;0;0;0;0.00
12801;KAB;845;0;0;0;0.00
12801;KAB;849;0;0;0;0.00
12801;KAB;844;0;0;0;0.00
12801;KAB;838;0;0;0;0.00
12801;KAB;836;0;0;0;0.00
12801;KAB;852;0;0;0;0.00
12801;KAB;839;0;0;0;0.00
12801;KAB;841;0;0;0;0.00
12801;KAB;837;0;0;0;0.00
12801;KAB;858;0;0;0;0.00
12801;KAB;839;0;0;0;0.00
12801;BFDC;2189;0;0;0;2.41
12801;BFDC;10493;0;0;0;2.41
12801;BFDC;2223;0;0;0;2.41
12801;BFDC;2186;0;0;0;2.41
12801;BFDC;2175;0;0;0;2.41
12801;BFDC;2176;0;0;0;2.41
12801;BFDC;2197;0;0;0;2.41
12801;BFDC;2190;0;0;0;2.41
12801;BFDC;2187;0;0;0;2.41
12801;BFDC;2173;0;0;0;2.41
12801;BFDC;2211;0;0;0;2.41
12801;BFDC;2197;0;0;0;2.41
12801;BFDC;2189;0;0;0;2.41
12801;BFDC;2183;0;0;0;2.41
12801;BFDC;2182;0;0;0;2.41
12801;BFDC;2186;0;0;0;2.41
12801;BFDC;2189;0;0;0;2.41
12801;BFDC;2175;0;0;0;2.41
12801;BFDC;2178;0;0;0;2.41
12801;BFDC;2184;0;0;0;2.41
12801;BFDC;701;0;0;0;0.77
12801;BFDC;681;0;0;0;0.77
12801;BFDC;675;0;0;0;0.77
12801;BFDC;685;0;0;0;0.77
12801;BFDC;676;0;0;0;0.77
12801;BFDC;676;0;0;0;0.77
12801;BFDC;678;0;0;0;0.77
12801;BFDC;676;0;0;0;0.77
12801;BFDC;683;0;0;0;0.77
12801;BFDC;690;0;0;0;0.77
12801;BFDC;678;0;0;0;0.77
12801;BFDC;681;0;0;0;0.77
12801;BFDC;676;0;0;0;0.77
12801;BFDC;682;0;0;0;0.77
12801;BFDC;678;0;0;0;0.77
12801;BFDC;677;0;0;0;0.77
12801;BFDC;679;0;0;0;0.77
12801;BFDC;677;0;0;0;0.77
12801;BFDC;683;0;0;0;0.77
12801;BFDC;678;0;0;0;0.77
12801;CRA;338761;0;0;0;117.77
12801;CRA;344436;0;0;0;117.77
12801;CRA;345212;0;0;0;117.77
12801;CRA;345152;0;0;0;117.77
12801;CRA;336186;0;0;0;117.77
12801;CRA;345363;0;0;0;117.77
12801;CRA;345177;0;0;0;117.77
12801;CRA;344545;0;0;0;117.77
12801;CRA;336507;0;0;0;117.77
12801;CRA;344461;0;0;0;117.77
12801;CRA;346328;0;0;0;117.77
12801;CRA;336163;0;0;0;117.77
12801;CRA;344443;0;0;0;117.77
12801;CRA;346492;0;0;0;117.77
12801;CRA;344363;0;0;0;117.77
12801;CRA;336130;0;0;0;117.77
12801;CRA;346389;0;0;0;117.77
12801;CRA;344464;0;0;0;117.77
12801;CRA;345284;0;0;0;117.77
12801;CRA;337266;0;0;0;117.77
12801;CRA;1000;0;0;0;0.51
12801;CRA;571;0;0;0;0.51
12801;CRA;539;0;0;0;0.51
12801;CRA;535;0;0;0;0.51
12801;CRA;543;0;0;0;0.51
12801;CRA;543;0;0;0;0.51
12801;CRA;543;0;0;0;0.51
12801;CRA;543;0;0;0;0.51
12801;CRA;542;0;0;0;0.51
12801;CRA;536;0;0;0;0.51
12801;CRA;546;0;0;0;0.51
12801;CRA;534;0;0;0;0.51
12801;CRA;535;0;0;0;0.51
12801;CRA;536;0;0;0;0.51
12801;CRA;535;0;0;0;0.51
12801;CRA;534;0;0;0;0.51
12801;CRA;535;0;0;0;0.51
12801;CRA;536;0;0;0;0.51
12801;CRA;535;0;0;0;0.51
12801;CRA;535;0;0;0;0.51
