Size;Method;Time;Status;Solution;Timeout;Scans
50;RULT;1656;0;0;0;5.86
50;RULT;1546;0;0;0;5.86
50;RULT;1549;0;0;0;5.86
50;RULT;1544;0;0;0;5.86
50;RULT;1552;0;0;0;5.86
50;RULT;1542;0;0;0;5.86
50;RULT;1545;0;0;0;5.86
50;RULT;1544;0;0;0;5.86
50;RULT;1546;0;0;0;5.86
50;RULT;1548;0;0;0;5.86
50;RULT;1542;0;0;0;5.86
50;RULT;1549;0;0;0;5.86
50;RULT;1544;0;0;0;5.86
50;RULT;1550;0;0;0;5.86
50;RULT;1545;0;0;0;5.86
50;RULT;1548;0;0;0;5.86
50;RULT;1551;0;0;0;5.86
50;RULT;1544;0;0;0;5.86
50;RULT;1547;0;0;0;5.86
50;RULT;1547;0;0;0;5.86
50;RULT;1619;0;0;0;5.89
50;RULT;1557;0;0;0;5.89
50;RULT;1552;0;0;0;5.89
50;RULT;1556;0;0;0;5.89
50;RULT;1547;0;0;0;5.89
50;RULT;1548;0;0;0;5.89
50;RULT;1546;0;0;0;5.89
50;RULT;1555;0;0;0;5.89
50;RULT;1558;0;0;0;5.89
50;RULT;1548;0;0;0;5.89
50;RULT;1552;0;0;0;5.89
50;RULT;1546;0;0;0;5.89
50;RULT;1558;0;0;0;5.89
50;RULT;1549;0;0;0;5.89
50;RULT;1550;0;0;0;5.89
50;RULT;1554;0;0;0;5.89
50;RULT;1549;0;0;0;5.89
50;RULT;1560;0;0;0;5.89
50;RULT;1550;0;0;0;5.89
50;RULT;1561;0;0;0;5.89
50;ILP;147623;0;0;0;0.00
50;ILP;144286;0;0;0;0.00
50;ILP;144789;0;0;0;0.00
50;ILP;143131;0;0;0;0.00
50;ILP;143291;0;0;0;0.00
50;ILP;143749;0;0;0;0.00
50;ILP;144352;0;0;0;0.00
50;ILP;144435;0;0;0;0.00
50;ILP;144308;0;0;0;0.00
50;ILP;144796;0;0;0;0.00
50;ILP;144185;0;0;0;0.00
50;ILP;144771;0;0;0;0.00
50;ILP;144885;0;0;0;0.00
50;ILP;144907;0;0;0;0.00
50;ILP;144588;0;0;0;0.00
50;ILP;146053;0;0;0;0.00
50;ILP;143056;0;0;0;0.00
50;ILP;141941;0;0;0;0.00
50;ILP;145551;0;0;0;0.00
50;ILP;145041;0;0;0;0.00
50;ILP;149376;0;0;0;0.00
50;ILP;142996;0;0;0;0.00
50;ILP;139295;0;0;0;0.00
50;ILP;143940;0;0;0;0.00
50;ILP;145437;0;0;0;0.00
50;ILP;144176;0;0;0;0.00
50;ILP;144384;0;0;0;0.00
50;ILP;143176;0;0;0;0.00
50;ILP;142503;0;0;0;0.00
50;ILP;142494;0;0;0;0.00
50;ILP;143288;0;0;0;0.00
50;ILP;142819;0;0;0;0.00
50;ILP;142734;0;0;0;0.00
50;ILP;143145;0;0;0;0.00
50;ILP;142571;0;0;0;0.00
50;ILP;143943;0;0;0;0.00
50;ILP;143084;0;0;0;0.00
50;ILP;143169;0;0;0;0.00
50;ILP;143137;0;0;0;0.00
50;ILP;142875;0;0;0;0.00
50;CP;1208067;0;0;0;0.00
50;CP;1154198;0;0;0;0.00
50;CP;1161000;0;0;0;0.00
50;CP;1169657;0;0;0;0.00
50;CP;1161368;0;0;0;0.00
50;CP;1161957;0;0;0;0.00
50;CP;1160144;0;0;0;0.00
50;CP;1149892;0;0;0;0.00
50;CP;1160444;0;0;0;0.00
50;CP;1162158;0;0;0;0.00
50;CP;1156855;0;0;0;0.00
50;CP;1157553;0;0;0;0.00
50;CP;1157128;0;0;0;0.00
50;CP;1155922;0;0;0;0.00
50;CP;1152358;0;0;0;0.00
50;CP;1156390;0;0;0;0.00
50;CP;1154142;0;0;0;0.00
50;CP;1160290;0;0;0;0.00
50;CP;1134156;0;0;0;0.00
50;CP;1093744;0;0;0;0.00
50;CP;1169804;0;0;0;0.00
50;CP;1107189;0;0;0;0.00
50;CP;1116195;0;0;0;0.00
50;CP;1113449;0;0;0;0.00
50;CP;1117239;0;0;0;0.00
50;CP;1105584;0;0;0;0.00
50;CP;1113668;0;0;0;0.00
50;CP;1118544;0;0;0;0.00
50;CP;1111808;0;0;0;0.00
50;CP;1113023;0;0;0;0.00
50;CP;1114461;0;0;0;0.00
50;CP;1114060;0;0;0;0.00
50;CP;1120201;0;0;0;0.00
50;CP;1109974;0;0;0;0.00
50;CP;1119299;0;0;0;0.00
50;CP;1120395;0;0;0;0.00
50;CP;1104667;0;0;0;0.00
50;CP;1110751;0;0;0;0.00
50;CP;1103745;0;0;0;0.00
50;CP;1107475;0;0;0;0.00
50;SCP;1400842;0;0;0;0.00
50;SCP;1347776;0;0;0;0.00
50;SCP;1364245;0;0;0;0.00
50;SCP;1343258;0;0;0;0.00
50;SCP;1362582;0;0;0;0.00
50;SCP;1349365;0;0;0;0.00
50;SCP;1361495;0;0;0;0.00
50;SCP;1359092;0;0;0;0.00
50;SCP;1450589;0;0;0;0.00
50;SCP;1530104;0;0;0;0.00
50;SCP;1355218;0;0;0;0.00
50;SCP;1334439;0;0;0;0.00
50;SCP;1351537;0;0;0;0.00
50;SCP;1345057;0;0;0;0.00
50;SCP;1359028;0;0;0;0.00
50;SCP;1348190;0;0;0;0.00
50;SCP;1355248;0;0;0;0.00
50;SCP;1334712;0;0;0;0.00
50;SCP;1365607;0;0;0;0.00
50;SCP;1335326;0;0;0;0.00
50;SCP;992518;0;0;0;0.00
50;SCP;951576;0;0;0;0.00
50;SCP;944259;0;0;0;0.00
50;SCP;946760;0;0;0;0.00
50;SCP;986342;0;0;0;0.00
50;SCP;946263;0;0;0;0.00
50;SCP;945641;0;0;0;0.00
50;SCP;975579;0;0;0;0.00
50;SCP;986133;0;0;0;0.00
50;SCP;978231;0;0;0;0.00
50;SCP;942330;0;0;0;0.00
50;SCP;945743;0;0;0;0.00
50;SCP;944744;0;0;0;0.00
50;SCP;981544;0;0;0;0.00
50;SCP;989417;0;0;0;0.00
50;SCP;953963;0;0;0;0.00
50;SCP;990453;0;0;0;0.00
50;SCP;982678;0;0;0;0.00
50;SCP;946304;0;0;0;0.00
50;SCP;980986;0;0;0;0.00
50;KAB;917923;0;0;0;0.00
50;KAB;917696;0;0;0;0.00
50;KAB;918319;0;0;0;0.00
50;KAB;917994;0;0;0;0.00
50;KAB;917553;0;0;0;0.00
50;KAB;917875;0;0;0;0.00
50;KAB;917386;0;0;0;0.00
50;KAB;922579;0;0;0;0.00
50;KAB;918054;0;0;0;0.00
50;KAB;918473;0;0;0;0.00
50;KAB;917879;0;0;0;0.00
50;KAB;917868;0;0;0;0.00
50;KAB;918312;0;0;0;0.00
50;KAB;918181;0;0;0;0.00
50;KAB;917740;0;0;0;0.00
50;KAB;917953;0;0;0;0.00
50;KAB;922338;0;0;0;0.00
50;KAB;918584;0;0;0;0.00
50;KAB;918613;0;0;0;0.00
50;KAB;918263;0;0;0;0.00
50;KAB;894425;0;0;0;0.00
50;KAB;893822;0;0;0;0.00
50;KAB;896594;0;0;0;0.00
50;KAB;893691;0;0;0;0.00
50;KAB;896835;0;0;0;0.00
50;KAB;893371;0;0;0;0.00
50;KAB;896255;0;0;0;0.00
50;KAB;893715;0;0;0;0.00
50;KAB;896691;0;0;0;0.00
50;KAB;893860;0;0;0;0.00
50;KAB;893866;0;0;0;0.00
50;KAB;896897;0;0;0;0.00
50;KAB;893821;0;0;0;0.00
50;KAB;896887;0;0;0;0.00
50;KAB;893867;0;0;0;0.00
50;KAB;897024;0;0;0;0.00
50;KAB;893850;0;0;0;0.00
50;KAB;896462;0;0;0;0.00
50;KAB;893495;0;0;0;0.00
50;KAB;893439;0;0;0;0.00
50;BFDC;375;0;0;0;2.46
50;BFDC;372;0;0;0;2.46
50;BFDC;377;0;0;0;2.46
50;BFDC;371;0;0;0;2.46
50;BFDC;372;0;0;0;2.46
50;BFDC;372;0;0;0;2.46
50;BFDC;372;0;0;0;2.46
50;BFDC;371;0;0;0;2.46
50;BFDC;371;0;0;0;2.46
50;BFDC;367;0;0;0;2.46
50;BFDC;373;0;0;0;2.46
50;BFDC;367;0;0;0;2.46
50;BFDC;369;0;0;0;2.46
50;BFDC;373;0;0;0;2.46
50;BFDC;370;0;0;0;2.46
50;BFDC;371;0;0;0;2.46
50;BFDC;371;0;0;0;2.46
50;BFDC;373;0;0;0;2.46
50;BFDC;376;0;0;0;2.46
50;BFDC;372;0;0;0;2.46
50;BFDC;378;0;0;0;2.47
50;BFDC;380;0;0;0;2.47
50;BFDC;378;0;0;0;2.47
50;BFDC;373;0;0;0;2.47
50;BFDC;373;0;0;0;2.47
50;BFDC;373;0;0;0;2.47
50;BFDC;372;0;0;0;2.47
50;BFDC;374;0;0;0;2.47
50;BFDC;374;0;0;0;2.47
50;BFDC;374;0;0;0;2.47
50;BFDC;374;0;0;0;2.47
50;BFDC;372;0;0;0;2.47
50;BFDC;373;0;0;0;2.47
50;BFDC;373;0;0;0;2.47
50;BFDC;373;0;0;0;2.47
50;BFDC;371;0;0;0;2.47
50;BFDC;372;0;0;0;2.47
50;BFDC;373;0;0;0;2.47
50;BFDC;373;0;0;0;2.47
50;BFDC;372;0;0;0;2.47
50;CRA;30589;0;0;0;77.59
50;CRA;30412;0;0;0;77.59
50;CRA;30260;0;0;0;77.59
50;CRA;30177;0;0;0;77.59
50;CRA;30196;0;0;0;77.59
50;CRA;30211;0;0;0;77.59
50;CRA;30192;0;0;0;77.59
50;CRA;30199;0;0;0;77.59
50;CRA;30214;0;0;0;77.59
50;CRA;30197;0;0;0;77.59
50;CRA;30247;0;0;0;77.59
50;CRA;30213;0;0;0;77.59
50;CRA;30232;0;0;0;77.59
50;CRA;30246;0;0;0;77.59
50;CRA;30217;0;0;0;77.59
50;CRA;30232;0;0;0;77.59
50;CRA;30209;0;0;0;77.59
50;CRA;30236;0;0;0;77.59
50;CRA;30222;0;0;0;77.59
50;CRA;30229;0;0;0;77.59
50;CRA;5433;0;0;0;15.62
50;CRA;5273;0;0;0;15.62
50;CRA;5271;0;0;0;15.62
50;CRA;5277;0;0;0;15.62
50;CRA;5281;0;0;0;15.62
50;CRA;5268;0;0;0;15.62
50;CRA;5272;0;0;0;15.62
50;CRA;5280;0;0;0;15.62
50;CRA;5273;0;0;0;15.62
50;CRA;5273;0;0;0;15.62
50;CRA;5268;0;0;0;15.62
50;CRA;5276;0;0;0;15.62
50;CRA;5279;0;0;0;15.62
50;CRA;5271;0;0;0;15.62
50;CRA;5277;0;0;0;15.62
50;CRA;5313;0;0;0;15.62
50;CRA;5339;0;0;0;15.62
50;CRA;5275;0;0;0;15.62
50;CRA;5286;0;0;0;15.62
50;CRA;5273;0;0;0;15.62
70;ULT;26261;0;0;0;8.00
70;ULT;27617;0;0;0;8.00
70;ULT;27603;0;0;0;8.00
70;ULT;27585;0;0;0;8.00
70;ULT;27579;0;0;0;8.00
70;ULT;27561;0;0;0;8.00
70;ULT;27531;0;0;0;8.00
70;ULT;26252;0;0;0;8.00
70;ULT;27612;0;0;0;8.00
70;ULT;27568;0;0;0;8.00
70;ULT;27553;0;0;0;8.00
70;ULT;27549;0;0;0;8.00
70;ULT;27523;0;0;0;8.00
70;ULT;27516;0;0;0;8.00
70;ULT;27500;0;0;0;8.00
70;ULT;27580;0;0;0;8.00
70;ULT;27575;0;0;0;8.00
70;ULT;27581;0;0;0;8.00
70;ULT;27559;0;0;0;8.00
70;ULT;27500;0;0;0;8.00
70;ULT;2000001;0;0;1;592.62
70;ULT;2000000;0;0;1;590.03
70;ULT;2000001;0;0;1;589.25
70;ULT;2000001;0;0;1;594.84
70;ULT;2000001;0;0;1;594.13
70;ULT;2000001;0;0;1;610.45
70;ULT;2000000;0;0;1;609.91
70;ULT;2000001;0;0;1;606.67
70;ULT;2000000;0;0;1;593.21
70;ULT;2000001;0;0;1;595.70
70;ULT;2000001;0;0;1;596.46
70;ULT;2000001;0;0;1;591.90
70;ULT;2000001;0;0;1;594.74
70;ULT;2000000;0;0;1;594.81
70;ULT;2000001;0;0;1;593.94
70;ULT;2000000;0;0;1;591.86
70;ULT;2000001;0;0;1;592.31
70;ULT;2000000;0;0;1;592.97
70;ULT;2000001;0;0;1;570.05
70;ULT;2000001;0;0;1;612.82
70;RULT;50;0;0;0;0.43
70;RULT;50;0;0;0;0.43
70;RULT;50;0;0;0;0.43
70;RULT;49;0;0;0;0.43
70;RULT;50;0;0;0;0.43
70;RULT;50;0;0;0;0.43
70;RULT;50;0;0;0;0.43
70;RULT;49;0;0;0;0.43
70;RULT;49;0;0;0;0.43
70;RULT;50;0;0;0;0.43
70;RULT;49;0;0;0;0.43
70;RULT;50;0;0;0;0.43
70;RULT;50;0;0;0;0.43
70;RULT;50;0;0;0;0.43
70;RULT;50;0;0;0;0.43
70;RULT;50;0;0;0;0.43
70;RULT;50;0;0;0;0.43
70;RULT;50;0;0;0;0.43
70;RULT;50;0;0;0;0.43
70;RULT;50;0;0;0;0.43
70;RULT;73;0;0;0;0.68
70;RULT;73;0;0;0;0.68
70;RULT;73;0;0;0;0.68
70;RULT;73;0;0;0;0.68
70;RULT;73;0;0;0;0.68
70;RULT;73;0;0;0;0.68
70;RULT;73;0;0;0;0.68
70;RULT;73;0;0;0;0.68
70;RULT;73;0;0;0;0.68
70;RULT;72;0;0;0;0.68
70;RULT;72;0;0;0;0.68
70;RULT;81;0;0;0;0.68
70;RULT;73;0;0;0;0.68
70;RULT;73;0;0;0;0.68
70;RULT;72;0;0;0;0.68
70;RULT;73;0;0;0;0.68
70;RULT;82;0;0;0;0.68
70;RULT;72;0;0;0;0.68
70;RULT;73;0;0;0;0.68
70;RULT;73;0;0;0;0.68
70;ILP;181393;0;0;0;0.00
70;ILP;168287;0;0;0;0.00
70;ILP;171789;0;0;0;0.00
70;ILP;172347;0;0;0;0.00
70;ILP;171559;0;0;0;0.00
70;ILP;171130;0;0;0;0.00
70;ILP;172970;0;0;0;0.00
70;ILP;170574;0;0;0;0.00
70;ILP;171163;0;0;0;0.00
70;ILP;172954;0;0;0;0.00
70;ILP;172124;0;0;0;0.00
70;ILP;171961;0;0;0;0.00
70;ILP;171357;0;0;0;0.00
70;ILP;171331;0;0;0;0.00
70;ILP;169024;0;0;0;0.00
70;ILP;171595;0;0;0;0.00
70;ILP;171541;0;0;0;0.00
70;ILP;173043;0;0;0;0.00
70;ILP;171175;0;0;0;0.00
70;ILP;171398;0;0;0;0.00
70;ILP;176858;0;0;0;0.00
70;ILP;166539;0;0;0;0.00
70;ILP;170072;0;0;0;0.00
70;ILP;166578;0;0;0;0.00
70;ILP;167069;0;0;0;0.00
70;ILP;169519;0;0;0;0.00
70;ILP;167103;0;0;0;0.00
70;ILP;166849;0;0;0;0.00
70;ILP;168379;0;0;0;0.00
70;ILP;167833;0;0;0;0.00
70;ILP;168045;0;0;0;0.00
70;ILP;167251;0;0;0;0.00
70;ILP;170089;0;0;0;0.00
70;ILP;166504;0;0;0;0.00
70;ILP;167391;0;0;0;0.00
70;ILP;170107;0;0;0;0.00
70;ILP;166393;0;0;0;0.00
70;ILP;167167;0;0;0;0.00
70;ILP;170269;0;0;0;0.00
70;ILP;166763;0;0;0;0.00
70;CP;901187;0;0;0;0.00
70;CP;883783;0;0;0;0.00
70;CP;873142;0;0;0;0.00
70;CP;884093;0;0;0;0.00
70;CP;869372;0;0;0;0.00
70;CP;887181;0;0;0;0.00
70;CP;864688;0;0;0;0.00
70;CP;891197;0;0;0;0.00
70;CP;883760;0;0;0;0.00
70;CP;890760;0;0;0;0.00
70;CP;887061;0;0;0;0.00
70;CP;871538;0;0;0;0.00
70;CP;890836;0;0;0;0.00
70;CP;876594;0;0;0;0.00
70;CP;886003;0;0;0;0.00
70;CP;865082;0;0;0;0.00
70;CP;867499;0;0;0;0.00
70;CP;853980;0;0;0;0.00
70;CP;850688;0;0;0;0.00
70;CP;842268;0;0;0;0.00
70;CP;859013;0;0;0;0.00
70;CP;817582;0;0;0;0.00
70;CP;812344;0;0;0;0.00
70;CP;805870;0;0;0;0.00
70;CP;806540;0;0;0;0.00
70;CP;815688;0;0;0;0.00
70;CP;821340;0;0;0;0.00
70;CP;817176;0;0;0;0.00
70;CP;814203;0;0;0;0.00
70;CP;819509;0;0;0;0.00
70;CP;813833;0;0;0;0.00
70;CP;806767;0;0;0;0.00
70;CP;802324;0;0;0;0.00
70;CP;807689;0;0;0;0.00
70;CP;840016;0;0;0;0.00
70;CP;849037;0;0;0;0.00
70;CP;835159;0;0;0;0.00
70;CP;848062;0;0;0;0.00
70;CP;833866;0;0;0;0.00
70;CP;849411;0;0;0;0.00
70;SCP;599851;0;0;0;0.00
70;SCP;593709;0;0;0;0.00
70;SCP;554666;0;0;0;0.00
70;SCP;550480;0;0;0;0.00
70;SCP;597858;0;0;0;0.00
70;SCP;550442;0;0;0;0.00
70;SCP;597878;0;0;0;0.00
70;SCP;550646;0;0;0;0.00
70;SCP;555338;0;0;0;0.00
70;SCP;593671;0;0;0;0.00
70;SCP;556329;0;0;0;0.00
70;SCP;553697;0;0;0;0.00
70;SCP;556533;0;0;0;0.00
70;SCP;553938;0;0;0;0.00
70;SCP;555729;0;0;0;0.00
70;SCP;593640;0;0;0;0.00
70;SCP;555043;0;0;0;0.00
70;SCP;553171;0;0;0;0.00
70;SCP;555585;0;0;0;0.00
70;SCP;575024;0;0;0;0.00
70;SCP;607515;0;0;0;0.00
70;SCP;611918;0;0;0;0.00
70;SCP;603696;0;0;0;0.00
70;SCP;616285;0;0;0;0.00
70;SCP;609720;0;0;0;0.00
70;SCP;608752;0;0;0;0.00
70;SCP;612640;0;0;0;0.00
70;SCP;614034;0;0;0;0.00
70;SCP;609382;0;0;0;0.00
70;SCP;611499;0;0;0;0.00
70;SCP;611952;0;0;0;0.00
70;SCP;610137;0;0;0;0.00
70;SCP;611421;0;0;0;0.00
70;SCP;613380;0;0;0;0.00
70;SCP;610429;0;0;0;0.00
70;SCP;607529;0;0;0;0.00
70;SCP;609844;0;0;0;0.00
70;SCP;607707;0;0;0;0.00
70;SCP;604271;0;0;0;0.00
70;SCP;605495;0;0;0;0.00
70;KAB;195;0;0;0;0.00
70;KAB;126;0;0;0;0.00
70;KAB;122;0;0;0;0.00
70;KAB;122;0;0;0;0.00
70;KAB;121;0;0;0;0.00
70;KAB;121;0;0;0;0.00
70;KAB;122;0;0;0;0.00
70;KAB;121;0;0;0;0.00
70;KAB;121;0;0;0;0.00
70;KAB;121;0;0;0;0.00
70;KAB;121;0;0;0;0.00
70;KAB;121;0;0;0;0.00
70;KAB;120;0;0;0;0.00
70;KAB;120;0;0;0;0.00
70;KAB;120;0;0;0;0.00
70;KAB;120;0;0;0;0.00
70;KAB;120;0;0;0;0.00
70;KAB;128;0;0;0;0.00
70;KAB;121;0;0;0;0.00
70;KAB;121;0;0;0;0.00
70;KAB;169;0;0;0;0.00
70;KAB;106;0;0;0;0.00
70;KAB;102;0;0;0;0.00
70;KAB;97;0;0;0;0.00
70;KAB;96;0;0;0;0.00
70;KAB;96;0;0;0;0.00
70;KAB;93;0;0;0;0.00
70;KAB;94;0;0;0;0.00
70;KAB;95;0;0;0;0.00
70;KAB;93;0;0;0;0.00
70;KAB;93;0;0;0;0.00
70;KAB;106;0;0;0;0.00
70;KAB;94;0;0;0;0.00
70;KAB;94;0;0;0;0.00
70;KAB;94;0;0;0;0.00
70;KAB;94;0;0;0;0.00
70;KAB;94;0;0;0;0.00
70;KAB;93;0;0;0;0.00
70;KAB;94;0;0;0;0.00
70;KAB;95;0;0;0;0.00
70;BFDC;129;0;0;0;0.70
70;BFDC;122;0;0;0;0.70
70;BFDC;122;0;0;0;0.70
70;BFDC;121;0;0;0;0.70
70;BFDC;121;0;0;0;0.70
70;BFDC;121;0;0;0;0.70
70;BFDC;120;0;0;0;0.70
70;BFDC;120;0;0;0;0.70
70;BFDC;121;0;0;0;0.70
70;BFDC;120;0;0;0;0.70
70;BFDC;120;0;0;0;0.70
70;BFDC;120;0;0;0;0.70
70;BFDC;120;0;0;0;0.70
70;BFDC;120;0;0;0;0.70
70;BFDC;120;0;0;0;0.70
70;BFDC;121;0;0;0;0.70
70;BFDC;121;0;0;0;0.70
70;BFDC;120;0;0;0;0.70
70;BFDC;120;0;0;0;0.70
70;BFDC;120;0;0;0;0.70
70;BFDC;192;0;0;0;1.11
70;BFDC;185;0;0;0;1.11
70;BFDC;185;0;0;0;1.11
70;BFDC;184;0;0;0;1.11
70;BFDC;184;0;0;0;1.11
70;BFDC;184;0;0;0;1.11
70;BFDC;184;0;0;0;1.11
70;BFDC;184;0;0;0;1.11
70;BFDC;184;0;0;0;1.11
70;BFDC;183;0;0;0;1.11
70;BFDC;185;0;0;0;1.11
70;BFDC;185;0;0;0;1.11
70;BFDC;184;0;0;0;1.11
70;BFDC;184;0;0;0;1.11
70;BFDC;183;0;0;0;1.11
70;BFDC;184;0;0;0;1.11
70;BFDC;184;0;0;0;1.11
70;BFDC;184;0;0;0;1.11
70;BFDC;183;0;0;0;1.11
70;BFDC;184;0;0;0;1.11
70;CRA;117;0;0;0;0.42
70;CRA;73;0;0;0;0.42
70;CRA;69;0;0;0;0.42
70;CRA;68;0;0;0;0.42
70;CRA;66;0;0;0;0.42
70;CRA;65;0;0;0;0.42
70;CRA;65;0;0;0;0.42
70;CRA;64;0;0;0;0.42
70;CRA;63;0;0;0;0.42
70;CRA;62;0;0;0;0.42
70;CRA;68;0;0;0;0.42
70;CRA;62;0;0;0;0.42
70;CRA;61;0;0;0;0.42
70;CRA;61;0;0;0;0.42
70;CRA;60;0;0;0;0.42
70;CRA;61;0;0;0;0.42
70;CRA;60;0;0;0;0.42
70;CRA;60;0;0;0;0.42
70;CRA;60;0;0;0;0.42
70;CRA;60;0;0;0;0.42
70;CRA;158;0;0;0;0.68
70;CRA;105;0;0;0;0.68
70;CRA;103;0;0;0;0.68
70;CRA;101;0;0;0;0.68
70;CRA;99;0;0;0;0.68
70;CRA;98;0;0;0;0.68
70;CRA;98;0;0;0;0.68
70;CRA;98;0;0;0;0.68
70;CRA;97;0;0;0;0.68
70;CRA;97;0;0;0;0.68
70;CRA;96;0;0;0;0.68
70;CRA;96;0;0;0;0.68
70;CRA;96;0;0;0;0.68
70;CRA;95;0;0;0;0.68
70;CRA;96;0;0;0;0.68
70;CRA;96;0;0;0;0.68
70;CRA;96;0;0;0;0.68
70;CRA;96;0;0;0;0.68
70;CRA;96;0;0;0;0.68
70;CRA;95;0;0;0;0.68
60;ULT;1736628;0;0;0;538.28
60;ULT;1736273;0;0;0;538.28
60;ULT;1735317;0;0;0;538.28
60;ULT;1737050;0;0;0;538.28
60;ULT;1735097;0;0;0;538.28
60;ULT;1736088;0;0;0;538.28
60;ULT;1735183;0;0;0;538.28
60;ULT;1735484;0;0;0;538.28
60;ULT;1735647;0;0;0;538.28
60;ULT;1735019;0;0;0;538.28
60;ULT;1734985;0;0;0;538.28
60;ULT;1735178;0;0;0;538.28
60;ULT;1735477;0;0;0;538.28
60;ULT;1736347;0;0;0;538.28
60;ULT;1735717;0;0;0;538.28
60;ULT;1778132;0;0;0;538.28
60;ULT;1793445;0;0;0;538.28
60;ULT;1804606;0;0;0;538.28
60;ULT;1809234;0;0;0;538.28
60;ULT;1804956;0;0;0;538.28
60;ULT;1720533;0;0;0;529.27
60;ULT;1724482;0;0;0;529.27
60;ULT;1723352;0;0;0;529.27
60;ULT;1725775;0;0;0;529.27
60;ULT;1704593;0;0;0;529.27
60;ULT;1704168;0;0;0;529.27
60;ULT;1704892;0;0;0;529.27
60;ULT;1704191;0;0;0;529.27
60;ULT;1703958;0;0;0;529.27
60;ULT;1703674;0;0;0;529.27
60;ULT;1703826;0;0;0;529.27
60;ULT;1703807;0;0;0;529.27
60;ULT;1703517;0;0;0;529.27
60;ULT;1704084;0;0;0;529.27
60;ULT;1704685;0;0;0;529.27
60;ULT;1704342;0;0;0;529.27
60;ULT;1703617;0;0;0;529.27
60;ULT;1704768;0;0;0;529.27
60;ULT;1705121;0;0;0;529.27
60;ULT;1705108;0;0;0;529.27
60;RULT;44;0;0;0;0.34
60;RULT;42;0;0;0;0.34
60;RULT;51;0;0;0;0.34
60;RULT;43;0;0;0;0.34
60;RULT;43;0;0;0;0.34
60;RULT;43;0;0;0;0.34
60;RULT;42;0;0;0;0.34
60;RULT;43;0;0;0;0.34
60;RULT;42;0;0;0;0.34
60;RULT;43;0;0;0;0.34
60;RULT;42;0;0;0;0.34
60;RULT;43;0;0;0;0.34
60;RULT;42;0;0;0;0.34
60;RULT;43;0;0;0;0.34
60;RULT;42;0;0;0;0.34
60;RULT;42;0;0;0;0.34
60;RULT;42;0;0;0;0.34
60;RULT;43;0;0;0;0.34
60;RULT;43;0;0;0;0.34
60;RULT;42;0;0;0;0.34
60;RULT;35;0;0;0;0.25
60;RULT;34;0;0;0;0.25
60;RULT;35;0;0;0;0.25
60;RULT;34;0;0;0;0.25
60;RULT;35;0;0;0;0.25
60;RULT;35;0;0;0;0.25
60;RULT;34;0;0;0;0.25
60;RULT;34;0;0;0;0.25
60;RULT;34;0;0;0;0.25
60;RULT;35;0;0;0;0.25
60;RULT;34;0;0;0;0.25
60;RULT;34;0;0;0;0.25
60;RULT;34;0;0;0;0.25
60;RULT;34;0;0;0;0.25
60;RULT;34;0;0;0;0.25
60;RULT;35;0;0;0;0.25
60;RULT;35;0;0;0;0.25
60;RULT;34;0;0;0;0.25
60;RULT;35;0;0;0;0.25
60;RULT;34;0;0;0;0.25
60;ILP;155255;0;0;0;0.00
60;ILP;149532;0;0;0;0.00
60;ILP;150231;0;0;0;0.00
60;ILP;152048;0;0;0;0.00
60;ILP;148860;0;0;0;0.00
60;ILP;151734;0;0;0;0.00
60;ILP;150482;0;0;0;0.00
60;ILP;149604;0;0;0;0.00
60;ILP;149949;0;0;0;0.00
60;ILP;147302;0;0;0;0.00
60;ILP;148045;0;0;0;0.00
60;ILP;148975;0;0;0;0.00
60;ILP;148365;0;0;0;0.00
60;ILP;148443;0;0;0;0.00
60;ILP;147688;0;0;0;0.00
60;ILP;148691;0;0;0;0.00
60;ILP;148701;0;0;0;0.00
60;ILP;149859;0;0;0;0.00
60;ILP;148815;0;0;0;0.00
60;ILP;149674;0;0;0;0.00
60;ILP;149663;0;0;0;0.00
60;ILP;145149;0;0;0;0.00
60;ILP;144756;0;0;0;0.00
60;ILP;150364;0;0;0;0.00
60;ILP;146982;0;0;0;0.00
60;ILP;149465;0;0;0;0.00
60;ILP;143962;0;0;0;0.00
60;ILP;147151;0;0;0;0.00
60;ILP;149476;0;0;0;0.00
60;ILP;146977;0;0;0;0.00
60;ILP;144137;0;0;0;0.00
60;ILP;144202;0;0;0;0.00
60;ILP;149868;0;0;0;0.00
60;ILP;143978;0;0;0;0.00
60;ILP;149682;0;0;0;0.00
60;ILP;149484;0;0;0;0.00
60;ILP;144115;0;0;0;0.00
60;ILP;146798;0;0;0;0.00
60;ILP;145250;0;0;0;0.00
60;ILP;143972;0;0;0;0.00
60;CP;772445;0;0;0;0.00
60;CP;727105;0;0;0;0.00
60;CP;713098;0;0;0;0.00
60;CP;720920;0;0;0;0.00
60;CP;703747;0;0;0;0.00
60;CP;688036;0;0;0;0.00
60;CP;709031;0;0;0;0.00
60;CP;689540;0;0;0;0.00
60;CP;694897;0;0;0;0.00
60;CP;691167;0;0;0;0.00
60;CP;689044;0;0;0;0.00
60;CP;709045;0;0;0;0.00
60;CP;690879;0;0;0;0.00
60;CP;696642;0;0;0;0.00
60;CP;694828;0;0;0;0.00
60;CP;689546;0;0;0;0.00
60;CP;695317;0;0;0;0.00
60;CP;681084;0;0;0;0.00
60;CP;691448;0;0;0;0.00
60;CP;713287;0;0;0;0.00
60;CP;1539526;0;0;0;0.00
60;CP;1451189;0;0;0;0.00
60;CP;1553339;0;0;0;0.00
60;CP;1539937;0;0;0;0.00
60;CP;1524067;0;0;0;0.00
60;CP;1552915;0;0;0;0.00
60;CP;1551270;0;0;0;0.00
60;CP;1536430;0;0;0;0.00
60;CP;1836994;0;0;0;0.00
60;CP;1737716;0;0;0;0.00
60;CP;1605138;0;0;0;0.00
60;CP;1526847;0;0;0;0.00
60;CP;1544600;0;0;0;0.00
60;CP;1548662;0;0;0;0.00
60;CP;1515869;0;0;0;0.00
60;CP;1531023;0;0;0;0.00
60;CP;1529253;0;0;0;0.00
60;CP;1532308;0;0;0;0.00
60;CP;1550463;0;0;0;0.00
60;CP;1547551;0;0;0;0.00
60;SCP;1056506;0;0;0;0.00
60;SCP;1076394;0;0;0;0.00
60;SCP;1055910;0;0;0;0.00
60;SCP;1060685;0;0;0;0.00
60;SCP;1058608;0;0;0;0.00
60;SCP;1061671;0;0;0;0.00
60;SCP;1058424;0;0;0;0.00
60;SCP;1058451;0;0;0;0.00
60;SCP;1058301;0;0;0;0.00
60;SCP;1060784;0;0;0;0.00
60;SCP;1068831;0;0;0;0.00
60;SCP;1065632;0;0;0;0.00
60;SCP;1057013;0;0;0;0.00
60;SCP;1061703;0;0;0;0.00
60;SCP;1059684;0;0;0;0.00
60;SCP;1060135;0;0;0;0.00
60;SCP;1059990;0;0;0;0.00
60;SCP;1060119;0;0;0;0.00
60;SCP;1065512;0;0;0;0.00
60;SCP;1063350;0;0;0;0.00
60;SCP;497054;0;0;0;0.00
60;SCP;489204;0;0;0;0.00
60;SCP;490366;0;0;0;0.00
60;SCP;490187;0;0;0;0.00
60;SCP;490311;0;0;0;0.00
60;SCP;493226;0;0;0;0.00
60;SCP;490520;0;0;0;0.00
60;SCP;494585;0;0;0;0.00
60;SCP;490773;0;0;0;0.00
60;SCP;496235;0;0;0;0.00
60;SCP;489724;0;0;0;0.00
60;SCP;491314;0;0;0;0.00
60;SCP;489576;0;0;0;0.00
60;SCP;491632;0;0;0;0.00
60;SCP;490818;0;0;0;0.00
60;SCP;490377;0;0;0;0.00
60;SCP;488118;0;0;0;0.00
60;SCP;493593;0;0;0;0.00
60;SCP;490569;0;0;0;0.00
60;SCP;490887;0;0;0;0.00
60;KAB;238;0;0;0;0.00
60;KAB;175;0;0;0;0.00
60;KAB;179;0;0;0;0.00
60;KAB;168;0;0;0;0.00
60;KAB;170;0;0;0;0.00
60;KAB;168;0;0;0;0.00
60;KAB;167;0;0;0;0.00
60;KAB;167;0;0;0;0.00
60;KAB;168;0;0;0;0.00
60;KAB;167;0;0;0;0.00
60;KAB;169;0;0;0;0.00
60;KAB;169;0;0;0;0.00
60;KAB;167;0;0;0;0.00
60;KAB;168;0;0;0;0.00
60;KAB;168;0;0;0;0.00
60;KAB;168;0;0;0;0.00
60;KAB;167;0;0;0;0.00
60;KAB;169;0;0;0;0.00
60;KAB;168;0;0;0;0.00
60;KAB;166;0;0;0;0.00
60;KAB;271;0;0;0;0.00
60;KAB;202;0;0;0;0.00
60;KAB;197;0;0;0;0.00
60;KAB;195;0;0;0;0.00
60;KAB;195;0;0;0;0.00
60;KAB;195;0;0;0;0.00
60;KAB;196;0;0;0;0.00
60;KAB;195;0;0;0;0.00
60;KAB;201;0;0;0;0.00
60;KAB;195;0;0;0;0.00
60;KAB;197;0;0;0;0.00
60;KAB;198;0;0;0;0.00
60;KAB;195;0;0;0;0.00
60;KAB;201;0;0;0;0.00
60;KAB;211;0;0;0;0.00
60;KAB;217;0;0;0;0.00
60;KAB;216;0;0;0;0.00
60;KAB;215;0;0;0;0.00
60;KAB;215;0;0;0;0.00
60;KAB;215;0;0;0;0.00
60;BFDC;101;0;0;0;0.56
60;BFDC;95;0;0;0;0.56
60;BFDC;93;0;0;0;0.56
60;BFDC;93;0;0;0;0.56
60;BFDC;93;0;0;0;0.56
60;BFDC;92;0;0;0;0.56
60;BFDC;92;0;0;0;0.56
60;BFDC;92;0;0;0;0.56
60;BFDC;92;0;0;0;0.56
60;BFDC;93;0;0;0;0.56
60;BFDC;93;0;0;0;0.56
60;BFDC;92;0;0;0;0.56
60;BFDC;92;0;0;0;0.56
60;BFDC;92;0;0;0;0.56
60;BFDC;92;0;0;0;0.56
60;BFDC;92;0;0;0;0.56
60;BFDC;92;0;0;0;0.56
60;BFDC;97;0;0;0;0.56
60;BFDC;92;0;0;0;0.56
60;BFDC;92;0;0;0;0.56
60;BFDC;75;0;0;0;0.40
60;BFDC;72;0;0;0;0.40
60;BFDC;71;0;0;0;0.40
60;BFDC;70;0;0;0;0.40
60;BFDC;70;0;0;0;0.40
60;BFDC;70;0;0;0;0.40
60;BFDC;70;0;0;0;0.40
60;BFDC;70;0;0;0;0.40
60;BFDC;70;0;0;0;0.40
60;BFDC;71;0;0;0;0.40
60;BFDC;76;0;0;0;0.40
60;BFDC;70;0;0;0;0.40
60;BFDC;70;0;0;0;0.40
60;BFDC;70;0;0;0;0.40
60;BFDC;70;0;0;0;0.40
60;BFDC;69;0;0;0;0.40
60;BFDC;70;0;0;0;0.40
60;BFDC;71;0;0;0;0.40
60;BFDC;71;0;0;0;0.40
60;BFDC;71;0;0;0;0.40
60;CRA;78;0;0;0;0.34
60;CRA;62;0;0;0;0.34
60;CRA;60;0;0;0;0.34
60;CRA;58;0;0;0;0.34
60;CRA;57;0;0;0;0.34
60;CRA;56;0;0;0;0.34
60;CRA;55;0;0;0;0.34
60;CRA;55;0;0;0;0.34
60;CRA;54;0;0;0;0.34
60;CRA;54;0;0;0;0.34
60;CRA;54;0;0;0;0.34
60;CRA;53;0;0;0;0.34
60;CRA;53;0;0;0;0.34
60;CRA;53;0;0;0;0.34
60;CRA;53;0;0;0;0.34
60;CRA;52;0;0;0;0.34
60;CRA;52;0;0;0;0.34
60;CRA;52;0;0;0;0.34
60;CRA;52;0;0;0;0.34
60;CRA;52;0;0;0;0.34
60;CRA;93;0;0;0;0.24
60;CRA;49;0;0;0;0.24
60;CRA;46;0;0;0;0.24
60;CRA;50;0;0;0;0.24
60;CRA;43;0;0;0;0.24
60;CRA;42;0;0;0;0.24
60;CRA;42;0;0;0;0.24
60;CRA;42;0;0;0;0.24
60;CRA;41;0;0;0;0.24
60;CRA;41;0;0;0;0.24
60;CRA;41;0;0;0;0.24
60;CRA;41;0;0;0;0.24
60;CRA;41;0;0;0;0.24
60;CRA;41;0;0;0;0.24
60;CRA;41;0;0;0;0.24
60;CRA;40;0;0;0;0.24
60;CRA;41;0;0;0;0.24
60;CRA;41;0;0;0;0.24
60;CRA;40;0;0;0;0.24
60;CRA;41;0;0;0;0.24
5;RULT;95;0;0;0;1.06
5;RULT;94;0;0;0;1.06
5;RULT;94;0;0;0;1.06
5;RULT;94;0;0;0;1.06
5;RULT;94;0;0;0;1.06
5;RULT;99;0;0;0;1.06
5;RULT;94;0;0;0;1.06
5;RULT;95;0;0;0;1.06
5;RULT;95;0;0;0;1.06
5;RULT;95;0;0;0;1.06
5;RULT;94;0;0;0;1.06
5;RULT;95;0;0;0;1.06
5;RULT;94;0;0;0;1.06
5;RULT;94;0;0;0;1.06
5;RULT;94;0;0;0;1.06
5;RULT;94;0;0;0;1.06
5;RULT;94;0;0;0;1.06
5;RULT;94;0;0;0;1.06
5;RULT;94;0;0;0;1.06
5;RULT;94;0;0;0;1.06
5;RULT;37;0;0;0;0.35
5;RULT;37;0;0;0;0.35
5;RULT;36;0;0;0;0.35
5;RULT;36;0;0;0;0.35
5;RULT;36;0;0;0;0.35
5;RULT;36;0;0;0;0.35
5;RULT;36;0;0;0;0.35
5;RULT;36;0;0;0;0.35
5;RULT;36;0;0;0;0.35
5;RULT;36;0;0;0;0.35
5;RULT;36;0;0;0;0.35
5;RULT;37;0;0;0;0.35
5;RULT;36;0;0;0;0.35
5;RULT;36;0;0;0;0.35
5;RULT;36;0;0;0;0.35
5;RULT;36;0;0;0;0.35
5;RULT;36;0;0;0;0.35
5;RULT;36;0;0;0;0.35
5;RULT;37;0;0;0;0.35
5;RULT;36;0;0;0;0.35
5;ILP;18184;0;0;0;0.00
5;ILP;18005;0;0;0;0.00
5;ILP;18008;0;0;0;0.00
5;ILP;18089;0;0;0;0.00
5;ILP;17998;0;0;0;0.00
5;ILP;17952;0;0;0;0.00
5;ILP;17987;0;0;0;0.00
5;ILP;17986;0;0;0;0.00
5;ILP;17913;0;0;0;0.00
5;ILP;17968;0;0;0;0.00
5;ILP;18139;0;0;0;0.00
5;ILP;18106;0;0;0;0.00
5;ILP;17932;0;0;0;0.00
5;ILP;17994;0;0;0;0.00
5;ILP;17938;0;0;0;0.00
5;ILP;17950;0;0;0;0.00
5;ILP;17977;0;0;0;0.00
5;ILP;17909;0;0;0;0.00
5;ILP;17983;0;0;0;0.00
5;ILP;18008;0;0;0;0.00
5;ILP;18083;0;0;0;0.00
5;ILP;17850;0;0;0;0.00
5;ILP;17875;0;0;0;0.00
5;ILP;17713;0;0;0;0.00
5;ILP;17812;0;0;0;0.00
5;ILP;18089;0;0;0;0.00
5;ILP;17761;0;0;0;0.00
5;ILP;17853;0;0;0;0.00
5;ILP;17849;0;0;0;0.00
5;ILP;17830;0;0;0;0.00
5;ILP;17928;0;0;0;0.00
5;ILP;17822;0;0;0;0.00
5;ILP;18533;0;0;0;0.00
5;ILP;17893;0;0;0;0.00
5;ILP;17808;0;0;0;0.00
5;ILP;17926;0;0;0;0.00
5;ILP;17866;0;0;0;0.00
5;ILP;17810;0;0;0;0.00
5;ILP;17919;0;0;0;0.00
5;ILP;17880;0;0;0;0.00
5;CP;88169;0;0;0;0.00
5;CP;82099;0;0;0;0.00
5;CP;80461;0;0;0;0.00
5;CP;79807;0;0;0;0.00
5;CP;88849;0;0;0;0.00
5;CP;88803;0;0;0;0.00
5;CP;89888;0;0;0;0.00
5;CP;88691;0;0;0;0.00
5;CP;88744;0;0;0;0.00
5;CP;88880;0;0;0;0.00
5;CP;88618;0;0;0;0.00
5;CP;88768;0;0;0;0.00
5;CP;88728;0;0;0;0.00
5;CP;88798;0;0;0;0.00
5;CP;88695;0;0;0;0.00
5;CP;88259;0;0;0;0.00
5;CP;89535;0;0;0;0.00
5;CP;88558;0;0;0;0.00
5;CP;88371;0;0;0;0.00
5;CP;88520;0;0;0;0.00
5;CP;84965;0;0;0;0.00
5;CP;85162;0;0;0;0.00
5;CP;86183;0;0;0;0.00
5;CP;85722;0;0;0;0.00
5;CP;87973;0;0;0;0.00
5;CP;88256;0;0;0;0.00
5;CP;93568;0;0;0;0.00
5;CP;87409;0;0;0;0.00
5;CP;89465;0;0;0;0.00
5;CP;91539;0;0;0;0.00
5;CP;86583;0;0;0;0.00
5;CP;90308;0;0;0;0.00
5;CP;89115;0;0;0;0.00
5;CP;87713;0;0;0;0.00
5;CP;93175;0;0;0;0.00
5;CP;88605;0;0;0;0.00
5;CP;88165;0;0;0;0.00
5;CP;94513;0;0;0;0.00
5;CP;87004;0;0;0;0.00
5;CP;89009;0;0;0;0.00
5;SCP;79252;0;0;0;0.00
5;SCP;79118;0;0;0;0.00
5;SCP;79206;0;0;0;0.00
5;SCP;79213;0;0;0;0.00
5;SCP;79139;0;0;0;0.00
5;SCP;76961;0;0;0;0.00
5;SCP;76489;0;0;0;0.00
5;SCP;78921;0;0;0;0.00
5;SCP;79072;0;0;0;0.00
5;SCP;79076;0;0;0;0.00
5;SCP;79001;0;0;0;0.00
5;SCP;79164;0;0;0;0.00
5;SCP;79001;0;0;0;0.00
5;SCP;79320;0;0;0;0.00
5;SCP;79070;0;0;0;0.00
5;SCP;79046;0;0;0;0.00
5;SCP;79160;0;0;0;0.00
5;SCP;79186;0;0;0;0.00
5;SCP;79103;0;0;0;0.00
5;SCP;79961;0;0;0;0.00
5;SCP;79144;0;0;0;0.00
5;SCP;77810;0;0;0;0.00
5;SCP;79078;0;0;0;0.00
5;SCP;77417;0;0;0;0.00
5;SCP;79252;0;0;0;0.00
5;SCP;77611;0;0;0;0.00
5;SCP;79241;0;0;0;0.00
5;SCP;78352;0;0;0;0.00
5;SCP;80046;0;0;0;0.00
5;SCP;78785;0;0;0;0.00
5;SCP;78633;0;0;0;0.00
5;SCP;79380;0;0;0;0.00
5;SCP;78474;0;0;0;0.00
5;SCP;79143;0;0;0;0.00
5;SCP;77324;0;0;0;0.00
5;SCP;79118;0;0;0;0.00
5;SCP;77183;0;0;0;0.00
5;SCP;79462;0;0;0;0.00
5;SCP;77191;0;0;0;0.00
5;SCP;77464;0;0;0;0.00
5;KAB;392;0;0;0;0.00
5;KAB;72;0;0;0;0.00
5;KAB;69;0;0;0;0.00
5;KAB;68;0;0;0;0.00
5;KAB;66;0;0;0;0.00
5;KAB;66;0;0;0;0.00
5;KAB;65;0;0;0;0.00
5;KAB;66;0;0;0;0.00
5;KAB;65;0;0;0;0.00
5;KAB;65;0;0;0;0.00
5;KAB;65;0;0;0;0.00
5;KAB;65;0;0;0;0.00
5;KAB;65;0;0;0;0.00
5;KAB;65;0;0;0;0.00
5;KAB;65;0;0;0;0.00
5;KAB;64;0;0;0;0.00
5;KAB;65;0;0;0;0.00
5;KAB;65;0;0;0;0.00
5;KAB;65;0;0;0;0.00
5;KAB;65;0;0;0;0.00
5;KAB;425;0;0;0;0.00
5;KAB;101;0;0;0;0.00
5;KAB;105;0;0;0;0.00
5;KAB;102;0;0;0;0.00
5;KAB;99;0;0;0;0.00
5;KAB;98;0;0;0;0.00
5;KAB;96;0;0;0;0.00
5;KAB;95;0;0;0;0.00
5;KAB;95;0;0;0;0.00
5;KAB;96;0;0;0;0.00
5;KAB;95;0;0;0;0.00
5;KAB;95;0;0;0;0.00
5;KAB;96;0;0;0;0.00
5;KAB;95;0;0;0;0.00
5;KAB;94;0;0;0;0.00
5;KAB;95;0;0;0;0.00
5;KAB;95;0;0;0;0.00
5;KAB;94;0;0;0;0.00
5;KAB;94;0;0;0;0.00
5;KAB;94;0;0;0;0.00
5;BFDC;203;0;0;0;1.55
5;BFDC;196;0;0;0;1.55
5;BFDC;196;0;0;0;1.55
5;BFDC;195;0;0;0;1.55
5;BFDC;195;0;0;0;1.55
5;BFDC;195;0;0;0;1.55
5;BFDC;195;0;0;0;1.55
5;BFDC;194;0;0;0;1.55
5;BFDC;195;0;0;0;1.55
5;BFDC;194;0;0;0;1.55
5;BFDC;194;0;0;0;1.55
5;BFDC;194;0;0;0;1.55
5;BFDC;194;0;0;0;1.55
5;BFDC;195;0;0;0;1.55
5;BFDC;195;0;0;0;1.55
5;BFDC;194;0;0;0;1.55
5;BFDC;195;0;0;0;1.55
5;BFDC;195;0;0;0;1.55
5;BFDC;195;0;0;0;1.55
5;BFDC;194;0;0;0;1.55
5;BFDC;70;0;0;0;0.49
5;BFDC;69;0;0;0;0.49
5;BFDC;68;0;0;0;0.49
5;BFDC;68;0;0;0;0.49
5;BFDC;68;0;0;0;0.49
5;BFDC;67;0;0;0;0.49
5;BFDC;68;0;0;0;0.49
5;BFDC;67;0;0;0;0.49
5;BFDC;67;0;0;0;0.49
5;BFDC;67;0;0;0;0.49
5;BFDC;67;0;0;0;0.49
5;BFDC;68;0;0;0;0.49
5;BFDC;68;0;0;0;0.49
5;BFDC;68;0;0;0;0.49
5;BFDC;67;0;0;0;0.49
5;BFDC;67;0;0;0;0.49
5;BFDC;67;0;0;0;0.49
5;BFDC;68;0;0;0;0.49
5;BFDC;68;0;0;0;0.49
5;BFDC;67;0;0;0;0.49
5;CRA;113;0;0;0;0.63
5;CRA;88;0;0;0;0.63
5;CRA;90;0;0;0;0.63
5;CRA;83;0;0;0;0.63
5;CRA;80;0;0;0;0.63
5;CRA;80;0;0;0;0.63
5;CRA;79;0;0;0;0.63
5;CRA;78;0;0;0;0.63
5;CRA;78;0;0;0;0.63
5;CRA;78;0;0;0;0.63
5;CRA;78;0;0;0;0.63
5;CRA;77;0;0;0;0.63
5;CRA;77;0;0;0;0.63
5;CRA;77;0;0;0;0.63
5;CRA;76;0;0;0;0.63
5;CRA;76;0;0;0;0.63
5;CRA;76;0;0;0;0.63
5;CRA;76;0;0;0;0.63
5;CRA;76;0;0;0;0.63
5;CRA;76;0;0;0;0.63
5;CRA;59;0;0;0;0.34
5;CRA;54;0;0;0;0.34
5;CRA;51;0;0;0;0.34
5;CRA;50;0;0;0;0.34
5;CRA;50;0;0;0;0.34
5;CRA;49;0;0;0;0.34
5;CRA;48;0;0;0;0.34
5;CRA;48;0;0;0;0.34
5;CRA;48;0;0;0;0.34
5;CRA;48;0;0;0;0.34
5;CRA;47;0;0;0;0.34
5;CRA;47;0;0;0;0.34
5;CRA;52;0;0;0;0.34
5;CRA;47;0;0;0;0.34
5;CRA;47;0;0;0;0.34
5;CRA;47;0;0;0;0.34
5;CRA;47;0;0;0;0.34
5;CRA;47;0;0;0;0.34
5;CRA;47;0;0;0;0.34
5;CRA;47;0;0;0;0.34
20;RULT;111;0;0;0;1.15
20;RULT;111;0;0;0;1.15
20;RULT;111;0;0;0;1.15
20;RULT;110;0;0;0;1.15
20;RULT;110;0;0;0;1.15
20;RULT;110;0;0;0;1.15
20;RULT;110;0;0;0;1.15
20;RULT;110;0;0;0;1.15
20;RULT;110;0;0;0;1.15
20;RULT;110;0;0;0;1.15
20;RULT;110;0;0;0;1.15
20;RULT;111;0;0;0;1.15
20;RULT;110;0;0;0;1.15
20;RULT;110;0;0;0;1.15
20;RULT;110;0;0;0;1.15
20;RULT;111;0;0;0;1.15
20;RULT;110;0;0;0;1.15
20;RULT;110;0;0;0;1.15
20;RULT;110;0;0;0;1.15
20;RULT;110;0;0;0;1.15
20;RULT;74;0;0;0;0.73
20;RULT;73;0;0;0;0.73
20;RULT;73;0;0;0;0.73
20;RULT;73;0;0;0;0.73
20;RULT;73;0;0;0;0.73
20;RULT;72;0;0;0;0.73
20;RULT;72;0;0;0;0.73
20;RULT;73;0;0;0;0.73
20;RULT;73;0;0;0;0.73
20;RULT;73;0;0;0;0.73
20;RULT;72;0;0;0;0.73
20;RULT;73;0;0;0;0.73
20;RULT;72;0;0;0;0.73
20;RULT;72;0;0;0;0.73
20;RULT;73;0;0;0;0.73
20;RULT;73;0;0;0;0.73
20;RULT;73;0;0;0;0.73
20;RULT;72;0;0;0;0.73
20;RULT;73;0;0;0;0.73
20;RULT;73;0;0;0;0.73
20;ILP;49033;0;0;0;0.00
20;ILP;48754;0;0;0;0.00
20;ILP;49410;0;0;0;0.00
20;ILP;50002;0;0;0;0.00
20;ILP;50260;0;0;0;0.00
20;ILP;50012;0;0;0;0.00
20;ILP;50062;0;0;0;0.00
20;ILP;50061;0;0;0;0.00
20;ILP;50023;0;0;0;0.00
20;ILP;49774;0;0;0;0.00
20;ILP;49860;0;0;0;0.00
20;ILP;49908;0;0;0;0.00
20;ILP;49888;0;0;0;0.00
20;ILP;49846;0;0;0;0.00
20;ILP;49717;0;0;0;0.00
20;ILP;49860;0;0;0;0.00
20;ILP;49823;0;0;0;0.00
20;ILP;50244;0;0;0;0.00
20;ILP;49814;0;0;0;0.00
20;ILP;49681;0;0;0;0.00
20;ILP;49129;0;0;0;0.00
20;ILP;49291;0;0;0;0.00
20;ILP;50681;0;0;0;0.00
20;ILP;50369;0;0;0;0.00
20;ILP;49824;0;0;0;0.00
20;ILP;49880;0;0;0;0.00
20;ILP;50023;0;0;0;0.00
20;ILP;50049;0;0;0;0.00
20;ILP;50724;0;0;0;0.00
20;ILP;49695;0;0;0;0.00
20;ILP;49902;0;0;0;0.00
20;ILP;50235;0;0;0;0.00
20;ILP;49782;0;0;0;0.00
20;ILP;49876;0;0;0;0.00
20;ILP;49997;0;0;0;0.00
20;ILP;50388;0;0;0;0.00
20;ILP;49947;0;0;0;0.00
20;ILP;49894;0;0;0;0.00
20;ILP;50007;0;0;0;0.00
20;ILP;49957;0;0;0;0.00
20;CP;468160;0;0;0;0.00
20;CP;483922;0;0;0;0.00
20;CP;486433;0;0;0;0.00
20;CP;487503;0;0;0;0.00
20;CP;487575;0;0;0;0.00
20;CP;451902;0;0;0;0.00
20;CP;488922;0;0;0;0.00
20;CP;486557;0;0;0;0.00
20;CP;487424;0;0;0;0.00
20;CP;447816;0;0;0;0.00
20;CP;481531;0;0;0;0.00
20;CP;484837;0;0;0;0.00
20;CP;484240;0;0;0;0.00
20;CP;483573;0;0;0;0.00
20;CP;452913;0;0;0;0.00
20;CP;483821;0;0;0;0.00
20;CP;475471;0;0;0;0.00
20;CP;472227;0;0;0;0.00
20;CP;433641;0;0;0;0.00
20;CP;467778;0;0;0;0.00
20;CP;268964;0;0;0;0.00
20;CP;253633;0;0;0;0.00
20;CP;252201;0;0;0;0.00
20;CP;249260;0;0;0;0.00
20;CP;274428;0;0;0;0.00
20;CP;251535;0;0;0;0.00
20;CP;257395;0;0;0;0.00
20;CP;264683;0;0;0;0.00
20;CP;262272;0;0;0;0.00
20;CP;255364;0;0;0;0.00
20;CP;268003;0;0;0;0.00
20;CP;255511;0;0;0;0.00
20;CP;252679;0;0;0;0.00
20;CP;277447;0;0;0;0.00
20;CP;262480;0;0;0;0.00
20;CP;251117;0;0;0;0.00
20;CP;263636;0;0;0;0.00
20;CP;264922;0;0;0;0.00
20;CP;254454;0;0;0;0.00
20;CP;265872;0;0;0;0.00
20;SCP;459119;0;0;0;0.00
20;SCP;462590;0;0;0;0.00
20;SCP;459383;0;0;0;0.00
20;SCP;457508;0;0;0;0.00
20;SCP;459202;0;0;0;0.00
20;SCP;460597;0;0;0;0.00
20;SCP;458695;0;0;0;0.00
20;SCP;460552;0;0;0;0.00
20;SCP;457798;0;0;0;0.00
20;SCP;457913;0;0;0;0.00
20;SCP;460106;0;0;0;0.00
20;SCP;463223;0;0;0;0.00
20;SCP;462565;0;0;0;0.00
20;SCP;463416;0;0;0;0.00
20;SCP;457949;0;0;0;0.00
20;SCP;461516;0;0;0;0.00
20;SCP;461919;0;0;0;0.00
20;SCP;460669;0;0;0;0.00
20;SCP;465833;0;0;0;0.00
20;SCP;460586;0;0;0;0.00
20;SCP;331528;0;0;0;0.00
20;SCP;332696;0;0;0;0.00
20;SCP;328969;0;0;0;0.00
20;SCP;329085;0;0;0;0.00
20;SCP;330397;0;0;0;0.00
20;SCP;331610;0;0;0;0.00
20;SCP;333463;0;0;0;0.00
20;SCP;331965;0;0;0;0.00
20;SCP;330477;0;0;0;0.00
20;SCP;330781;0;0;0;0.00
20;SCP;329353;0;0;0;0.00
20;SCP;328731;0;0;0;0.00
20;SCP;330243;0;0;0;0.00
20;SCP;328652;0;0;0;0.00
20;SCP;327542;0;0;0;0.00
20;SCP;329453;0;0;0;0.00
20;SCP;329533;0;0;0;0.00
20;SCP;327861;0;0;0;0.00
20;SCP;330326;0;0;0;0.00
20;SCP;328570;0;0;0;0.00
20;KAB;432;0;0;0;0.00
20;KAB;70;0;0;0;0.00
20;KAB;68;0;0;0;0.00
20;KAB;67;0;0;0;0.00
20;KAB;67;0;0;0;0.00
20;KAB;67;0;0;0;0.00
20;KAB;66;0;0;0;0.00
20;KAB;66;0;0;0;0.00
20;KAB;66;0;0;0;0.00
20;KAB;67;0;0;0;0.00
20;KAB;67;0;0;0;0.00
20;KAB;66;0;0;0;0.00
20;KAB;66;0;0;0;0.00
20;KAB;65;0;0;0;0.00
20;KAB;66;0;0;0;0.00
20;KAB;67;0;0;0;0.00
20;KAB;66;0;0;0;0.00
20;KAB;67;0;0;0;0.00
20;KAB;65;0;0;0;0.00
20;KAB;65;0;0;0;0.00
20;KAB;500;0;0;0;0.00
20;KAB;136;0;0;0;0.00
20;KAB;132;0;0;0;0.00
20;KAB;130;0;0;0;0.00
20;KAB;129;0;0;0;0.00
20;KAB;131;0;0;0;0.00
20;KAB;138;0;0;0;0.00
20;KAB;127;0;0;0;0.00
20;KAB;128;0;0;0;0.00
20;KAB;129;0;0;0;0.00
20;KAB;127;0;0;0;0.00
20;KAB;126;0;0;0;0.00
20;KAB;127;0;0;0;0.00
20;KAB;126;0;0;0;0.00
20;KAB;126;0;0;0;0.00
20;KAB;126;0;0;0;0.00
20;KAB;127;0;0;0;0.00
20;KAB;127;0;0;0;0.00
20;KAB;126;0;0;0;0.00
20;KAB;126;0;0;0;0.00
20;BFDC;38;0;0;0;0.22
20;BFDC;38;0;0;0;0.22
20;BFDC;37;0;0;0;0.22
20;BFDC;37;0;0;0;0.22
20;BFDC;37;0;0;0;0.22
20;BFDC;36;0;0;0;0.22
20;BFDC;36;0;0;0;0.22
20;BFDC;36;0;0;0;0.22
20;BFDC;36;0;0;0;0.22
20;BFDC;36;0;0;0;0.22
20;BFDC;36;0;0;0;0.22
20;BFDC;36;0;0;0;0.22
20;BFDC;36;0;0;0;0.22
20;BFDC;36;0;0;0;0.22
20;BFDC;36;0;0;0;0.22
20;BFDC;36;0;0;0;0.22
20;BFDC;36;0;0;0;0.22
20;BFDC;36;0;0;0;0.22
20;BFDC;36;0;0;0;0.22
20;BFDC;36;0;0;0;0.22
20;BFDC;151;0;0;0;1.10
20;BFDC;150;0;0;0;1.10
20;BFDC;148;0;0;0;1.10
20;BFDC;149;0;0;0;1.10
20;BFDC;149;0;0;0;1.10
20;BFDC;148;0;0;0;1.10
20;BFDC;148;0;0;0;1.10
20;BFDC;148;0;0;0;1.10
20;BFDC;148;0;0;0;1.10
20;BFDC;148;0;0;0;1.10
20;BFDC;148;0;0;0;1.10
20;BFDC;148;0;0;0;1.10
20;BFDC;148;0;0;0;1.10
20;BFDC;148;0;0;0;1.10
20;BFDC;148;0;0;0;1.10
20;BFDC;148;0;0;0;1.10
20;BFDC;148;0;0;0;1.10
20;BFDC;148;0;0;0;1.10
20;BFDC;148;0;0;0;1.10
20;BFDC;148;0;0;0;1.10
20;CRA;139;0;0;0;0.96
20;CRA;132;0;0;0;0.96
20;CRA;131;0;0;0;0.96
20;CRA;130;0;0;0;0.96
20;CRA;129;0;0;0;0.96
20;CRA;129;0;0;0;0.96
20;CRA;133;0;0;0;0.96
20;CRA;129;0;0;0;0.96
20;CRA;129;0;0;0;0.96
20;CRA;128;0;0;0;0.96
20;CRA;128;0;0;0;0.96
20;CRA;128;0;0;0;0.96
20;CRA;127;0;0;0;0.96
20;CRA;127;0;0;0;0.96
20;CRA;127;0;0;0;0.96
20;CRA;127;0;0;0;0.96
20;CRA;127;0;0;0;0.96
20;CRA;129;0;0;0;0.96
20;CRA;129;0;0;0;0.96
20;CRA;128;0;0;0;0.96
20;CRA;109;0;0;0;0.72
20;CRA;111;0;0;0;0.72
20;CRA;105;0;0;0;0.72
20;CRA;105;0;0;0;0.72
20;CRA;104;0;0;0;0.72
20;CRA;105;0;0;0;0.72
20;CRA;105;0;0;0;0.72
20;CRA;104;0;0;0;0.72
20;CRA;104;0;0;0;0.72
20;CRA;104;0;0;0;0.72
20;CRA;104;0;0;0;0.72
20;CRA;104;0;0;0;0.72
20;CRA;104;0;0;0;0.72
20;CRA;104;0;0;0;0.72
20;CRA;104;0;0;0;0.72
20;CRA;104;0;0;0;0.72
20;CRA;104;0;0;0;0.72
20;CRA;107;0;0;0;0.72
20;CRA;106;0;0;0;0.72
20;CRA;106;0;0;0;0.72
100;ULT;2000002;0;0;1;583.41
100;ULT;2000001;0;0;1;583.93
100;ULT;2000000;0;0;1;594.84
100;ULT;2000000;0;0;1;593.45
100;ULT;2000001;0;0;1;596.27
100;ULT;2000000;0;0;1;597.06
100;ULT;2000000;0;0;1;597.13
100;ULT;2000001;0;0;1;593.89
100;ULT;2000000;0;0;1;592.36
100;ULT;2000001;0;0;1;590.79
100;ULT;2000001;0;0;1;590.74
100;ULT;2000001;0;0;1;592.17
100;ULT;2000001;0;0;1;596.31
100;ULT;2000001;0;0;1;594.78
100;ULT;2000001;0;0;1;596.25
100;ULT;2000000;0;0;1;595.30
100;ULT;2000001;0;0;1;594.36
100;ULT;2000000;0;0;1;590.26
100;ULT;2000001;0;0;1;592.07
100;ULT;2000001;0;0;1;594.01
100;ULT;452416;0;0;0;140.08
100;ULT;452503;0;0;0;140.08
100;ULT;453374;0;0;0;140.08
100;ULT;453521;0;0;0;140.08
100;ULT;452302;0;0;0;140.08
100;ULT;452188;0;0;0;140.08
100;ULT;453601;0;0;0;140.08
100;ULT;453372;0;0;0;140.08
100;ULT;452451;0;0;0;140.08
100;ULT;452396;0;0;0;140.08
100;ULT;453033;0;0;0;140.08
100;ULT;452112;0;0;0;140.08
100;ULT;452570;0;0;0;140.08
100;ULT;453296;0;0;0;140.08
100;ULT;453474;0;0;0;140.08
100;ULT;452416;0;0;0;140.08
100;ULT;452126;0;0;0;140.08
100;ULT;453484;0;0;0;140.08
100;ULT;453303;0;0;0;140.08
100;ULT;452360;0;0;0;140.08
100;RULT;54;0;0;0;0.45
100;RULT;53;0;0;0;0.45
100;RULT;58;0;0;0;0.45
100;RULT;53;0;0;0;0.45
100;RULT;53;0;0;0;0.45
100;RULT;53;0;0;0;0.45
100;RULT;53;0;0;0;0.45
100;RULT;57;0;0;0;0.45
100;RULT;53;0;0;0;0.45
100;RULT;53;0;0;0;0.45
100;RULT;53;0;0;0;0.45
100;RULT;53;0;0;0;0.45
100;RULT;57;0;0;0;0.45
100;RULT;53;0;0;0;0.45
100;RULT;53;0;0;0;0.45
100;RULT;53;0;0;0;0.45
100;RULT;53;0;0;0;0.45
100;RULT;57;0;0;0;0.45
100;RULT;53;0;0;0;0.45
100;RULT;53;0;0;0;0.45
100;RULT;18;0;0;0;0.08
100;RULT;18;0;0;0;0.08
100;RULT;18;0;0;0;0.08
100;RULT;17;0;0;0;0.08
100;RULT;18;0;0;0;0.08
100;RULT;18;0;0;0;0.08
100;RULT;18;0;0;0;0.08
100;RULT;17;0;0;0;0.08
100;RULT;18;0;0;0;0.08
100;RULT;18;0;0;0;0.08
100;RULT;18;0;0;0;0.08
100;RULT;18;0;0;0;0.08
100;RULT;18;0;0;0;0.08
100;RULT;18;0;0;0;0.08
100;RULT;17;0;0;0;0.08
100;RULT;17;0;0;0;0.08
100;RULT;17;0;0;0;0.08
100;RULT;18;0;0;0;0.08
100;RULT;18;0;0;0;0.08
100;RULT;17;0;0;0;0.08
100;ILP;248756;0;0;0;0.00
100;ILP;239679;0;0;0;0.00
100;ILP;244084;0;0;0;0.00
100;ILP;238831;0;0;0;0.00
100;ILP;246149;0;0;0;0.00
100;ILP;240105;0;0;0;0.00
100;ILP;244044;0;0;0;0.00
100;ILP;241881;0;0;0;0.00
100;ILP;242851;0;0;0;0.00
100;ILP;243135;0;0;0;0.00
100;ILP;242125;0;0;0;0.00
100;ILP;243488;0;0;0;0.00
100;ILP;242723;0;0;0;0.00
100;ILP;241326;0;0;0;0.00
100;ILP;241867;0;0;0;0.00
100;ILP;242490;0;0;0;0.00
100;ILP;242644;0;0;0;0.00
100;ILP;242331;0;0;0;0.00
100;ILP;239233;0;0;0;0.00
100;ILP;243584;0;0;0;0.00
100;ILP;244511;0;0;0;0.00
100;ILP;241292;0;0;0;0.00
100;ILP;238607;0;0;0;0.00
100;ILP;236355;0;0;0;0.00
100;ILP;237768;0;0;0;0.00
100;ILP;236024;0;0;0;0.00
100;ILP;242239;0;0;0;0.00
100;ILP;236001;0;0;0;0.00
100;ILP;240205;0;0;0;0.00
100;ILP;242507;0;0;0;0.00
100;ILP;242339;0;0;0;0.00
100;ILP;241538;0;0;0;0.00
100;ILP;242096;0;0;0;0.00
100;ILP;236562;0;0;0;0.00
100;ILP;236248;0;0;0;0.00
100;ILP;236149;0;0;0;0.00
100;ILP;238503;0;0;0;0.00
100;ILP;239185;0;0;0;0.00
100;ILP;237581;0;0;0;0.00
100;ILP;242200;0;0;0;0.00
100;CP;1289954;0;0;0;0.00
100;CP;1234448;0;0;0;0.00
100;CP;1208182;0;0;0;0.00
100;CP;1186097;0;0;0;0.00
100;CP;1159952;0;0;0;0.00
100;CP;1179127;0;0;0;0.00
100;CP;1179655;0;0;0;0.00
100;CP;1185349;0;0;0;0.00
100;CP;1160578;0;0;0;0.00
100;CP;1179389;0;0;0;0.00
100;CP;1187865;0;0;0;0.00
100;CP;1185030;0;0;0;0.00
100;CP;1159439;0;0;0;0.00
100;CP;1180600;0;0;0;0.00
100;CP;1182714;0;0;0;0.00
100;CP;1180516;0;0;0;0.00
100;CP;1158481;0;0;0;0.00
100;CP;1141151;0;0;0;0.00
100;CP;1149925;0;0;0;0.00
100;CP;1134094;0;0;0;0.00
100;CP;1203512;0;0;0;0.00
100;CP;1137180;0;0;0;0.00
100;CP;1138959;0;0;0;0.00
100;CP;1140148;0;0;0;0.00
100;CP;1137309;0;0;0;0.00
100;CP;1138557;0;0;0;0.00
100;CP;1139660;0;0;0;0.00
100;CP;1138041;0;0;0;0.00
100;CP;1151510;0;0;0;0.00
100;CP;1142844;0;0;0;0.00
100;CP;1155497;0;0;0;0.00
100;CP;1138077;0;0;0;0.00
100;CP;1142373;0;0;0;0.00
100;CP;1140096;0;0;0;0.00
100;CP;1137943;0;0;0;0.00
100;CP;1139117;0;0;0;0.00
100;CP;1139567;0;0;0;0.00
100;CP;1103359;0;0;0;0.00
100;CP;1104639;0;0;0;0.00
100;CP;1107587;0;0;0;0.00
100;SCP;561629;0;0;0;0.00
100;SCP;553881;0;0;0;0.00
100;SCP;564893;0;0;0;0.00
100;SCP;556706;0;0;0;0.00
100;SCP;559636;0;0;0;0.00
100;SCP;560171;0;0;0;0.00
100;SCP;558982;0;0;0;0.00
100;SCP;559949;0;0;0;0.00
100;SCP;553713;0;0;0;0.00
100;SCP;565515;0;0;0;0.00
100;SCP;555290;0;0;0;0.00
100;SCP;556877;0;0;0;0.00
100;SCP;555908;0;0;0;0.00
100;SCP;557284;0;0;0;0.00
100;SCP;554714;0;0;0;0.00
100;SCP;559124;0;0;0;0.00
100;SCP;554408;0;0;0;0.00
100;SCP;553523;0;0;0;0.00
100;SCP;558329;0;0;0;0.00
100;SCP;553519;0;0;0;0.00
100;SCP;1505213;0;0;0;0.00
100;SCP;1435663;0;0;0;0.00
100;SCP;1496305;0;0;0;0.00
100;SCP;1411306;0;0;0;0.00
100;SCP;1494838;0;0;0;0.00
100;SCP;1502431;0;0;0;0.00
100;SCP;1505233;0;0;0;0.00
100;SCP;1415984;0;0;0;0.00
100;SCP;1417076;0;0;0;0.00
100;SCP;1500371;0;0;0;0.00
100;SCP;1501422;0;0;0;0.00
100;SCP;1507700;0;0;0;0.00
100;SCP;1503747;0;0;0;0.00
100;SCP;1493347;0;0;0;0.00
100;SCP;1492138;0;0;0;0.00
100;SCP;1515496;0;0;0;0.00
100;SCP;1499011;0;0;0;0.00
100;SCP;1496702;0;0;0;0.00
100;SCP;1516884;0;0;0;0.00
100;SCP;1512331;0;0;0;0.00
100;KAB;241;0;0;0;0.00
100;KAB;154;0;0;0;0.00
100;KAB;155;0;0;0;0.00
100;KAB;147;0;0;0;0.00
100;KAB;147;0;0;0;0.00
100;KAB;147;0;0;0;0.00
100;KAB;154;0;0;0;0.00
100;KAB;149;0;0;0;0.00
100;KAB;148;0;0;0;0.00
100;KAB;147;0;0;0;0.00
100;KAB;154;0;0;0;0.00
100;KAB;148;0;0;0;0.00
100;KAB;148;0;0;0;0.00
100;KAB;147;0;0;0;0.00
100;KAB;152;0;0;0;0.00
100;KAB;146;0;0;0;0.00
100;KAB;147;0;0;0;0.00
100;KAB;147;0;0;0;0.00
100;KAB;153;0;0;0;0.00
100;KAB;146;0;0;0;0.00
100;KAB;232;0;0;0;0.00
100;KAB;144;0;0;0;0.00
100;KAB;139;0;0;0;0.00
100;KAB;140;0;0;0;0.00
100;KAB;140;0;0;0;0.00
100;KAB;140;0;0;0;0.00
100;KAB;139;0;0;0;0.00
100;KAB;139;0;0;0;0.00
100;KAB;140;0;0;0;0.00
100;KAB;139;0;0;0;0.00
100;KAB;138;0;0;0;0.00
100;KAB;139;0;0;0;0.00
100;KAB;140;0;0;0;0.00
100;KAB;139;0;0;0;0.00
100;KAB;138;0;0;0;0.00
100;KAB;138;0;0;0;0.00
100;KAB;138;0;0;0;0.00
100;KAB;138;0;0;0;0.00
100;KAB;138;0;0;0;0.00
100;KAB;139;0;0;0;0.00
100;BFDC;109;0;0;0;0.53
100;BFDC;107;0;0;0;0.53
100;BFDC;105;0;0;0;0.53
100;BFDC;105;0;0;0;0.53
100;BFDC;105;0;0;0;0.53
100;BFDC;105;0;0;0;0.53
100;BFDC;104;0;0;0;0.53
100;BFDC;105;0;0;0;0.53
100;BFDC;105;0;0;0;0.53
100;BFDC;105;0;0;0;0.53
100;BFDC;105;0;0;0;0.53
100;BFDC;104;0;0;0;0.53
100;BFDC;105;0;0;0;0.53
100;BFDC;104;0;0;0;0.53
100;BFDC;109;0;0;0;0.53
100;BFDC;105;0;0;0;0.53
100;BFDC;104;0;0;0;0.53
100;BFDC;105;0;0;0;0.53
100;BFDC;104;0;0;0;0.53
100;BFDC;104;0;0;0;0.53
100;BFDC;35;0;0;0;0.13
100;BFDC;33;0;0;0;0.13
100;BFDC;32;0;0;0;0.13
100;BFDC;32;0;0;0;0.13
100;BFDC;32;0;0;0;0.13
100;BFDC;32;0;0;0;0.13
100;BFDC;32;0;0;0;0.13
100;BFDC;31;0;0;0;0.13
100;BFDC;31;0;0;0;0.13
100;BFDC;31;0;0;0;0.13
100;BFDC;31;0;0;0;0.13
100;BFDC;31;0;0;0;0.13
100;BFDC;31;0;0;0;0.13
100;BFDC;31;0;0;0;0.13
100;BFDC;31;0;0;0;0.13
100;BFDC;31;0;0;0;0.13
100;BFDC;31;0;0;0;0.13
100;BFDC;31;0;0;0;0.13
100;BFDC;31;0;0;0;0.13
100;BFDC;31;0;0;0;0.13
100;CRA;86;0;0;0;0.45
100;CRA;76;0;0;0;0.45
100;CRA;74;0;0;0;0.45
100;CRA;72;0;0;0;0.45
100;CRA;71;0;0;0;0.45
100;CRA;70;0;0;0;0.45
100;CRA;69;0;0;0;0.45
100;CRA;68;0;0;0;0.45
100;CRA;67;0;0;0;0.45
100;CRA;66;0;0;0;0.45
100;CRA;72;0;0;0;0.45
100;CRA;65;0;0;0;0.45
100;CRA;66;0;0;0;0.45
100;CRA;65;0;0;0;0.45
100;CRA;65;0;0;0;0.45
100;CRA;64;0;0;0;0.45
100;CRA;64;0;0;0;0.45
100;CRA;64;0;0;0;0.45
100;CRA;64;0;0;0;0.45
100;CRA;63;0;0;0;0.45
100;CRA;36;0;0;0;0.07
100;CRA;28;0;0;0;0.07
100;CRA;26;0;0;0;0.07
100;CRA;25;0;0;0;0.07
100;CRA;25;0;0;0;0.07
100;CRA;25;0;0;0;0.07
100;CRA;25;0;0;0;0.07
100;CRA;25;0;0;0;0.07
100;CRA;25;0;0;0;0.07
100;CRA;25;0;0;0;0.07
100;CRA;25;0;0;0;0.07
100;CRA;25;0;0;0;0.07
100;CRA;25;0;0;0;0.07
100;CRA;25;0;0;0;0.07
100;CRA;25;0;0;0;0.07
100;CRA;25;0;0;0;0.07
100;CRA;25;0;0;0;0.07
100;CRA;25;0;0;0;0.07
100;CRA;25;0;0;0;0.07
100;CRA;25;0;0;0;0.07
30;RULT;100;0;0;0;1.01
30;RULT;99;0;0;0;1.01
30;RULT;100;0;0;0;1.01
30;RULT;100;0;0;0;1.01
30;RULT;100;0;0;0;1.01
30;RULT;100;0;0;0;1.01
30;RULT;100;0;0;0;1.01
30;RULT;100;0;0;0;1.01
30;RULT;100;0;0;0;1.01
30;RULT;100;0;0;0;1.01
30;RULT;99;0;0;0;1.01
30;RULT;99;0;0;0;1.01
30;RULT;99;0;0;0;1.01
30;RULT;100;0;0;0;1.01
30;RULT;100;0;0;0;1.01
30;RULT;100;0;0;0;1.01
30;RULT;99;0;0;0;1.01
30;RULT;99;0;0;0;1.01
30;RULT;100;0;0;0;1.01
30;RULT;105;0;0;0;1.01
30;RULT;58;0;0;0;0.54
30;RULT;58;0;0;0;0.54
30;RULT;58;0;0;0;0.54
30;RULT;58;0;0;0;0.54
30;RULT;58;0;0;0;0.54
30;RULT;58;0;0;0;0.54
30;RULT;58;0;0;0;0.54
30;RULT;58;0;0;0;0.54
30;RULT;58;0;0;0;0.54
30;RULT;58;0;0;0;0.54
30;RULT;58;0;0;0;0.54
30;RULT;58;0;0;0;0.54
30;RULT;58;0;0;0;0.54
30;RULT;58;0;0;0;0.54
30;RULT;58;0;0;0;0.54
30;RULT;58;0;0;0;0.54
30;RULT;58;0;0;0;0.54
30;RULT;58;0;0;0;0.54
30;RULT;58;0;0;0;0.54
30;RULT;58;0;0;0;0.54
30;ILP;69986;0;0;0;0.00
30;ILP;70407;0;0;0;0.00
30;ILP;69498;0;0;0;0.00
30;ILP;69730;0;0;0;0.00
30;ILP;69541;0;0;0;0.00
30;ILP;70845;0;0;0;0.00
30;ILP;69518;0;0;0;0.00
30;ILP;69771;0;0;0;0.00
30;ILP;70328;0;0;0;0.00
30;ILP;69359;0;0;0;0.00
30;ILP;69553;0;0;0;0.00
30;ILP;70168;0;0;0;0.00
30;ILP;69536;0;0;0;0.00
30;ILP;69876;0;0;0;0.00
30;ILP;71193;0;0;0;0.00
30;ILP;70559;0;0;0;0.00
30;ILP;71622;0;0;0;0.00
30;ILP;69211;0;0;0;0.00
30;ILP;70942;0;0;0;0.00
30;ILP;69176;0;0;0;0.00
30;ILP;69529;0;0;0;0.00
30;ILP;68036;0;0;0;0.00
30;ILP;68432;0;0;0;0.00
30;ILP;69264;0;0;0;0.00
30;ILP;69346;0;0;0;0.00
30;ILP;68587;0;0;0;0.00
30;ILP;68432;0;0;0;0.00
30;ILP;69570;0;0;0;0.00
30;ILP;69154;0;0;0;0.00
30;ILP;68131;0;0;0;0.00
30;ILP;69535;0;0;0;0.00
30;ILP;69409;0;0;0;0.00
30;ILP;67859;0;0;0;0.00
30;ILP;68212;0;0;0;0.00
30;ILP;69969;0;0;0;0.00
30;ILP;69002;0;0;0;0.00
30;ILP;68436;0;0;0;0.00
30;ILP;68779;0;0;0;0.00
30;ILP;69292;0;0;0;0.00
30;ILP;71716;0;0;0;0.00
30;CP;422454;0;0;0;0.00
30;CP;373876;0;0;0;0.00
30;CP;376869;0;0;0;0.00
30;CP;371040;0;0;0;0.00
30;CP;374080;0;0;0;0.00
30;CP;371990;0;0;0;0.00
30;CP;380991;0;0;0;0.00
30;CP;374949;0;0;0;0.00
30;CP;371520;0;0;0;0.00
30;CP;374970;0;0;0;0.00
30;CP;369076;0;0;0;0.00
30;CP;369346;0;0;0;0.00
30;CP;349834;0;0;0;0.00
30;CP;351393;0;0;0;0.00
30;CP;353362;0;0;0;0.00
30;CP;354023;0;0;0;0.00
30;CP;350436;0;0;0;0.00
30;CP;351667;0;0;0;0.00
30;CP;350993;0;0;0;0.00
30;CP;351642;0;0;0;0.00
30;CP;398812;0;0;0;0.00
30;CP;360139;0;0;0;0.00
30;CP;355055;0;0;0;0.00
30;CP;350258;0;0;0;0.00
30;CP;349894;0;0;0;0.00
30;CP;352706;0;0;0;0.00
30;CP;356653;0;0;0;0.00
30;CP;355630;0;0;0;0.00
30;CP;357009;0;0;0;0.00
30;CP;354447;0;0;0;0.00
30;CP;349586;0;0;0;0.00
30;CP;349923;0;0;0;0.00
30;CP;348730;0;0;0;0.00
30;CP;343623;0;0;0;0.00
30;CP;345579;0;0;0;0.00
30;CP;347020;0;0;0;0.00
30;CP;361173;0;0;0;0.00
30;CP;370506;0;0;0;0.00
30;CP;371056;0;0;0;0.00
30;CP;370108;0;0;0;0.00
30;SCP;226252;0;0;0;0.00
30;SCP;217832;0;0;0;0.00
30;SCP;216304;0;0;0;0.00
30;SCP;216472;0;0;0;0.00
30;SCP;218689;0;0;0;0.00
30;SCP;218012;0;0;0;0.00
30;SCP;216858;0;0;0;0.00
30;SCP;217073;0;0;0;0.00
30;SCP;216594;0;0;0;0.00
30;SCP;219182;0;0;0;0.00
30;SCP;200736;0;0;0;0.00
30;SCP;199956;0;0;0;0.00
30;SCP;217241;0;0;0;0.00
30;SCP;216741;0;0;0;0.00
30;SCP;202153;0;0;0;0.00
30;SCP;201624;0;0;0;0.00
30;SCP;200496;0;0;0;0.00
30;SCP;201158;0;0;0;0.00
30;SCP;199893;0;0;0;0.00
30;SCP;202765;0;0;0;0.00
30;SCP;88628;0;0;0;0.00
30;SCP;88930;0;0;0;0.00
30;SCP;88947;0;0;0;0.00
30;SCP;89063;0;0;0;0.00
30;SCP;89004;0;0;0;0.00
30;SCP;88826;0;0;0;0.00
30;SCP;88716;0;0;0;0.00
30;SCP;87399;0;0;0;0.00
30;SCP;89078;0;0;0;0.00
30;SCP;88922;0;0;0;0.00
30;SCP;89017;0;0;0;0.00
30;SCP;89180;0;0;0;0.00
30;SCP;88996;0;0;0;0.00
30;SCP;89032;0;0;0;0.00
30;SCP;89055;0;0;0;0.00
30;SCP;89108;0;0;0;0.00
30;SCP;89187;0;0;0;0.00
30;SCP;89013;0;0;0;0.00
30;SCP;89160;0;0;0;0.00
30;SCP;89194;0;0;0;0.00
30;KAB;92;0;0;0;0.00
30;KAB;51;0;0;0;0.00
30;KAB;50;0;0;0;0.00
30;KAB;48;0;0;0;0.00
30;KAB;48;0;0;0;0.00
30;KAB;48;0;0;0;0.00
30;KAB;47;0;0;0;0.00
30;KAB;47;0;0;0;0.00
30;KAB;47;0;0;0;0.00
30;KAB;46;0;0;0;0.00
30;KAB;47;0;0;0;0.00
30;KAB;47;0;0;0;0.00
30;KAB;46;0;0;0;0.00
30;KAB;46;0;0;0;0.00
30;KAB;46;0;0;0;0.00
30;KAB;46;0;0;0;0.00
30;KAB;46;0;0;0;0.00
30;KAB;46;0;0;0;0.00
30;KAB;45;0;0;0;0.00
30;KAB;45;0;0;0;0.00
30;KAB;179;0;0;0;0.00
30;KAB;140;0;0;0;0.00
30;KAB;137;0;0;0;0.00
30;KAB;135;0;0;0;0.00
30;KAB;133;0;0;0;0.00
30;KAB;132;0;0;0;0.00
30;KAB;132;0;0;0;0.00
30;KAB;144;0;0;0;0.00
30;KAB;133;0;0;0;0.00
30;KAB;133;0;0;0;0.00
30;KAB;132;0;0;0;0.00
30;KAB;133;0;0;0;0.00
30;KAB;133;0;0;0;0.00
30;KAB;132;0;0;0;0.00
30;KAB;132;0;0;0;0.00
30;KAB;132;0;0;0;0.00
30;KAB;132;0;0;0;0.00
30;KAB;132;0;0;0;0.00
30;KAB;132;0;0;0;0.00
30;KAB;133;0;0;0;0.00
30;BFDC;223;0;0;0;1.59
30;BFDC;221;0;0;0;1.59
30;BFDC;220;0;0;0;1.59
30;BFDC;219;0;0;0;1.59
30;BFDC;218;0;0;0;1.59
30;BFDC;219;0;0;0;1.59
30;BFDC;219;0;0;0;1.59
30;BFDC;219;0;0;0;1.59
30;BFDC;219;0;0;0;1.59
30;BFDC;219;0;0;0;1.59
30;BFDC;220;0;0;0;1.59
30;BFDC;218;0;0;0;1.59
30;BFDC;218;0;0;0;1.59
30;BFDC;217;0;0;0;1.59
30;BFDC;222;0;0;0;1.59
30;BFDC;221;0;0;0;1.59
30;BFDC;219;0;0;0;1.59
30;BFDC;219;0;0;0;1.59
30;BFDC;219;0;0;0;1.59
30;BFDC;219;0;0;0;1.59
30;BFDC;125;0;0;0;0.84
30;BFDC;121;0;0;0;0.84
30;BFDC;121;0;0;0;0.84
30;BFDC;120;0;0;0;0.84
30;BFDC;120;0;0;0;0.84
30;BFDC;119;0;0;0;0.84
30;BFDC;119;0;0;0;0.84
30;BFDC;120;0;0;0;0.84
30;BFDC;120;0;0;0;0.84
30;BFDC;120;0;0;0;0.84
30;BFDC;120;0;0;0;0.84
30;BFDC;127;0;0;0;0.84
30;BFDC;120;0;0;0;0.84
30;BFDC;120;0;0;0;0.84
30;BFDC;119;0;0;0;0.84
30;BFDC;120;0;0;0;0.84
30;BFDC;120;0;0;0;0.84
30;BFDC;120;0;0;0;0.84
30;BFDC;119;0;0;0;0.84
30;BFDC;119;0;0;0;0.84
30;CRA;91;0;0;0;0.35
30;CRA;61;0;0;0;0.35
30;CRA;57;0;0;0;0.35
30;CRA;55;0;0;0;0.35
30;CRA;54;0;0;0;0.35
30;CRA;53;0;0;0;0.35
30;CRA;59;0;0;0;0.35
30;CRA;52;0;0;0;0.35
30;CRA;52;0;0;0;0.35
30;CRA;52;0;0;0;0.35
30;CRA;51;0;0;0;0.35
30;CRA;51;0;0;0;0.35
30;CRA;50;0;0;0;0.35
30;CRA;50;0;0;0;0.35
30;CRA;50;0;0;0;0.35
30;CRA;50;0;0;0;0.35
30;CRA;50;0;0;0;0.35
30;CRA;50;0;0;0;0.35
30;CRA;50;0;0;0;0.35
30;CRA;50;0;0;0;0.35
30;CRA;116;0;0;0;0.53
30;CRA;84;0;0;0;0.53
30;CRA;88;0;0;0;0.53
30;CRA;80;0;0;0;0.53
30;CRA;78;0;0;0;0.53
30;CRA;77;0;0;0;0.53
30;CRA;76;0;0;0;0.53
30;CRA;75;0;0;0;0.53
30;CRA;75;0;0;0;0.53
30;CRA;74;0;0;0;0.53
30;CRA;74;0;0;0;0.53
30;CRA;74;0;0;0;0.53
30;CRA;74;0;0;0;0.53
30;CRA;74;0;0;0;0.53
30;CRA;73;0;0;0;0.53
30;CRA;73;0;0;0;0.53
30;CRA;73;0;0;0;0.53
30;CRA;73;0;0;0;0.53
30;CRA;73;0;0;0;0.53
30;CRA;73;0;0;0;0.53
90;RULT;1647;0;0;0;5.83
90;RULT;1650;0;0;0;5.83
90;RULT;1649;0;0;0;5.83
90;RULT;1651;0;0;0;5.83
90;RULT;1645;0;0;0;5.83
90;RULT;1644;0;0;0;5.83
90;RULT;1651;0;0;0;5.83
90;RULT;1647;0;0;0;5.83
90;RULT;1648;0;0;0;5.83
90;RULT;1644;0;0;0;5.83
90;RULT;1644;0;0;0;5.83
90;RULT;1651;0;0;0;5.83
90;RULT;1644;0;0;0;5.83
90;RULT;1652;0;0;0;5.83
90;RULT;1646;0;0;0;5.83
90;RULT;1646;0;0;0;5.83
90;RULT;1725;0;0;0;5.83
90;RULT;1727;0;0;0;5.83
90;RULT;1761;0;0;0;5.83
90;RULT;1769;0;0;0;5.83
90;RULT;1788;0;0;0;6.03
90;RULT;1671;0;0;0;6.03
90;RULT;1672;0;0;0;6.03
90;RULT;1677;0;0;0;6.03
90;RULT;1672;0;0;0;6.03
90;RULT;1680;0;0;0;6.03
90;RULT;1668;0;0;0;6.03
90;RULT;1669;0;0;0;6.03
90;RULT;1678;0;0;0;6.03
90;RULT;1667;0;0;0;6.03
90;RULT;1670;0;0;0;6.03
90;RULT;1676;0;0;0;6.03
90;RULT;1672;0;0;0;6.03
90;RULT;1675;0;0;0;6.03
90;RULT;1669;0;0;0;6.03
90;RULT;1671;0;0;0;6.03
90;RULT;1678;0;0;0;6.03
90;RULT;1671;0;0;0;6.03
90;RULT;1681;0;0;0;6.03
90;RULT;1671;0;0;0;6.03
90;ILP;272582;0;0;0;0.00
90;ILP;254615;0;0;0;0.00
90;ILP;258053;0;0;0;0.00
90;ILP;257973;0;0;0;0.00
90;ILP;256726;0;0;0;0.00
90;ILP;259819;0;0;0;0.00
90;ILP;252662;0;0;0;0.00
90;ILP;261593;0;0;0;0.00
90;ILP;254493;0;0;0;0.00
90;ILP;252935;0;0;0;0.00
90;ILP;255262;0;0;0;0.00
90;ILP;256015;0;0;0;0.00
90;ILP;253341;0;0;0;0.00
90;ILP;251745;0;0;0;0.00
90;ILP;254361;0;0;0;0.00
90;ILP;254671;0;0;0;0.00
90;ILP;251749;0;0;0;0.00
90;ILP;256074;0;0;0;0.00
90;ILP;256948;0;0;0;0.00
90;ILP;253504;0;0;0;0.00
90;ILP;253460;0;0;0;0.00
90;ILP;243747;0;0;0;0.00
90;ILP;247422;0;0;0;0.00
90;ILP;245884;0;0;0;0.00
90;ILP;248527;0;0;0;0.00
90;ILP;245588;0;0;0;0.00
90;ILP;243052;0;0;0;0.00
90;ILP;245068;0;0;0;0.00
90;ILP;245900;0;0;0;0.00
90;ILP;245147;0;0;0;0.00
90;ILP;241694;0;0;0;0.00
90;ILP;245417;0;0;0;0.00
90;ILP;245102;0;0;0;0.00
90;ILP;245100;0;0;0;0.00
90;ILP;245474;0;0;0;0.00
90;ILP;241624;0;0;0;0.00
90;ILP;245423;0;0;0;0.00
90;ILP;245459;0;0;0;0.00
90;ILP;245475;0;0;0;0.00
90;ILP;243628;0;0;0;0.00
90;CP;2020356;0;0;1;0.00
90;CP;1977947;0;0;0;0.00
90;CP;2026443;0;0;1;0.00
90;CP;2025341;0;0;1;0.00
90;CP;2034626;0;0;1;0.00
90;CP;2025979;0;0;1;0.00
90;CP;2011860;0;0;1;0.00
90;CP;2017966;0;0;1;0.00
90;CP;2020668;0;0;1;0.00
90;CP;2022154;0;0;1;0.00
90;CP;2027740;0;0;1;0.00
90;CP;2027638;0;0;1;0.00
90;CP;2019217;0;0;1;0.00
90;CP;2018023;0;0;1;0.00
90;CP;2033267;0;0;1;0.00
90;CP;1956238;0;0;0;0.00
90;CP;1944452;0;0;0;0.00
90;CP;1962913;0;0;0;0.00
90;CP;1969117;0;0;0;0.00
90;CP;1936601;0;0;0;0.00
90;CP;2119206;0;0;1;0.00
90;CP;2032304;0;0;1;0.00
90;CP;2022476;0;0;1;0.00
90;CP;2024916;0;0;1;0.00
90;CP;2020352;0;0;1;0.00
90;CP;2033176;0;0;1;0.00
90;CP;2018766;0;0;1;0.00
90;CP;2019142;0;0;1;0.00
90;CP;2025648;0;0;1;0.00
90;CP;2027061;0;0;1;0.00
90;CP;2022731;0;0;1;0.00
90;CP;2025479;0;0;1;0.00
90;CP;2010834;0;0;1;0.00
90;CP;2021138;0;0;1;0.00
90;CP;2032905;0;0;1;0.00
90;CP;2021066;0;0;1;0.00
90;CP;2020165;0;0;1;0.00
90;CP;2016506;0;0;1;0.00
90;CP;2001793;0;0;0;0.00
90;CP;2018833;0;0;1;0.00
90;SCP;2011752;0;0;1;0.00
90;SCP;2011767;0;0;1;0.00
90;SCP;2023592;0;0;1;0.00
90;SCP;2017004;0;0;1;0.00
90;SCP;2012747;0;0;1;0.00
90;SCP;2018305;0;0;1;0.00
90;SCP;2017174;0;0;1;0.00
90;SCP;2010971;0;0;1;0.00
90;SCP;2014551;0;0;1;0.00
90;SCP;2018116;0;0;1;0.00
90;SCP;2025674;0;0;1;0.00
90;SCP;2009591;0;0;1;0.00
90;SCP;2009850;0;0;1;0.00
90;SCP;2019770;0;0;1;0.00
90;SCP;2011475;0;0;1;0.00
90;SCP;2017415;0;0;1;0.00
90;SCP;2019595;0;0;1;0.00
90;SCP;2012340;0;0;1;0.00
90;SCP;2016568;0;0;1;0.00
90;SCP;2008037;0;0;1;0.00
90;SCP;1901939;0;0;0;0.00
90;SCP;1821035;0;0;0;0.00
90;SCP;1820874;0;0;0;0.00
90;SCP;1838715;0;0;0;0.00
90;SCP;1820101;0;0;0;0.00
90;SCP;1826080;0;0;0;0.00
90;SCP;1820166;0;0;0;0.00
90;SCP;1822735;0;0;0;0.00
90;SCP;1829028;0;0;0;0.00
90;SCP;1819477;0;0;0;0.00
90;SCP;1830894;0;0;0;0.00
90;SCP;1824874;0;0;0;0.00
90;SCP;1822107;0;0;0;0.00
90;SCP;1823002;0;0;0;0.00
90;SCP;1812529;0;0;0;0.00
90;SCP;1819490;0;0;0;0.00
90;SCP;1826587;0;0;0;0.00
90;SCP;1809393;0;0;0;0.00
90;SCP;1818616;0;0;0;0.00
90;SCP;1824860;0;0;0;0.00
90;KAB;859567;0;0;0;0.00
90;KAB;859191;0;0;0;0.00
90;KAB;859009;0;0;0;0.00
90;KAB;859395;0;0;0;0.00
90;KAB;859651;0;0;0;0.00
90;KAB;859579;0;0;0;0.00
90;KAB;859437;0;0;0;0.00
90;KAB;859485;0;0;0;0.00
90;KAB;859911;0;0;0;0.00
90;KAB;859601;0;0;0;0.00
90;KAB;859585;0;0;0;0.00
90;KAB;859407;0;0;0;0.00
90;KAB;859305;0;0;0;0.00
90;KAB;859301;0;0;0;0.00
90;KAB;859251;0;0;0;0.00
90;KAB;859317;0;0;0;0.00
90;KAB;859582;0;0;0;0.00
90;KAB;859323;0;0;0;0.00
90;KAB;859435;0;0;0;0.00
90;KAB;859475;0;0;0;0.00
90;KAB;890014;0;0;0;0.00
90;KAB;893707;0;0;0;0.00
90;KAB;893672;0;0;0;0.00
90;KAB;893704;0;0;0;0.00
90;KAB;893536;0;0;0;0.00
90;KAB;900050;0;0;0;0.00
90;KAB;904794;0;0;0;0.00
90;KAB;904738;0;0;0;0.00
90;KAB;904717;0;0;0;0.00
90;KAB;893431;0;0;0;0.00
90;KAB;889200;0;0;0;0.00
90;KAB;893738;0;0;0;0.00
90;KAB;893842;0;0;0;0.00
90;KAB;894270;0;0;0;0.00
90;KAB;889168;0;0;0;0.00
90;KAB;893860;0;0;0;0.00
90;KAB;893813;0;0;0;0.00
90;KAB;893946;0;0;0;0.00
90;KAB;894387;0;0;0;0.00
90;KAB;889764;0;0;0;0.00
90;BFDC;492;0;0;0;2.75
90;BFDC;491;0;0;0;2.75
90;BFDC;491;0;0;0;2.75
90;BFDC;489;0;0;0;2.75
90;BFDC;490;0;0;0;2.75
90;BFDC;490;0;0;0;2.75
90;BFDC;490;0;0;0;2.75
90;BFDC;489;0;0;0;2.75
90;BFDC;491;0;0;0;2.75
90;BFDC;490;0;0;0;2.75
90;BFDC;490;0;0;0;2.75
90;BFDC;491;0;0;0;2.75
90;BFDC;496;0;0;0;2.75
90;BFDC;490;0;0;0;2.75
90;BFDC;490;0;0;0;2.75
90;BFDC;490;0;0;0;2.75
90;BFDC;491;0;0;0;2.75
90;BFDC;486;0;0;0;2.75
90;BFDC;492;0;0;0;2.75
90;BFDC;487;0;0;0;2.75
90;BFDC;577;0;0;0;3.12
90;BFDC;563;0;0;0;3.12
90;BFDC;561;0;0;0;3.12
90;BFDC;561;0;0;0;3.12
90;BFDC;561;0;0;0;3.12
90;BFDC;563;0;0;0;3.12
90;BFDC;566;0;0;0;3.12
90;BFDC;559;0;0;0;3.12
90;BFDC;559;0;0;0;3.12
90;BFDC;559;0;0;0;3.12
90;BFDC;561;0;0;0;3.12
90;BFDC;562;0;0;0;3.12
90;BFDC;560;0;0;0;3.12
90;BFDC;560;0;0;0;3.12
90;BFDC;559;0;0;0;3.12
90;BFDC;561;0;0;0;3.12
90;BFDC;561;0;0;0;3.12
90;BFDC;564;0;0;0;3.12
90;BFDC;561;0;0;0;3.12
90;BFDC;559;0;0;0;3.12
90;CRA;4122;0;0;0;12.52
90;CRA;4077;0;0;0;12.52
90;CRA;4091;0;0;0;12.52
90;CRA;4077;0;0;0;12.52
90;CRA;4086;0;0;0;12.52
90;CRA;4094;0;0;0;12.52
90;CRA;4086;0;0;0;12.52
90;CRA;4079;0;0;0;12.52
90;CRA;4083;0;0;0;12.52
90;CRA;4088;0;0;0;12.52
90;CRA;4104;0;0;0;12.52
90;CRA;4097;0;0;0;12.52
90;CRA;4094;0;0;0;12.52
90;CRA;4084;0;0;0;12.52
90;CRA;4096;0;0;0;12.52
90;CRA;4091;0;0;0;12.52
90;CRA;4091;0;0;0;12.52
90;CRA;4094;0;0;0;12.52
90;CRA;4086;0;0;0;12.52
90;CRA;4086;0;0;0;12.52
90;CRA;13050;0;0;0;33.12
90;CRA;12924;0;0;0;33.12
90;CRA;12929;0;0;0;33.12
90;CRA;12920;0;0;0;33.12
90;CRA;12930;0;0;0;33.12
90;CRA;12916;0;0;0;33.12
90;CRA;12924;0;0;0;33.12
90;CRA;12920;0;0;0;33.12
90;CRA;12908;0;0;0;33.12
90;CRA;12915;0;0;0;33.12
90;CRA;12933;0;0;0;33.12
90;CRA;12914;0;0;0;33.12
90;CRA;12922;0;0;0;33.12
90;CRA;12934;0;0;0;33.12
90;CRA;12935;0;0;0;33.12
90;CRA;12920;0;0;0;33.12
90;CRA;12923;0;0;0;33.12
90;CRA;12930;0;0;0;33.12
90;CRA;12922;0;0;0;33.12
90;CRA;12934;0;0;0;33.12
40;RULT;1508;0;0;0;5.71
40;RULT;1496;0;0;0;5.71
40;RULT;1504;0;0;0;5.71
40;RULT;1499;0;0;0;5.71
40;RULT;1507;0;0;0;5.71
40;RULT;1498;0;0;0;5.71
40;RULT;1508;0;0;0;5.71
40;RULT;1500;0;0;0;5.71
40;RULT;1499;0;0;0;5.71
40;RULT;1504;0;0;0;5.71
40;RULT;1497;0;0;0;5.71
40;RULT;1509;0;0;0;5.71
40;RULT;1498;0;0;0;5.71
40;RULT;1506;0;0;0;5.71
40;RULT;1501;0;0;0;5.71
40;RULT;1509;0;0;0;5.71
40;RULT;1498;0;0;0;5.71
40;RULT;1499;0;0;0;5.71
40;RULT;1498;0;0;0;5.71
40;RULT;1502;0;0;0;5.71
40;RULT;111;0;0;0;1.11
40;RULT;111;0;0;0;1.11
40;RULT;111;0;0;0;1.11
40;RULT;112;0;0;0;1.11
40;RULT;111;0;0;0;1.11
40;RULT;112;0;0;0;1.11
40;RULT;111;0;0;0;1.11
40;RULT;111;0;0;0;1.11
40;RULT;111;0;0;0;1.11
40;RULT;111;0;0;0;1.11
40;RULT;112;0;0;0;1.11
40;RULT;112;0;0;0;1.11
40;RULT;111;0;0;0;1.11
40;RULT;111;0;0;0;1.11
40;RULT;111;0;0;0;1.11
40;RULT;111;0;0;0;1.11
40;RULT;111;0;0;0;1.11
40;RULT;112;0;0;0;1.11
40;RULT;111;0;0;0;1.11
40;RULT;111;0;0;0;1.11
40;ILP;126358;0;0;0;0.00
40;ILP;125838;0;0;0;0.00
40;ILP;123438;0;0;0;0.00
40;ILP;125467;0;0;0;0.00
40;ILP;122222;0;0;0;0.00
40;ILP;124765;0;0;0;0.00
40;ILP;124893;0;0;0;0.00
40;ILP;124924;0;0;0;0.00
40;ILP;126745;0;0;0;0.00
40;ILP;124676;0;0;0;0.00
40;ILP;124847;0;0;0;0.00
40;ILP;125313;0;0;0;0.00
40;ILP;124608;0;0;0;0.00
40;ILP;123872;0;0;0;0.00
40;ILP;122557;0;0;0;0.00
40;ILP;124696;0;0;0;0.00
40;ILP;124910;0;0;0;0.00
40;ILP;124545;0;0;0;0.00
40;ILP;124482;0;0;0;0.00
40;ILP;122024;0;0;0;0.00
40;ILP;102606;0;0;0;0.00
40;ILP;100861;0;0;0;0.00
40;ILP;102090;0;0;0;0.00
40;ILP;99450;0;0;0;0.00
40;ILP;100966;0;0;0;0.00
40;ILP;100834;0;0;0;0.00
40;ILP;101224;0;0;0;0.00
40;ILP;101082;0;0;0;0.00
40;ILP;101953;0;0;0;0.00
40;ILP;101294;0;0;0;0.00
40;ILP;101430;0;0;0;0.00
40;ILP;101320;0;0;0;0.00
40;ILP;101624;0;0;0;0.00
40;ILP;100830;0;0;0;0.00
40;ILP;99816;0;0;0;0.00
40;ILP;100915;0;0;0;0.00
40;ILP;100992;0;0;0;0.00
40;ILP;101251;0;0;0;0.00
40;ILP;101411;0;0;0;0.00
40;ILP;101148;0;0;0;0.00
40;CP;1136327;0;0;0;0.00
40;CP;1054020;0;0;0;0.00
40;CP;1050629;0;0;0;0.00
40;CP;1051834;0;0;0;0.00
40;CP;1049645;0;0;0;0.00
40;CP;1048876;0;0;0;0.00
40;CP;1050635;0;0;0;0.00
40;CP;1047638;0;0;0;0.00
40;CP;1050100;0;0;0;0.00
40;CP;1050359;0;0;0;0.00
40;CP;1052075;0;0;0;0.00
40;CP;1051672;0;0;0;0.00
40;CP;1049425;0;0;0;0.00
40;CP;1051584;0;0;0;0.00
40;CP;1054947;0;0;0;0.00
40;CP;1006158;0;0;0;0.00
40;CP;1010275;0;0;0;0.00
40;CP;1016700;0;0;0;0.00
40;CP;1000701;0;0;0;0.00
40;CP;1004364;0;0;0;0.00
40;CP;1133461;0;0;0;0.00
40;CP;1032191;0;0;0;0.00
40;CP;1038759;0;0;0;0.00
40;CP;1035236;0;0;0;0.00
40;CP;1037616;0;0;0;0.00
40;CP;1038639;0;0;0;0.00
40;CP;1048641;0;0;0;0.00
40;CP;1049954;0;0;0;0.00
40;CP;1047878;0;0;0;0.00
40;CP;1047642;0;0;0;0.00
40;CP;1048617;0;0;0;0.00
40;CP;1052886;0;0;0;0.00
40;CP;1049419;0;0;0;0.00
40;CP;1050578;0;0;0;0.00
40;CP;1048386;0;0;0;0.00
40;CP;1049436;0;0;0;0.00
40;CP;1049467;0;0;0;0.00
40;CP;1050954;0;0;0;0.00
40;CP;1049590;0;0;0;0.00
40;CP;1049999;0;0;0;0.00
40;SCP;236668;0;0;0;0.00
40;SCP;234689;0;0;0;0.00
40;SCP;235496;0;0;0;0.00
40;SCP;238331;0;0;0;0.00
40;SCP;235502;0;0;0;0.00
40;SCP;240494;0;0;0;0.00
40;SCP;237540;0;0;0;0.00
40;SCP;237758;0;0;0;0.00
40;SCP;236007;0;0;0;0.00
40;SCP;238862;0;0;0;0.00
40;SCP;237445;0;0;0;0.00
40;SCP;238939;0;0;0;0.00
40;SCP;236369;0;0;0;0.00
40;SCP;237167;0;0;0;0.00
40;SCP;239061;0;0;0;0.00
40;SCP;238621;0;0;0;0.00
40;SCP;238342;0;0;0;0.00
40;SCP;237710;0;0;0;0.00
40;SCP;237467;0;0;0;0.00
40;SCP;237122;0;0;0;0.00
40;SCP;910546;0;0;0;0.00
40;SCP;912230;0;0;0;0.00
40;SCP;913359;0;0;0;0.00
40;SCP;915740;0;0;0;0.00
40;SCP;909111;0;0;0;0.00
40;SCP;912229;0;0;0;0.00
40;SCP;907372;0;0;0;0.00
40;SCP;905205;0;0;0;0.00
40;SCP;912295;0;0;0;0.00
40;SCP;913775;0;0;0;0.00
40;SCP;912781;0;0;0;0.00
40;SCP;912658;0;0;0;0.00
40;SCP;909781;0;0;0;0.00
40;SCP;908626;0;0;0;0.00
40;SCP;905640;0;0;0;0.00
40;SCP;911697;0;0;0;0.00
40;SCP;908244;0;0;0;0.00
40;SCP;903092;0;0;0;0.00
40;SCP;908631;0;0;0;0.00
40;SCP;909487;0;0;0;0.00
40;KAB;793309;0;0;0;0.00
40;KAB;793366;0;0;0;0.00
40;KAB;793235;0;0;0;0.00
40;KAB;793464;0;0;0;0.00
40;KAB;793394;0;0;0;0.00
40;KAB;793054;0;0;0;0.00
40;KAB;793291;0;0;0;0.00
40;KAB;793147;0;0;0;0.00
40;KAB;793306;0;0;0;0.00
40;KAB;793380;0;0;0;0.00
40;KAB;793566;0;0;0;0.00
40;KAB;793221;0;0;0;0.00
40;KAB;793210;0;0;0;0.00
40;KAB;793411;0;0;0;0.00
40;KAB;793194;0;0;0;0.00
40;KAB;795750;0;0;0;0.00
40;KAB;793221;0;0;0;0.00
40;KAB;795508;0;0;0;0.00
40;KAB;795639;0;0;0;0.00
40;KAB;795075;0;0;0;0.00
40;KAB;197;0;0;0;0.00
40;KAB;148;0;0;0;0.00
40;KAB;145;0;0;0;0.00
40;KAB;145;0;0;0;0.00
40;KAB;144;0;0;0;0.00
40;KAB;145;0;0;0;0.00
40;KAB;145;0;0;0;0.00
40;KAB;144;0;0;0;0.00
40;KAB;144;0;0;0;0.00
40;KAB;143;0;0;0;0.00
40;KAB;144;0;0;0;0.00
40;KAB;145;0;0;0;0.00
40;KAB;144;0;0;0;0.00
40;KAB;144;0;0;0;0.00
40;KAB;143;0;0;0;0.00
40;KAB;145;0;0;0;0.00
40;KAB;144;0;0;0;0.00
40;KAB;144;0;0;0;0.00
40;KAB;144;0;0;0;0.00
40;KAB;152;0;0;0;0.00
40;BFDC;535;0;0;0;3.46
40;BFDC;528;0;0;0;3.46
40;BFDC;527;0;0;0;3.46
40;BFDC;524;0;0;0;3.46
40;BFDC;524;0;0;0;3.46
40;BFDC;525;0;0;0;3.46
40;BFDC;530;0;0;0;3.46
40;BFDC;525;0;0;0;3.46
40;BFDC;526;0;0;0;3.46
40;BFDC;524;0;0;0;3.46
40;BFDC;526;0;0;0;3.46
40;BFDC;524;0;0;0;3.46
40;BFDC;535;0;0;0;3.46
40;BFDC;534;0;0;0;3.46
40;BFDC;535;0;0;0;3.46
40;BFDC;534;0;0;0;3.46
40;BFDC;534;0;0;0;3.46
40;BFDC;524;0;0;0;3.46
40;BFDC;529;0;0;0;3.46
40;BFDC;525;0;0;0;3.46
40;BFDC;263;0;0;0;1.80
40;BFDC;258;0;0;0;1.80
40;BFDC;258;0;0;0;1.80
40;BFDC;257;0;0;0;1.80
40;BFDC;258;0;0;0;1.80
40;BFDC;258;0;0;0;1.80
40;BFDC;263;0;0;0;1.80
40;BFDC;258;0;0;0;1.80
40;BFDC;258;0;0;0;1.80
40;BFDC;258;0;0;0;1.80
40;BFDC;258;0;0;0;1.80
40;BFDC;257;0;0;0;1.80
40;BFDC;258;0;0;0;1.80
40;BFDC;258;0;0;0;1.80
40;BFDC;259;0;0;0;1.80
40;BFDC;258;0;0;0;1.80
40;BFDC;265;0;0;0;1.80
40;BFDC;263;0;0;0;1.80
40;BFDC;263;0;0;0;1.80
40;BFDC;264;0;0;0;1.80
40;CRA;11769;0;0;0;30.53
40;CRA;11711;0;0;0;30.53
40;CRA;11694;0;0;0;30.53
40;CRA;11693;0;0;0;30.53
40;CRA;11729;0;0;0;30.53
40;CRA;11719;0;0;0;30.53
40;CRA;11706;0;0;0;30.53
40;CRA;11728;0;0;0;30.53
40;CRA;11702;0;0;0;30.53
40;CRA;11703;0;0;0;30.53
40;CRA;11717;0;0;0;30.53
40;CRA;11712;0;0;0;30.53
40;CRA;11703;0;0;0;30.53
40;CRA;11704;0;0;0;30.53
40;CRA;11712;0;0;0;30.53
40;CRA;11686;0;0;0;30.53
40;CRA;11718;0;0;0;30.53
40;CRA;11699;0;0;0;30.53
40;CRA;11716;0;0;0;30.53
40;CRA;11701;0;0;0;30.53
40;CRA;128;0;0;0;0.82
40;CRA;122;0;0;0;0.82
40;CRA;120;0;0;0;0.82
40;CRA;119;0;0;0;0.82
40;CRA;118;0;0;0;0.82
40;CRA;117;0;0;0;0.82
40;CRA;117;0;0;0;0.82
40;CRA;122;0;0;0;0.82
40;CRA;117;0;0;0;0.82
40;CRA;117;0;0;0;0.82
40;CRA;116;0;0;0;0.82
40;CRA;115;0;0;0;0.82
40;CRA;115;0;0;0;0.82
40;CRA;116;0;0;0;0.82
40;CRA;116;0;0;0;0.82
40;CRA;115;0;0;0;0.82
40;CRA;115;0;0;0;0.82
40;CRA;114;0;0;0;0.82
40;CRA;114;0;0;0;0.82
40;CRA;115;0;0;0;0.82
10;ULT;2000001;0;0;1;584.36
10;ULT;2000000;0;0;1;584.66
10;ULT;2000001;0;0;1;584.98
10;ULT;2000000;0;0;1;584.95
10;ULT;2000000;0;0;1;584.93
10;ULT;2000000;0;0;1;584.68
10;ULT;2000001;0;0;1;584.91
10;ULT;2000000;0;0;1;584.89
10;ULT;2000000;0;0;1;584.93
10;ULT;2000001;0;0;1;584.92
10;ULT;2000000;0;0;1;584.91
10;ULT;2000000;0;0;1;584.90
10;ULT;2000000;0;0;1;584.57
10;ULT;2000001;0;0;1;584.76
10;ULT;2000000;0;0;1;584.84
10;ULT;2000001;0;0;1;584.83
10;ULT;2000000;0;0;1;584.73
10;ULT;2000001;0;0;1;584.82
10;ULT;2000000;0;0;1;584.75
10;ULT;2000000;0;0;1;584.79
10;ULT;1306546;0;0;0;385.20
10;ULT;1294869;0;0;0;385.20
10;ULT;1291774;0;0;0;385.20
10;ULT;1306196;0;0;0;385.20
10;ULT;1295692;0;0;0;385.20
10;ULT;1287105;0;0;0;385.20
10;ULT;1306121;0;0;0;385.20
10;ULT;1296046;0;0;0;385.20
10;ULT;1291061;0;0;0;385.20
10;ULT;1303217;0;0;0;385.20
10;ULT;1298906;0;0;0;385.20
10;ULT;1292033;0;0;0;385.20
10;ULT;1302449;0;0;0;385.20
10;ULT;1307165;0;0;0;385.20
10;ULT;1293809;0;0;0;385.20
10;ULT;1294555;0;0;0;385.20
10;ULT;1305452;0;0;0;385.20
10;ULT;1295395;0;0;0;385.20
10;ULT;1286720;0;0;0;385.20
10;ULT;1304682;0;0;0;385.20
10;RULT;84;0;0;0;0.91
10;RULT;84;0;0;0;0.91
10;RULT;84;0;0;0;0.91
10;RULT;83;0;0;0;0.91
10;RULT;83;0;0;0;0.91
10;RULT;84;0;0;0;0.91
10;RULT;83;0;0;0;0.91
10;RULT;83;0;0;0;0.91
10;RULT;84;0;0;0;0.91
10;RULT;84;0;0;0;0.91
10;RULT;83;0;0;0;0.91
10;RULT;84;0;0;0;0.91
10;RULT;83;0;0;0;0.91
10;RULT;83;0;0;0;0.91
10;RULT;83;0;0;0;0.91
10;RULT;83;0;0;0;0.91
10;RULT;83;0;0;0;0.91
10;RULT;83;0;0;0;0.91
10;RULT;84;0;0;0;0.91
10;RULT;84;0;0;0;0.91
10;RULT;26;0;0;0;0.19
10;RULT;26;0;0;0;0.19
10;RULT;26;0;0;0;0.19
10;RULT;26;0;0;0;0.19
10;RULT;26;0;0;0;0.19
10;RULT;26;0;0;0;0.19
10;RULT;26;0;0;0;0.19
10;RULT;26;0;0;0;0.19
10;RULT;25;0;0;0;0.19
10;RULT;26;0;0;0;0.19
10;RULT;26;0;0;0;0.19
10;RULT;26;0;0;0;0.19
10;RULT;26;0;0;0;0.19
10;RULT;26;0;0;0;0.19
10;RULT;26;0;0;0;0.19
10;RULT;26;0;0;0;0.19
10;RULT;26;0;0;0;0.19
10;RULT;26;0;0;0;0.19
10;RULT;26;0;0;0;0.19
10;RULT;26;0;0;0;0.19
10;ILP;28570;0;0;0;0.00
10;ILP;28853;0;0;0;0.00
10;ILP;30091;0;0;0;0.00
10;ILP;28974;0;0;0;0.00
10;ILP;28340;0;0;0;0.00
10;ILP;29338;0;0;0;0.00
10;ILP;28320;0;0;0;0.00
10;ILP;28317;0;0;0;0.00
10;ILP;29084;0;0;0;0.00
10;ILP;28480;0;0;0;0.00
10;ILP;28260;0;0;0;0.00
10;ILP;28751;0;0;0;0.00
10;ILP;28349;0;0;0;0.00
10;ILP;28232;0;0;0;0.00
10;ILP;28664;0;0;0;0.00
10;ILP;28588;0;0;0;0.00
10;ILP;28678;0;0;0;0.00
10;ILP;28422;0;0;0;0.00
10;ILP;28664;0;0;0;0.00
10;ILP;28617;0;0;0;0.00
10;ILP;28815;0;0;0;0.00
10;ILP;28482;0;0;0;0.00
10;ILP;27822;0;0;0;0.00
10;ILP;28445;0;0;0;0.00
10;ILP;27854;0;0;0;0.00
10;ILP;28883;0;0;0;0.00
10;ILP;28072;0;0;0;0.00
10;ILP;28341;0;0;0;0.00
10;ILP;28331;0;0;0;0.00
10;ILP;28358;0;0;0;0.00
10;ILP;28277;0;0;0;0.00
10;ILP;28333;0;0;0;0.00
10;ILP;28380;0;0;0;0.00
10;ILP;28737;0;0;0;0.00
10;ILP;28450;0;0;0;0.00
10;ILP;28247;0;0;0;0.00
10;ILP;28344;0;0;0;0.00
10;ILP;28315;0;0;0;0.00
10;ILP;28390;0;0;0;0.00
10;ILP;28274;0;0;0;0.00
10;CP;137497;0;0;0;0.00
10;CP;140466;0;0;0;0.00
10;CP;135523;0;0;0;0.00
10;CP;142924;0;0;0;0.00
10;CP;135674;0;0;0;0.00
10;CP;141531;0;0;0;0.00
10;CP;137472;0;0;0;0.00
10;CP;137261;0;0;0;0.00
10;CP;141243;0;0;0;0.00
10;CP;136343;0;0;0;0.00
10;CP;133975;0;0;0;0.00
10;CP;134281;0;0;0;0.00
10;CP;135220;0;0;0;0.00
10;CP;132140;0;0;0;0.00
10;CP;133423;0;0;0;0.00
10;CP;133276;0;0;0;0.00
10;CP;130927;0;0;0;0.00
10;CP;134634;0;0;0;0.00
10;CP;134635;0;0;0;0.00
10;CP;132054;0;0;0;0.00
10;CP;139467;0;0;0;0.00
10;CP;140048;0;0;0;0.00
10;CP;139320;0;0;0;0.00
10;CP;138573;0;0;0;0.00
10;CP;138428;0;0;0;0.00
10;CP;138046;0;0;0;0.00
10;CP;138373;0;0;0;0.00
10;CP;138886;0;0;0;0.00
10;CP;123016;0;0;0;0.00
10;CP;119581;0;0;0;0.00
10;CP;139609;0;0;0;0.00
10;CP;139509;0;0;0;0.00
10;CP;139225;0;0;0;0.00
10;CP;139521;0;0;0;0.00
10;CP;140286;0;0;0;0.00
10;CP;139309;0;0;0;0.00
10;CP;139165;0;0;0;0.00
10;CP;139191;0;0;0;0.00
10;CP;138929;0;0;0;0.00
10;CP;139193;0;0;0;0.00
10;SCP;91709;0;0;0;0.00
10;SCP;92196;0;0;0;0.00
10;SCP;92779;0;0;0;0.00
10;SCP;90744;0;0;0;0.00
10;SCP;89410;0;0;0;0.00
10;SCP;90766;0;0;0;0.00
10;SCP;90610;0;0;0;0.00
10;SCP;91454;0;0;0;0.00
10;SCP;92111;0;0;0;0.00
10;SCP;90357;0;0;0;0.00
10;SCP;91855;0;0;0;0.00
10;SCP;91426;0;0;0;0.00
10;SCP;90882;0;0;0;0.00
10;SCP;91294;0;0;0;0.00
10;SCP;92226;0;0;0;0.00
10;SCP;90070;0;0;0;0.00
10;SCP;90251;0;0;0;0.00
10;SCP;92327;0;0;0;0.00
10;SCP;90969;0;0;0;0.00
10;SCP;91412;0;0;0;0.00
10;SCP;92295;0;0;0;0.00
10;SCP;91291;0;0;0;0.00
10;SCP;91547;0;0;0;0.00
10;SCP;91623;0;0;0;0.00
10;SCP;92755;0;0;0;0.00
10;SCP;91046;0;0;0;0.00
10;SCP;91318;0;0;0;0.00
10;SCP;91651;0;0;0;0.00
10;SCP;91502;0;0;0;0.00
10;SCP;91405;0;0;0;0.00
10;SCP;91639;0;0;0;0.00
10;SCP;92223;0;0;0;0.00
10;SCP;91633;0;0;0;0.00
10;SCP;91675;0;0;0;0.00
10;SCP;91479;0;0;0;0.00
10;SCP;92346;0;0;0;0.00
10;SCP;92348;0;0;0;0.00
10;SCP;92276;0;0;0;0.00
10;SCP;91450;0;0;0;0.00
10;SCP;91837;0;0;0;0.00
10;KAB;466;0;0;0;0.00
10;KAB;139;0;0;0;0.00
10;KAB;122;0;0;0;0.00
10;KAB;120;0;0;0;0.00
10;KAB;131;0;0;0;0.00
10;KAB;119;0;0;0;0.00
10;KAB;120;0;0;0;0.00
10;KAB;119;0;0;0;0.00
10;KAB;119;0;0;0;0.00
10;KAB;119;0;0;0;0.00
10;KAB;119;0;0;0;0.00
10;KAB;129;0;0;0;0.00
10;KAB;119;0;0;0;0.00
10;KAB;120;0;0;0;0.00
10;KAB;118;0;0;0;0.00
10;KAB;120;0;0;0;0.00
10;KAB;120;0;0;0;0.00
10;KAB;120;0;0;0;0.00
10;KAB;120;0;0;0;0.00
10;KAB;119;0;0;0;0.00
10;KAB;398;0;0;0;0.00
10;KAB;65;0;0;0;0.00
10;KAB;61;0;0;0;0.00
10;KAB;59;0;0;0;0.00
10;KAB;60;0;0;0;0.00
10;KAB;59;0;0;0;0.00
10;KAB;59;0;0;0;0.00
10;KAB;58;0;0;0;0.00
10;KAB;59;0;0;0;0.00
10;KAB;58;0;0;0;0.00
10;KAB;58;0;0;0;0.00
10;KAB;58;0;0;0;0.00
10;KAB;59;0;0;0;0.00
10;KAB;59;0;0;0;0.00
10;KAB;58;0;0;0;0.00
10;KAB;58;0;0;0;0.00
10;KAB;58;0;0;0;0.00
10;KAB;58;0;0;0;0.00
10;KAB;58;0;0;0;0.00
10;KAB;58;0;0;0;0.00
10;BFDC;63;0;0;0;0.42
10;BFDC;62;0;0;0;0.42
10;BFDC;61;0;0;0;0.42
10;BFDC;60;0;0;0;0.42
10;BFDC;60;0;0;0;0.42
10;BFDC;60;0;0;0;0.42
10;BFDC;60;0;0;0;0.42
10;BFDC;59;0;0;0;0.42
10;BFDC;60;0;0;0;0.42
10;BFDC;67;0;0;0;0.42
10;BFDC;61;0;0;0;0.42
10;BFDC;60;0;0;0;0.42
10;BFDC;61;0;0;0;0.42
10;BFDC;61;0;0;0;0.42
10;BFDC;61;0;0;0;0.42
10;BFDC;61;0;0;0;0.42
10;BFDC;61;0;0;0;0.42
10;BFDC;60;0;0;0;0.42
10;BFDC;60;0;0;0;0.42
10;BFDC;60;0;0;0;0.42
10;BFDC;45;0;0;0;0.28
10;BFDC;44;0;0;0;0.28
10;BFDC;43;0;0;0;0.28
10;BFDC;43;0;0;0;0.28
10;BFDC;42;0;0;0;0.28
10;BFDC;42;0;0;0;0.28
10;BFDC;42;0;0;0;0.28
10;BFDC;42;0;0;0;0.28
10;BFDC;42;0;0;0;0.28
10;BFDC;42;0;0;0;0.28
10;BFDC;42;0;0;0;0.28
10;BFDC;42;0;0;0;0.28
10;BFDC;42;0;0;0;0.28
10;BFDC;42;0;0;0;0.28
10;BFDC;42;0;0;0;0.28
10;BFDC;42;0;0;0;0.28
10;BFDC;42;0;0;0;0.28
10;BFDC;42;0;0;0;0.28
10;BFDC;42;0;0;0;0.28
10;BFDC;42;0;0;0;0.28
10;CRA;124;0;0;0;0.91
10;CRA;119;0;0;0;0.91
10;CRA;118;0;0;0;0.91
10;CRA;117;0;0;0;0.91
10;CRA;121;0;0;0;0.91
10;CRA;116;0;0;0;0.91
10;CRA;118;0;0;0;0.91
10;CRA;117;0;0;0;0.91
10;CRA;117;0;0;0;0.91
10;CRA;118;0;0;0;0.91
10;CRA;117;0;0;0;0.91
10;CRA;117;0;0;0;0.91
10;CRA;116;0;0;0;0.91
10;CRA;116;0;0;0;0.91
10;CRA;116;0;0;0;0.91
10;CRA;115;0;0;0;0.91
10;CRA;113;0;0;0;0.91
10;CRA;113;0;0;0;0.91
10;CRA;113;0;0;0;0.91
10;CRA;113;0;0;0;0.91
10;CRA;55;0;0;0;0.18
10;CRA;38;0;0;0;0.18
10;CRA;37;0;0;0;0.18
10;CRA;35;0;0;0;0.18
10;CRA;35;0;0;0;0.18
10;CRA;35;0;0;0;0.18
10;CRA;34;0;0;0;0.18
10;CRA;34;0;0;0;0.18
10;CRA;34;0;0;0;0.18
10;CRA;34;0;0;0;0.18
10;CRA;34;0;0;0;0.18
10;CRA;34;0;0;0;0.18
10;CRA;34;0;0;0;0.18
10;CRA;34;0;0;0;0.18
10;CRA;34;0;0;0;0.18
10;CRA;34;0;0;0;0.18
10;CRA;34;0;0;0;0.18
10;CRA;34;0;0;0;0.18
10;CRA;34;0;0;0;0.18
10;CRA;34;0;0;0;0.18
80;ULT;2000000;0;0;1;580.50
80;ULT;2000001;0;0;1;579.29
80;ULT;2000001;0;0;1;579.02
80;ULT;2000000;0;0;1;581.48
80;ULT;2000000;0;0;1;579.91
80;ULT;2000000;0;0;1;579.70
80;ULT;2000001;0;0;1;579.65
80;ULT;2000001;0;0;1;579.62
80;ULT;2000000;0;0;1;579.59
80;ULT;2000002;0;0;1;579.65
80;ULT;2000001;0;0;1;579.97
80;ULT;2000000;0;0;1;588.01
80;ULT;2000000;0;0;1;583.40
80;ULT;2000001;0;0;1;583.93
80;ULT;2000001;0;0;1;584.03
80;ULT;2000001;0;0;1;583.90
80;ULT;2000001;0;0;1;583.72
80;ULT;2000001;0;0;1;584.51
80;ULT;2000001;0;0;1;584.44
80;ULT;2000000;0;0;1;584.86
80;ULT;1908903;0;0;0;565.28
80;ULT;1879153;0;0;0;565.28
80;ULT;1847022;0;0;0;565.28
80;ULT;1848993;0;0;0;565.28
80;ULT;1853313;0;0;0;565.28
80;ULT;1848226;0;0;0;565.28
80;ULT;1848083;0;0;0;565.28
80;ULT;1834828;0;0;0;565.28
80;ULT;1935776;0;0;0;565.28
80;ULT;1942897;0;0;0;565.28
80;ULT;1950155;0;0;0;565.28
80;ULT;1963571;0;0;0;565.28
80;ULT;1901699;0;0;0;565.28
80;ULT;1888605;0;0;0;565.28
80;ULT;1848375;0;0;0;565.28
80;ULT;1849343;0;0;0;565.28
80;ULT;1847843;0;0;0;565.28
80;ULT;1851477;0;0;0;565.28
80;ULT;1848008;0;0;0;565.28
80;ULT;1841670;0;0;0;565.28
80;RULT;1721;0;0;0;5.71
80;RULT;1621;0;0;0;5.71
80;RULT;1624;0;0;0;5.71
80;RULT;1619;0;0;0;5.71
80;RULT;1623;0;0;0;5.71
80;RULT;1624;0;0;0;5.71
80;RULT;1620;0;0;0;5.71
80;RULT;1627;0;0;0;5.71
80;RULT;1620;0;0;0;5.71
80;RULT;1627;0;0;0;5.71
80;RULT;1619;0;0;0;5.71
80;RULT;1620;0;0;0;5.71
80;RULT;1625;0;0;0;5.71
80;RULT;1618;0;0;0;5.71
80;RULT;1624;0;0;0;5.71
80;RULT;1623;0;0;0;5.71
80;RULT;1620;0;0;0;5.71
80;RULT;1623;0;0;0;5.71
80;RULT;1621;0;0;0;5.71
80;RULT;1627;0;0;0;5.71
80;RULT;35;0;0;0;0.27
80;RULT;34;0;0;0;0.27
80;RULT;35;0;0;0;0.27
80;RULT;34;0;0;0;0.27
80;RULT;35;0;0;0;0.27
80;RULT;34;0;0;0;0.27
80;RULT;34;0;0;0;0.27
80;RULT;34;0;0;0;0.27
80;RULT;35;0;0;0;0.27
80;RULT;35;0;0;0;0.27
80;RULT;35;0;0;0;0.27
80;RULT;34;0;0;0;0.27
80;RULT;34;0;0;0;0.27
80;RULT;34;0;0;0;0.27
80;RULT;35;0;0;0;0.27
80;RULT;35;0;0;0;0.27
80;RULT;34;0;0;0;0.27
80;RULT;34;0;0;0;0.27
80;RULT;35;0;0;0;0.27
80;RULT;35;0;0;0;0.27
80;ILP;234422;0;0;0;0.00
80;ILP;222508;0;0;0;0.00
80;ILP;222432;0;0;0;0.00
80;ILP;222476;0;0;0;0.00
80;ILP;221703;0;0;0;0.00
80;ILP;222972;0;0;0;0.00
80;ILP;222658;0;0;0;0.00
80;ILP;223278;0;0;0;0.00
80;ILP;222383;0;0;0;0.00
80;ILP;221512;0;0;0;0.00
80;ILP;222485;0;0;0;0.00
80;ILP;223677;0;0;0;0.00
80;ILP;222354;0;0;0;0.00
80;ILP;222477;0;0;0;0.00
80;ILP;215689;0;0;0;0.00
80;ILP;222596;0;0;0;0.00
80;ILP;222505;0;0;0;0.00
80;ILP;222210;0;0;0;0.00
80;ILP;225537;0;0;0;0.00
80;ILP;216367;0;0;0;0.00
80;ILP;203228;0;0;0;0.00
80;ILP;193968;0;0;0;0.00
80;ILP;192767;0;0;0;0.00
80;ILP;187763;0;0;0;0.00
80;ILP;192502;0;0;0;0.00
80;ILP;193382;0;0;0;0.00
80;ILP;192210;0;0;0;0.00
80;ILP;193010;0;0;0;0.00
80;ILP;192150;0;0;0;0.00
80;ILP;196504;0;0;0;0.00
80;ILP;193005;0;0;0;0.00
80;ILP;192285;0;0;0;0.00
80;ILP;193090;0;0;0;0.00
80;ILP;192432;0;0;0;0.00
80;ILP;189195;0;0;0;0.00
80;ILP;192920;0;0;0;0.00
80;ILP;193398;0;0;0;0.00
80;ILP;192869;0;0;0;0.00
80;ILP;192100;0;0;0;0.00
80;ILP;192016;0;0;0;0.00
80;CP;1980508;0;0;0;0.00
80;CP;1879737;0;0;0;0.00
80;CP;1862018;0;0;0;0.00
80;CP;1857108;0;0;0;0.00
80;CP;1866993;0;0;0;0.00
80;CP;1869569;0;0;0;0.00
80;CP;2266141;0;0;1;0.00
80;CP;1949576;0;0;0;0.00
80;CP;1865050;0;0;0;0.00
80;CP;1859875;0;0;0;0.00
80;CP;1867702;0;0;0;0.00
80;CP;1857809;0;0;0;0.00
80;CP;1877772;0;0;0;0.00
80;CP;1870562;0;0;0;0.00
80;CP;1859255;0;0;0;0.00
80;CP;1870595;0;0;0;0.00
80;CP;1868338;0;0;0;0.00
80;CP;1876080;0;0;0;0.00
80;CP;1864769;0;0;0;0.00
80;CP;1880233;0;0;0;0.00
80;CP;1020062;0;0;0;0.00
80;CP;972479;0;0;0;0.00
80;CP;967746;0;0;0;0.00
80;CP;976177;0;0;0;0.00
80;CP;963656;0;0;0;0.00
80;CP;975575;0;0;0;0.00
80;CP;962491;0;0;0;0.00
80;CP;975187;0;0;0;0.00
80;CP;959113;0;0;0;0.00
80;CP;975568;0;0;0;0.00
80;CP;959375;0;0;0;0.00
80;CP;975941;0;0;0;0.00
80;CP;959007;0;0;0;0.00
80;CP;976511;0;0;0;0.00
80;CP;961816;0;0;0;0.00
80;CP;976468;0;0;0;0.00
80;CP;955179;0;0;0;0.00
80;CP;963701;0;0;0;0.00
80;CP;962299;0;0;0;0.00
80;CP;955231;0;0;0;0.00
80;SCP;1499060;0;0;0;0.00
80;SCP;1504832;0;0;0;0.00
80;SCP;1497904;0;0;0;0.00
80;SCP;1498008;0;0;0;0.00
80;SCP;1498396;0;0;0;0.00
80;SCP;1497833;0;0;0;0.00
80;SCP;1498886;0;0;0;0.00
80;SCP;1490032;0;0;0;0.00
80;SCP;1486498;0;0;0;0.00
80;SCP;1490170;0;0;0;0.00
80;SCP;1489660;0;0;0;0.00
80;SCP;1489814;0;0;0;0.00
80;SCP;1488259;0;0;0;0.00
80;SCP;1504535;0;0;0;0.00
80;SCP;1490456;0;0;0;0.00
80;SCP;1493573;0;0;0;0.00
80;SCP;1489198;0;0;0;0.00
80;SCP;1489999;0;0;0;0.00
80;SCP;1501958;0;0;0;0.00
80;SCP;1489026;0;0;0;0.00
80;SCP;401206;0;0;0;0.00
80;SCP;373393;0;0;0;0.00
80;SCP;372696;0;0;0;0.00
80;SCP;374029;0;0;0;0.00
80;SCP;373666;0;0;0;0.00
80;SCP;373160;0;0;0;0.00
80;SCP;373404;0;0;0;0.00
80;SCP;372317;0;0;0;0.00
80;SCP;372456;0;0;0;0.00
80;SCP;375170;0;0;0;0.00
80;SCP;374108;0;0;0;0.00
80;SCP;375766;0;0;0;0.00
80;SCP;372799;0;0;0;0.00
80;SCP;373160;0;0;0;0.00
80;SCP;372925;0;0;0;0.00
80;SCP;372252;0;0;0;0.00
80;SCP;372007;0;0;0;0.00
80;SCP;374613;0;0;0;0.00
80;SCP;375220;0;0;0;0.00
80;SCP;374282;0;0;0;0.00
80;KAB;934652;0;0;0;0.00
80;KAB;933508;0;0;0;0.00
80;KAB;933988;0;0;0;0.00
80;KAB;933718;0;0;0;0.00
80;KAB;938173;0;0;0;0.00
80;KAB;933660;0;0;0;0.00
80;KAB;933449;0;0;0;0.00
80;KAB;933511;0;0;0;0.00
80;KAB;933320;0;0;0;0.00
80;KAB;933784;0;0;0;0.00
80;KAB;933435;0;0;0;0.00
80;KAB;934011;0;0;0;0.00
80;KAB;933724;0;0;0;0.00
80;KAB;933882;0;0;0;0.00
80;KAB;933674;0;0;0;0.00
80;KAB;934043;0;0;0;0.00
80;KAB;933641;0;0;0;0.00
80;KAB;933606;0;0;0;0.00
80;KAB;933880;0;0;0;0.00
80;KAB;933860;0;0;0;0.00
80;KAB;255;0;0;0;0.00
80;KAB;178;0;0;0;0.00
80;KAB;174;0;0;0;0.00
80;KAB;171;0;0;0;0.00
80;KAB;172;0;0;0;0.00
80;KAB;170;0;0;0;0.00
80;KAB;171;0;0;0;0.00
80;KAB;170;0;0;0;0.00
80;KAB;172;0;0;0;0.00
80;KAB;171;0;0;0;0.00
80;KAB;171;0;0;0;0.00
80;KAB;169;0;0;0;0.00
80;KAB;170;0;0;0;0.00
80;KAB;170;0;0;0;0.00
80;KAB;171;0;0;0;0.00
80;KAB;171;0;0;0;0.00
80;KAB;173;0;0;0;0.00
80;KAB;170;0;0;0;0.00
80;KAB;181;0;0;0;0.00
80;KAB;171;0;0;0;0.00
80;BFDC;464;0;0;0;2.70
80;BFDC;457;0;0;0;2.70
80;BFDC;456;0;0;0;2.70
80;BFDC;460;0;0;0;2.70
80;BFDC;457;0;0;0;2.70
80;BFDC;456;0;0;0;2.70
80;BFDC;457;0;0;0;2.70
80;BFDC;457;0;0;0;2.70
80;BFDC;459;0;0;0;2.70
80;BFDC;457;0;0;0;2.70
80;BFDC;456;0;0;0;2.70
80;BFDC;458;0;0;0;2.70
80;BFDC;456;0;0;0;2.70
80;BFDC;458;0;0;0;2.70
80;BFDC;457;0;0;0;2.70
80;BFDC;456;0;0;0;2.70
80;BFDC;462;0;0;0;2.70
80;BFDC;457;0;0;0;2.70
80;BFDC;457;0;0;0;2.70
80;BFDC;456;0;0;0;2.70
80;BFDC;91;0;0;0;0.42
80;BFDC;86;0;0;0;0.42
80;BFDC;84;0;0;0;0.42
80;BFDC;84;0;0;0;0.42
80;BFDC;84;0;0;0;0.42
80;BFDC;83;0;0;0;0.42
80;BFDC;83;0;0;0;0.42
80;BFDC;82;0;0;0;0.42
80;BFDC;83;0;0;0;0.42
80;BFDC;82;0;0;0;0.42
80;BFDC;82;0;0;0;0.42
80;BFDC;82;0;0;0;0.42
80;BFDC;82;0;0;0;0.42
80;BFDC;84;0;0;0;0.42
80;BFDC;83;0;0;0;0.42
80;BFDC;83;0;0;0;0.42
80;BFDC;83;0;0;0;0.42
80;BFDC;84;0;0;0;0.42
80;BFDC;84;0;0;0;0.42
80;BFDC;83;0;0;0;0.42
80;CRA;28253;0;0;0;69.62
80;CRA;28057;0;0;0;69.62
80;CRA;28043;0;0;0;69.62
80;CRA;28032;0;0;0;69.62
80;CRA;28069;0;0;0;69.62
80;CRA;28045;0;0;0;69.62
80;CRA;28042;0;0;0;69.62
80;CRA;28077;0;0;0;69.62
80;CRA;28067;0;0;0;69.62
80;CRA;28051;0;0;0;69.62
80;CRA;28064;0;0;0;69.62
80;CRA;28046;0;0;0;69.62
80;CRA;28046;0;0;0;69.62
80;CRA;28028;0;0;0;69.62
80;CRA;28045;0;0;0;69.62
80;CRA;28062;0;0;0;69.62
80;CRA;28057;0;0;0;69.62
80;CRA;28044;0;0;0;69.62
80;CRA;28039;0;0;0;69.62
80;CRA;28050;0;0;0;69.62
80;CRA;118;0;0;0;0.26
80;CRA;51;0;0;0;0.26
80;CRA;48;0;0;0;0.26
80;CRA;46;0;0;0;0.26
80;CRA;45;0;0;0;0.26
80;CRA;45;0;0;0;0.26
80;CRA;44;0;0;0;0.26
80;CRA;45;0;0;0;0.26
80;CRA;44;0;0;0;0.26
80;CRA;43;0;0;0;0.26
80;CRA;44;0;0;0;0.26
80;CRA;44;0;0;0;0.26
80;CRA;44;0;0;0;0.26
80;CRA;44;0;0;0;0.26
80;CRA;44;0;0;0;0.26
80;CRA;44;0;0;0;0.26
80;CRA;43;0;0;0;0.26
80;CRA;43;0;0;0;0.26
80;CRA;43;0;0;0;0.26
80;CRA;43;0;0;0;0.26
