Size;Method;Time;Status;Solution;Timeout;Scans
801;ULT;1307255;1;1;0;2422.99
801;ULT;1309231;1;1;0;2422.99
801;ULT;1306570;1;1;0;2422.99
801;ULT;1296183;1;1;0;2422.99
801;ULT;1302243;1;1;0;2422.99
801;ULT;1295765;1;1;0;2422.99
801;ULT;1297554;1;1;0;2422.99
801;ULT;1299045;1;1;0;2422.99
801;ULT;1301689;1;1;0;2422.99
801;ULT;1302409;1;1;0;2422.99
801;ULT;1295088;1;1;0;2422.99
801;ULT;1300867;1;1;0;2422.99
801;ULT;1303143;1;1;0;2422.99
801;ULT;1296344;1;1;0;2422.99
801;ULT;1295301;1;1;0;2422.99
801;ULT;1305229;1;1;0;2422.99
801;ULT;1298659;1;1;0;2422.99
801;ULT;1300889;1;1;0;2422.99
801;ULT;1298284;1;1;0;2422.99
801;ULT;1295086;1;1;0;2422.99
801;ULT;1303742;1;1;0;2423.02
801;ULT;1303509;1;1;0;2423.02
801;ULT;1295509;1;1;0;2423.02
801;ULT;1299636;1;1;0;2423.02
801;ULT;1298350;1;1;0;2423.02
801;ULT;1296329;1;1;0;2423.02
801;ULT;1299632;1;1;0;2423.02
801;ULT;1298606;1;1;0;2423.02
801;ULT;1295939;1;1;0;2423.02
801;ULT;1300504;1;1;0;2423.02
801;ULT;1301044;1;1;0;2423.02
801;ULT;1297504;1;1;0;2423.02
801;ULT;1299405;1;1;0;2423.02
801;ULT;1295459;1;1;0;2423.02
801;ULT;1299046;1;1;0;2423.02
801;ULT;1298788;1;1;0;2423.02
801;ULT;1295827;1;1;0;2423.02
801;ULT;1295651;1;1;0;2423.02
801;ULT;1295639;1;1;0;2423.02
801;ULT;1300287;1;1;0;2423.02
801;ULT;1295286;1;1;0;2423.01
801;ULT;1295012;1;1;0;2423.01
801;ULT;1295188;1;1;0;2423.01
801;ULT;1299257;1;1;0;2423.01
801;ULT;1295325;1;1;0;2423.01
801;ULT;1295127;1;1;0;2423.01
801;ULT;1299032;1;1;0;2423.01
801;ULT;1295770;1;1;0;2423.01
801;ULT;1295671;1;1;0;2423.01
801;ULT;1297662;1;1;0;2423.01
801;ULT;1295752;1;1;0;2423.01
801;ULT;1295249;1;1;0;2423.01
801;ULT;1295175;1;1;0;2423.01
801;ULT;1295352;1;1;0;2423.01
801;ULT;1298558;1;1;0;2423.01
801;ULT;1295140;1;1;0;2423.01
801;ULT;1299182;1;1;0;2423.01
801;ULT;1295115;1;1;0;2423.01
801;ULT;1299267;1;1;0;2423.01
801;ULT;1295113;1;1;0;2423.01
801;RULT;815;1;1;0;7.45
801;RULT;815;1;1;0;7.45
801;RULT;814;1;1;0;7.45
801;RULT;817;1;1;0;7.45
801;RULT;815;1;1;0;7.45
801;RULT;818;1;1;0;7.45
801;RULT;820;1;1;0;7.45
801;RULT;816;1;1;0;7.45
801;RULT;817;1;1;0;7.45
801;RULT;815;1;1;0;7.45
801;RULT;813;1;1;0;7.45
801;RULT;816;1;1;0;7.45
801;RULT;814;1;1;0;7.45
801;RULT;819;1;1;0;7.45
801;RULT;816;1;1;0;7.45
801;RULT;815;1;1;0;7.45
801;RULT;817;1;1;0;7.45
801;RULT;819;1;1;0;7.45
801;RULT;815;1;1;0;7.45
801;RULT;818;1;1;0;7.45
801;RULT;760;1;1;0;6.50
801;RULT;760;1;1;0;6.50
801;RULT;761;1;1;0;6.50
801;RULT;761;1;1;0;6.50
801;RULT;758;1;1;0;6.50
801;RULT;759;1;1;0;6.50
801;RULT;759;1;1;0;6.50
801;RULT;761;1;1;0;6.50
801;RULT;759;1;1;0;6.50
801;RULT;763;1;1;0;6.50
801;RULT;765;1;1;0;6.50
801;RULT;761;1;1;0;6.50
801;RULT;760;1;1;0;6.50
801;RULT;760;1;1;0;6.50
801;RULT;766;1;1;0;6.50
801;RULT;759;1;1;0;6.50
801;RULT;759;1;1;0;6.50
801;RULT;761;1;1;0;6.50
801;RULT;764;1;1;0;6.50
801;RULT;756;1;1;0;6.50
801;RULT;795;1;1;0;6.99
801;RULT;801;1;1;0;6.99
801;RULT;795;1;1;0;6.99
801;RULT;792;1;1;0;6.99
801;RULT;792;1;1;0;6.99
801;RULT;797;1;1;0;6.99
801;RULT;793;1;1;0;6.99
801;RULT;791;1;1;0;6.99
801;RULT;793;1;1;0;6.99
801;RULT;795;1;1;0;6.99
801;RULT;792;1;1;0;6.99
801;RULT;794;1;1;0;6.99
801;RULT;796;1;1;0;6.99
801;RULT;791;1;1;0;6.99
801;RULT;792;1;1;0;6.99
801;RULT;793;1;1;0;6.99
801;RULT;797;1;1;0;6.99
801;RULT;794;1;1;0;6.99
801;RULT;795;1;1;0;6.99
801;RULT;793;1;1;0;6.99
801;ILP;37193;1;1;0;0.00
801;ILP;37243;1;1;0;0.00
801;ILP;36952;1;1;0;0.00
801;ILP;37262;1;1;0;0.00
801;ILP;37269;1;1;0;0.00
801;ILP;37098;1;1;0;0.00
801;ILP;36787;1;1;0;0.00
801;ILP;36844;1;1;0;0.00
801;ILP;37477;1;1;0;0.00
801;ILP;36608;1;1;0;0.00
801;ILP;36719;1;1;0;0.00
801;ILP;37127;1;1;0;0.00
801;ILP;37103;1;1;0;0.00
801;ILP;37358;1;1;0;0.00
801;ILP;36965;1;1;0;0.00
801;ILP;36803;1;1;0;0.00
801;ILP;36789;1;1;0;0.00
801;ILP;37147;1;1;0;0.00
801;ILP;36871;1;1;0;0.00
801;ILP;37081;1;1;0;0.00
801;ILP;36501;1;1;0;0.00
801;ILP;35642;1;1;0;0.00
801;ILP;35288;1;1;0;0.00
801;ILP;35507;1;1;0;0.00
801;ILP;35897;1;1;0;0.00
801;ILP;35584;1;1;0;0.00
801;ILP;35715;1;1;0;0.00
801;ILP;35532;1;1;0;0.00
801;ILP;35941;1;1;0;0.00
801;ILP;35631;1;1;0;0.00
801;ILP;35784;1;1;0;0.00
801;ILP;35628;1;1;0;0.00
801;ILP;35529;1;1;0;0.00
801;ILP;35453;1;1;0;0.00
801;ILP;35885;1;1;0;0.00
801;ILP;35919;1;1;0;0.00
801;ILP;35617;1;1;0;0.00
801;ILP;35636;1;1;0;0.00
801;ILP;35907;1;1;0;0.00
801;ILP;35210;1;1;0;0.00
801;ILP;43810;1;1;0;0.00
801;ILP;41447;1;1;0;0.00
801;ILP;42143;1;1;0;0.00
801;ILP;41804;1;1;0;0.00
801;ILP;41752;1;1;0;0.00
801;ILP;42174;1;1;0;0.00
801;ILP;42009;1;1;0;0.00
801;ILP;41938;1;1;0;0.00
801;ILP;41926;1;1;0;0.00
801;ILP;41842;1;1;0;0.00
801;ILP;42131;1;1;0;0.00
801;ILP;41591;1;1;0;0.00
801;ILP;41805;1;1;0;0.00
801;ILP;41919;1;1;0;0.00
801;ILP;41917;1;1;0;0.00
801;ILP;41981;1;1;0;0.00
801;ILP;41989;1;1;0;0.00
801;ILP;42202;1;1;0;0.00
801;ILP;41527;1;1;0;0.00
801;ILP;42106;1;1;0;0.00
801;CP;144267;1;1;0;0.00
801;CP;139358;1;1;0;0.00
801;CP;140391;1;1;0;0.00
801;CP;139699;1;1;0;0.00
801;CP;140167;1;1;0;0.00
801;CP;139695;1;1;0;0.00
801;CP;139727;1;1;0;0.00
801;CP;141003;1;1;0;0.00
801;CP;139252;1;1;0;0.00
801;CP;139473;1;1;0;0.00
801;CP;141152;1;1;0;0.00
801;CP;139845;1;1;0;0.00
801;CP;139856;1;1;0;0.00
801;CP;139600;1;1;0;0.00
801;CP;138509;1;1;0;0.00
801;CP;137848;1;1;0;0.00
801;CP;139355;1;1;0;0.00
801;CP;139588;1;1;0;0.00
801;CP;139588;1;1;0;0.00
801;CP;140553;1;1;0;0.00
801;CP;149604;1;1;0;0.00
801;CP;146508;1;1;0;0.00
801;CP;146118;1;1;0;0.00
801;CP;147028;1;1;0;0.00
801;CP;147960;1;1;0;0.00
801;CP;146373;1;1;0;0.00
801;CP;146629;1;1;0;0.00
801;CP;146499;1;1;0;0.00
801;CP;148661;1;1;0;0.00
801;CP;144766;1;1;0;0.00
801;CP;146802;1;1;0;0.00
801;CP;146692;1;1;0;0.00
801;CP;145152;1;1;0;0.00
801;CP;145266;1;1;0;0.00
801;CP;146957;1;1;0;0.00
801;CP;145200;1;1;0;0.00
801;CP;144630;1;1;0;0.00
801;CP;144483;1;1;0;0.00
801;CP;146206;1;1;0;0.00
801;CP;144741;1;1;0;0.00
801;CP;146581;1;1;0;0.00
801;CP;139508;1;1;0;0.00
801;CP;140542;1;1;0;0.00
801;CP;141718;1;1;0;0.00
801;CP;137832;1;1;0;0.00
801;CP;140404;1;1;0;0.00
801;CP;140898;1;1;0;0.00
801;CP;140433;1;1;0;0.00
801;CP;139842;1;1;0;0.00
801;CP;140736;1;1;0;0.00
801;CP;140457;1;1;0;0.00
801;CP;140226;1;1;0;0.00
801;CP;141154;1;1;0;0.00
801;CP;140245;1;1;0;0.00
801;CP;140945;1;1;0;0.00
801;CP;140048;1;1;0;0.00
801;CP;140738;1;1;0;0.00
801;CP;140336;1;1;0;0.00
801;CP;140543;1;1;0;0.00
801;CP;138321;1;1;0;0.00
801;SCP;82826;1;1;0;0.00
801;SCP;83770;1;1;0;0.00
801;SCP;83381;1;1;0;0.00
801;SCP;83262;1;1;0;0.00
801;SCP;82592;1;1;0;0.00
801;SCP;83296;1;1;0;0.00
801;SCP;83614;1;1;0;0.00
801;SCP;83504;1;1;0;0.00
801;SCP;83523;1;1;0;0.00
801;SCP;83230;1;1;0;0.00
801;SCP;83114;1;1;0;0.00
801;SCP;82707;1;1;0;0.00
801;SCP;83244;1;1;0;0.00
801;SCP;82746;1;1;0;0.00
801;SCP;83430;1;1;0;0.00
801;SCP;82686;1;1;0;0.00
801;SCP;83390;1;1;0;0.00
801;SCP;82965;1;1;0;0.00
801;SCP;82854;1;1;0;0.00
801;SCP;83628;1;1;0;0.00
801;SCP;84652;1;1;0;0.00
801;SCP;85830;1;1;0;0.00
801;SCP;85648;1;1;0;0.00
801;SCP;85578;1;1;0;0.00
801;SCP;85597;1;1;0;0.00
801;SCP;85397;1;1;0;0.00
801;SCP;85489;1;1;0;0.00
801;SCP;86213;1;1;0;0.00
801;SCP;85560;1;1;0;0.00
801;SCP;85614;1;1;0;0.00
801;SCP;85769;1;1;0;0.00
801;SCP;85852;1;1;0;0.00
801;SCP;86130;1;1;0;0.00
801;SCP;85737;1;1;0;0.00
801;SCP;85991;1;1;0;0.00
801;SCP;85608;1;1;0;0.00
801;SCP;85340;1;1;0;0.00
801;SCP;85659;1;1;0;0.00
801;SCP;86496;1;1;0;0.00
801;SCP;85303;1;1;0;0.00
801;SCP;73979;1;1;0;0.00
801;SCP;73966;1;1;0;0.00
801;SCP;74023;1;1;0;0.00
801;SCP;73957;1;1;0;0.00
801;SCP;73626;1;1;0;0.00
801;SCP;74109;1;1;0;0.00
801;SCP;73817;1;1;0;0.00
801;SCP;73804;1;1;0;0.00
801;SCP;74128;1;1;0;0.00
801;SCP;74267;1;1;0;0.00
801;SCP;74327;1;1;0;0.00
801;SCP;74070;1;1;0;0.00
801;SCP;74307;1;1;0;0.00
801;SCP;74951;1;1;0;0.00
801;SCP;73769;1;1;0;0.00
801;SCP;73890;1;1;0;0.00
801;SCP;73925;1;1;0;0.00
801;SCP;73977;1;1;0;0.00
801;SCP;74065;1;1;0;0.00
801;SCP;73866;1;1;0;0.00
801;KAB;114393;1;1;0;0.00
801;KAB;113960;1;1;0;0.00
801;KAB;114021;1;1;0;0.00
801;KAB;114970;1;1;0;0.00
801;KAB;114771;1;1;0;0.00
801;KAB;113980;1;1;0;0.00
801;KAB;113885;1;1;0;0.00
801;KAB;113881;1;1;0;0.00
801;KAB;115055;1;1;0;0.00
801;KAB;114985;1;1;0;0.00
801;KAB;115001;1;1;0;0.00
801;KAB;115210;1;1;0;0.00
801;KAB;115241;1;1;0;0.00
801;KAB;115248;1;1;0;0.00
801;KAB;113885;1;1;0;0.00
801;KAB;115361;1;1;0;0.00
801;KAB;114321;1;1;0;0.00
801;KAB;115235;1;1;0;0.00
801;KAB;114486;1;1;0;0.00
801;KAB;114511;1;1;0;0.00
801;KAB;76760;1;1;0;0.00
801;KAB;76382;1;1;0;0.00
801;KAB;76564;1;1;0;0.00
801;KAB;78078;1;1;0;0.00
801;KAB;78243;1;1;0;0.00
801;KAB;78169;1;1;0;0.00
801;KAB;76729;1;1;0;0.00
801;KAB;76692;1;1;0;0.00
801;KAB;76481;1;1;0;0.00
801;KAB;76627;1;1;0;0.00
801;KAB;76502;1;1;0;0.00
801;KAB;76716;1;1;0;0.00
801;KAB;76549;1;1;0;0.00
801;KAB;76567;1;1;0;0.00
801;KAB;77711;1;1;0;0.00
801;KAB;77994;1;1;0;0.00
801;KAB;76752;1;1;0;0.00
801;KAB;76591;1;1;0;0.00
801;KAB;77919;1;1;0;0.00
801;KAB;78398;1;1;0;0.00
801;KAB;99810;1;1;0;0.00
801;KAB;100339;1;1;0;0.00
801;KAB;100294;1;1;0;0.00
801;KAB;101351;1;1;0;0.00
801;KAB;99206;1;1;0;0.00
801;KAB;99105;1;1;0;0.00
801;KAB;98921;1;1;0;0.00
801;KAB;99058;1;1;0;0.00
801;KAB;98921;1;1;0;0.00
801;KAB;98930;1;1;0;0.00
801;KAB;99043;1;1;0;0.00
801;KAB;99745;1;1;0;0.00
801;KAB;99039;1;1;0;0.00
801;KAB;99437;1;1;0;0.00
801;KAB;98913;1;1;0;0.00
801;KAB;99240;1;1;0;0.00
801;KAB;98982;1;1;0;0.00
801;KAB;99147;1;1;0;0.00
801;KAB;99196;1;1;0;0.00
801;KAB;100439;1;1;0;0.00
801;BFDC;177;1;1;0;3.41
801;BFDC;176;1;1;0;3.41
801;BFDC;175;1;1;0;3.41
801;BFDC;175;1;1;0;3.41
801;BFDC;175;1;1;0;3.41
801;BFDC;175;1;1;0;3.41
801;BFDC;174;1;1;0;3.41
801;BFDC;174;1;1;0;3.41
801;BFDC;175;1;1;0;3.41
801;BFDC;180;1;1;0;3.41
801;BFDC;175;1;1;0;3.41
801;BFDC;175;1;1;0;3.41
801;BFDC;175;1;1;0;3.41
801;BFDC;174;1;1;0;3.41
801;BFDC;175;1;1;0;3.41
801;BFDC;175;1;1;0;3.41
801;BFDC;175;1;1;0;3.41
801;BFDC;174;1;1;0;3.41
801;BFDC;174;1;1;0;3.41
801;BFDC;175;1;1;0;3.41
801;BFDC;126;1;1;0;2.46
801;BFDC;125;1;1;0;2.46
801;BFDC;125;1;1;0;2.46
801;BFDC;123;1;1;0;2.46
801;BFDC;123;1;1;0;2.46
801;BFDC;123;1;1;0;2.46
801;BFDC;123;1;1;0;2.46
801;BFDC;123;1;1;0;2.46
801;BFDC;123;1;1;0;2.46
801;BFDC;123;1;1;0;2.46
801;BFDC;124;1;1;0;2.46
801;BFDC;123;1;1;0;2.46
801;BFDC;123;1;1;0;2.46
801;BFDC;123;1;1;0;2.46
801;BFDC;123;1;1;0;2.46
801;BFDC;123;1;1;0;2.46
801;BFDC;123;1;1;0;2.46
801;BFDC;123;1;1;0;2.46
801;BFDC;123;1;1;0;2.46
801;BFDC;123;1;1;0;2.46
801;BFDC;157;1;1;0;3.02
801;BFDC;156;1;1;0;3.02
801;BFDC;156;1;1;0;3.02
801;BFDC;155;1;1;0;3.02
801;BFDC;155;1;1;0;3.02
801;BFDC;155;1;1;0;3.02
801;BFDC;155;1;1;0;3.02
801;BFDC;155;1;1;0;3.02
801;BFDC;154;1;1;0;3.02
801;BFDC;154;1;1;0;3.02
801;BFDC;156;1;1;0;3.02
801;BFDC;154;1;1;0;3.02
801;BFDC;154;1;1;0;3.02
801;BFDC;154;1;1;0;3.02
801;BFDC;154;1;1;0;3.02
801;BFDC;154;1;1;0;3.02
801;BFDC;154;1;1;0;3.02
801;BFDC;155;1;1;0;3.02
801;BFDC;154;1;1;0;3.02
801;BFDC;155;1;1;0;3.02
801;CRA;2220;1;1;0;16.22
801;CRA;2197;1;1;0;16.22
801;CRA;2197;1;1;0;16.22
801;CRA;2201;1;1;0;16.22
801;CRA;2188;1;1;0;16.22
801;CRA;2195;1;1;0;16.22
801;CRA;2197;1;1;0;16.22
801;CRA;2198;1;1;0;16.22
801;CRA;2193;1;1;0;16.22
801;CRA;2196;1;1;0;16.22
801;CRA;2191;1;1;0;16.22
801;CRA;2199;1;1;0;16.22
801;CRA;2204;1;1;0;16.22
801;CRA;2198;1;1;0;16.22
801;CRA;2199;1;1;0;16.22
801;CRA;2195;1;1;0;16.22
801;CRA;2199;1;1;0;16.22
801;CRA;2192;1;1;0;16.22
801;CRA;2195;1;1;0;16.22
801;CRA;2196;1;1;0;16.22
801;CRA;2713;1;1;0;19.46
801;CRA;2685;1;1;0;19.46
801;CRA;2687;1;1;0;19.46
801;CRA;2676;1;1;0;19.46
801;CRA;2692;1;1;0;19.46
801;CRA;2686;1;1;0;19.46
801;CRA;2691;1;1;0;19.46
801;CRA;2682;1;1;0;19.46
801;CRA;2692;1;1;0;19.46
801;CRA;2679;1;1;0;19.46
801;CRA;2679;1;1;0;19.46
801;CRA;2688;1;1;0;19.46
801;CRA;2688;1;1;0;19.46
801;CRA;2686;1;1;0;19.46
801;CRA;2685;1;1;0;19.46
801;CRA;2683;1;1;0;19.46
801;CRA;2679;1;1;0;19.46
801;CRA;2681;1;1;0;19.46
801;CRA;2684;1;1;0;19.46
801;CRA;2682;1;1;0;19.46
801;CRA;445;1;1;0;4.77
801;CRA;437;1;1;0;4.77
801;CRA;440;1;1;0;4.77
801;CRA;435;1;1;0;4.77
801;CRA;435;1;1;0;4.77
801;CRA;436;1;1;0;4.77
801;CRA;433;1;1;0;4.77
801;CRA;436;1;1;0;4.77
801;CRA;434;1;1;0;4.77
801;CRA;438;1;1;0;4.77
801;CRA;440;1;1;0;4.77
801;CRA;434;1;1;0;4.77
801;CRA;436;1;1;0;4.77
801;CRA;436;1;1;0;4.77
801;CRA;435;1;1;0;4.77
801;CRA;437;1;1;0;4.77
801;CRA;435;1;1;0;4.77
801;CRA;435;1;1;0;4.77
801;CRA;440;1;1;0;4.77
801;CRA;435;1;1;0;4.77
193;ULT;36637;1;1;0;999.05
193;ULT;36601;1;1;0;999.05
193;ULT;37273;1;1;0;999.05
193;ULT;37659;1;1;0;999.05
193;ULT;37738;1;1;0;999.05
193;ULT;37684;1;1;0;999.05
193;ULT;37683;1;1;0;999.05
193;ULT;37789;1;1;0;999.05
193;ULT;37697;1;1;0;999.05
193;ULT;37609;1;1;0;999.05
193;ULT;37663;1;1;0;999.05
193;ULT;37082;1;1;0;999.05
193;ULT;36682;1;1;0;999.05
193;ULT;36670;1;1;0;999.05
193;ULT;37501;1;1;0;999.05
193;ULT;37685;1;1;0;999.05
193;ULT;37654;1;1;0;999.05
193;ULT;37610;1;1;0;999.05
193;ULT;37614;1;1;0;999.05
193;ULT;37652;1;1;0;999.05
193;ULT;29401;1;1;0;799.30
193;ULT;29372;1;1;0;799.30
193;ULT;29309;1;1;0;799.30
193;ULT;29507;1;1;0;799.30
193;ULT;29367;1;1;0;799.30
193;ULT;29457;1;1;0;799.30
193;ULT;29437;1;1;0;799.30
193;ULT;29533;1;1;0;799.30
193;ULT;29334;1;1;0;799.30
193;ULT;29342;1;1;0;799.30
193;ULT;29370;1;1;0;799.30
193;ULT;29433;1;1;0;799.30
193;ULT;29340;1;1;0;799.30
193;ULT;29401;1;1;0;799.30
193;ULT;29515;1;1;0;799.30
193;ULT;29444;1;1;0;799.30
193;ULT;29499;1;1;0;799.30
193;ULT;29554;1;1;0;799.30
193;ULT;29462;1;1;0;799.30
193;ULT;29399;1;1;0;799.30
193;ULT;22243;1;1;0;599.40
193;ULT;22241;1;1;0;599.40
193;ULT;22216;1;1;0;599.40
193;ULT;22216;1;1;0;599.40
193;ULT;22260;1;1;0;599.40
193;ULT;22322;1;1;0;599.40
193;ULT;22224;1;1;0;599.40
193;ULT;22198;1;1;0;599.40
193;ULT;22229;1;1;0;599.40
193;ULT;22291;1;1;0;599.40
193;ULT;22300;1;1;0;599.40
193;ULT;22284;1;1;0;599.40
193;ULT;22231;1;1;0;599.40
193;ULT;22238;1;1;0;599.40
193;ULT;22304;1;1;0;599.40
193;ULT;22296;1;1;0;599.40
193;ULT;22226;1;1;0;599.40
193;ULT;22252;1;1;0;599.40
193;ULT;22315;1;1;0;599.40
193;ULT;22285;1;1;0;599.40
193;RULT;276;1;1;0;10.08
193;RULT;273;1;1;0;10.08
193;RULT;262;1;1;0;10.08
193;RULT;260;1;1;0;10.08
193;RULT;260;1;1;0;10.08
193;RULT;260;1;1;0;10.08
193;RULT;257;1;1;0;10.08
193;RULT;255;1;1;0;10.08
193;RULT;256;1;1;0;10.08
193;RULT;259;1;1;0;10.08
193;RULT;259;1;1;0;10.08
193;RULT;258;1;1;0;10.08
193;RULT;259;1;1;0;10.08
193;RULT;262;1;1;0;10.08
193;RULT;262;1;1;0;10.08
193;RULT;259;1;1;0;10.08
193;RULT;258;1;1;0;10.08
193;RULT;257;1;1;0;10.08
193;RULT;258;1;1;0;10.08
193;RULT;262;1;1;0;10.08
193;RULT;200;1;1;0;7.68
193;RULT;189;1;1;0;7.68
193;RULT;186;1;1;0;7.68
193;RULT;186;1;1;0;7.68
193;RULT;185;1;1;0;7.68
193;RULT;189;1;1;0;7.68
193;RULT;185;1;1;0;7.68
193;RULT;184;1;1;0;7.68
193;RULT;184;1;1;0;7.68
193;RULT;184;1;1;0;7.68
193;RULT;185;1;1;0;7.68
193;RULT;183;1;1;0;7.68
193;RULT;183;1;1;0;7.68
193;RULT;186;1;1;0;7.68
193;RULT;184;1;1;0;7.68
193;RULT;182;1;1;0;7.68
193;RULT;184;1;1;0;7.68
193;RULT;183;1;1;0;7.68
193;RULT;181;1;1;0;7.68
193;RULT;183;1;1;0;7.68
193;RULT;167;1;1;0;5.99
193;RULT;160;1;1;0;5.99
193;RULT;156;1;1;0;5.99
193;RULT;156;1;1;0;5.99
193;RULT;155;1;1;0;5.99
193;RULT;154;1;1;0;5.99
193;RULT;155;1;1;0;5.99
193;RULT;153;1;1;0;5.99
193;RULT;163;1;1;0;5.99
193;RULT;155;1;1;0;5.99
193;RULT;154;1;1;0;5.99
193;RULT;154;1;1;0;5.99
193;RULT;154;1;1;0;5.99
193;RULT;153;1;1;0;5.99
193;RULT;153;1;1;0;5.99
193;RULT;154;1;1;0;5.99
193;RULT;153;1;1;0;5.99
193;RULT;154;1;1;0;5.99
193;RULT;155;1;1;0;5.99
193;RULT;154;1;1;0;5.99
193;ILP;16053;1;1;0;0.00
193;ILP;11288;1;1;0;0.00
193;ILP;10720;1;1;0;0.00
193;ILP;10758;1;1;0;0.00
193;ILP;10730;1;1;0;0.00
193;ILP;10660;1;1;0;0.00
193;ILP;10611;1;1;0;0.00
193;ILP;10717;1;1;0;0.00
193;ILP;10756;1;1;0;0.00
193;ILP;10917;1;1;0;0.00
193;ILP;10926;1;1;0;0.00
193;ILP;10762;1;1;0;0.00
193;ILP;10720;1;1;0;0.00
193;ILP;10756;1;1;0;0.00
193;ILP;10723;1;1;0;0.00
193;ILP;10752;1;1;0;0.00
193;ILP;10751;1;1;0;0.00
193;ILP;10971;1;1;0;0.00
193;ILP;10944;1;1;0;0.00
193;ILP;10933;1;1;0;0.00
193;ILP;14697;1;1;0;0.00
193;ILP;9931;1;1;0;0.00
193;ILP;9429;1;1;0;0.00
193;ILP;9467;1;1;0;0.00
193;ILP;9433;1;1;0;0.00
193;ILP;9602;1;1;0;0.00
193;ILP;9352;1;1;0;0.00
193;ILP;9352;1;1;0;0.00
193;ILP;9436;1;1;0;0.00
193;ILP;9602;1;1;0;0.00
193;ILP;9588;1;1;0;0.00
193;ILP;9319;1;1;0;0.00
193;ILP;9354;1;1;0;0.00
193;ILP;9371;1;1;0;0.00
193;ILP;9434;1;1;0;0.00
193;ILP;9395;1;1;0;0.00
193;ILP;9359;1;1;0;0.00
193;ILP;9443;1;1;0;0.00
193;ILP;9418;1;1;0;0.00
193;ILP;9634;1;1;0;0.00
193;ILP;15701;1;1;0;0.00
193;ILP;10933;1;1;0;0.00
193;ILP;10367;1;1;0;0.00
193;ILP;10235;1;1;0;0.00
193;ILP;10482;1;1;0;0.00
193;ILP;10419;1;1;0;0.00
193;ILP;10463;1;1;0;0.00
193;ILP;10409;1;1;0;0.00
193;ILP;10355;1;1;0;0.00
193;ILP;10481;1;1;0;0.00
193;ILP;10343;1;1;0;0.00
193;ILP;10410;1;1;0;0.00
193;ILP;10392;1;1;0;0.00
193;ILP;10367;1;1;0;0.00
193;ILP;10282;1;1;0;0.00
193;ILP;10449;1;1;0;0.00
193;ILP;10421;1;1;0;0.00
193;ILP;10450;1;1;0;0.00
193;ILP;10415;1;1;0;0.00
193;ILP;10463;1;1;0;0.00
193;CP;40144;1;1;0;0.00
193;CP;39162;1;1;0;0.00
193;CP;38994;1;1;0;0.00
193;CP;39239;1;1;0;0.00
193;CP;39170;1;1;0;0.00
193;CP;38918;1;1;0;0.00
193;CP;39039;1;1;0;0.00
193;CP;39017;1;1;0;0.00
193;CP;39242;1;1;0;0.00
193;CP;39638;1;1;0;0.00
193;CP;39557;1;1;0;0.00
193;CP;39046;1;1;0;0.00
193;CP;39083;1;1;0;0.00
193;CP;38951;1;1;0;0.00
193;CP;38956;1;1;0;0.00
193;CP;39239;1;1;0;0.00
193;CP;39125;1;1;0;0.00
193;CP;39218;1;1;0;0.00
193;CP;39029;1;1;0;0.00
193;CP;39092;1;1;0;0.00
193;CP;33271;1;1;0;0.00
193;CP;32529;1;1;0;0.00
193;CP;31348;1;1;0;0.00
193;CP;31443;1;1;0;0.00
193;CP;31777;1;1;0;0.00
193;CP;31486;1;1;0;0.00
193;CP;31547;1;1;0;0.00
193;CP;31909;1;1;0;0.00
193;CP;31802;1;1;0;0.00
193;CP;31720;1;1;0;0.00
193;CP;31857;1;1;0;0.00
193;CP;31912;1;1;0;0.00
193;CP;31649;1;1;0;0.00
193;CP;31567;1;1;0;0.00
193;CP;31604;1;1;0;0.00
193;CP;31740;1;1;0;0.00
193;CP;31470;1;1;0;0.00
193;CP;31468;1;1;0;0.00
193;CP;31371;1;1;0;0.00
193;CP;31355;1;1;0;0.00
193;CP;36274;1;1;0;0.00
193;CP;35706;1;1;0;0.00
193;CP;35776;1;1;0;0.00
193;CP;35434;1;1;0;0.00
193;CP;35482;1;1;0;0.00
193;CP;35566;1;1;0;0.00
193;CP;36009;1;1;0;0.00
193;CP;35892;1;1;0;0.00
193;CP;35360;1;1;0;0.00
193;CP;35526;1;1;0;0.00
193;CP;35690;1;1;0;0.00
193;CP;35917;1;1;0;0.00
193;CP;35493;1;1;0;0.00
193;CP;36169;1;1;0;0.00
193;CP;35572;1;1;0;0.00
193;CP;35820;1;1;0;0.00
193;CP;35434;1;1;0;0.00
193;CP;35432;1;1;0;0.00
193;CP;35395;1;1;0;0.00
193;CP;36030;1;1;0;0.00
193;SCP;46007;1;1;0;0.00
193;SCP;45008;1;1;0;0.00
193;SCP;45068;1;1;0;0.00
193;SCP;44397;1;1;0;0.00
193;SCP;44288;1;1;0;0.00
193;SCP;44278;1;1;0;0.00
193;SCP;44976;1;1;0;0.00
193;SCP;44139;1;1;0;0.00
193;SCP;44253;1;1;0;0.00
193;SCP;44738;1;1;0;0.00
193;SCP;45009;1;1;0;0.00
193;SCP;44182;1;1;0;0.00
193;SCP;45049;1;1;0;0.00
193;SCP;44255;1;1;0;0.00
193;SCP;46309;1;1;0;0.00
193;SCP;47670;1;1;0;0.00
193;SCP;47375;1;1;0;0.00
193;SCP;47442;1;1;0;0.00
193;SCP;47400;1;1;0;0.00
193;SCP;47460;1;1;0;0.00
193;SCP;31255;1;1;0;0.00
193;SCP;31036;1;1;0;0.00
193;SCP;31257;1;1;0;0.00
193;SCP;31299;1;1;0;0.00
193;SCP;31050;1;1;0;0.00
193;SCP;31332;1;1;0;0.00
193;SCP;31384;1;1;0;0.00
193;SCP;31005;1;1;0;0.00
193;SCP;31284;1;1;0;0.00
193;SCP;31038;1;1;0;0.00
193;SCP;31264;1;1;0;0.00
193;SCP;31816;1;1;0;0.00
193;SCP;31320;1;1;0;0.00
193;SCP;31442;1;1;0;0.00
193;SCP;31059;1;1;0;0.00
193;SCP;31101;1;1;0;0.00
193;SCP;31244;1;1;0;0.00
193;SCP;31307;1;1;0;0.00
193;SCP;31254;1;1;0;0.00
193;SCP;31036;1;1;0;0.00
193;SCP;29812;1;1;0;0.00
193;SCP;30050;1;1;0;0.00
193;SCP;30192;1;1;0;0.00
193;SCP;30128;1;1;0;0.00
193;SCP;30050;1;1;0;0.00
193;SCP;30194;1;1;0;0.00
193;SCP;30223;1;1;0;0.00
193;SCP;29887;1;1;0;0.00
193;SCP;30152;1;1;0;0.00
193;SCP;30209;1;1;0;0.00
193;SCP;30274;1;1;0;0.00
193;SCP;30750;1;1;0;0.00
193;SCP;30196;1;1;0;0.00
193;SCP;30381;1;1;0;0.00
193;SCP;30570;1;1;0;0.00
193;SCP;30539;1;1;0;0.00
193;SCP;30430;1;1;0;0.00
193;SCP;30478;1;1;0;0.00
193;SCP;30555;1;1;0;0.00
193;SCP;30636;1;1;0;0.00
193;KAB;4484;1;1;0;0.00
193;KAB;4415;1;1;0;0.00
193;KAB;4412;1;1;0;0.00
193;KAB;4411;1;1;0;0.00
193;KAB;4450;1;1;0;0.00
193;KAB;4420;1;1;0;0.00
193;KAB;4410;1;1;0;0.00
193;KAB;4438;1;1;0;0.00
193;KAB;4453;1;1;0;0.00
193;KAB;4413;1;1;0;0.00
193;KAB;4402;1;1;0;0.00
193;KAB;4408;1;1;0;0.00
193;KAB;4412;1;1;0;0.00
193;KAB;4529;1;1;0;0.00
193;KAB;4416;1;1;0;0.00
193;KAB;4427;1;1;0;0.00
193;KAB;4416;1;1;0;0.00
193;KAB;4402;1;1;0;0.00
193;KAB;4440;1;1;0;0.00
193;KAB;4451;1;1;0;0.00
193;KAB;4135;1;1;0;0.00
193;KAB;4047;1;1;0;0.00
193;KAB;4044;1;1;0;0.00
193;KAB;4037;1;1;0;0.00
193;KAB;4074;1;1;0;0.00
193;KAB;4113;1;1;0;0.00
193;KAB;4057;1;1;0;0.00
193;KAB;4048;1;1;0;0.00
193;KAB;4062;1;1;0;0.00
193;KAB;4471;1;1;0;0.00
193;KAB;4622;1;1;0;0.00
193;KAB;4622;1;1;0;0.00
193;KAB;4615;1;1;0;0.00
193;KAB;4617;1;1;0;0.00
193;KAB;4614;1;1;0;0.00
193;KAB;4624;1;1;0;0.00
193;KAB;4609;1;1;0;0.00
193;KAB;4615;1;1;0;0.00
193;KAB;4671;1;1;0;0.00
193;KAB;4620;1;1;0;0.00
193;KAB;4129;1;1;0;0.00
193;KAB;3778;1;1;0;0.00
193;KAB;3795;1;1;0;0.00
193;KAB;3780;1;1;0;0.00
193;KAB;3908;1;1;0;0.00
193;KAB;3803;1;1;0;0.00
193;KAB;3938;1;1;0;0.00
193;KAB;3936;1;1;0;0.00
193;KAB;3771;1;1;0;0.00
193;KAB;4168;1;1;0;0.00
193;KAB;3847;1;1;0;0.00
193;KAB;3787;1;1;0;0.00
193;KAB;3823;1;1;0;0.00
193;KAB;3816;1;1;0;0.00
193;KAB;3776;1;1;0;0.00
193;KAB;3833;1;1;0;0.00
193;KAB;3781;1;1;0;0.00
193;KAB;3782;1;1;0;0.00
193;KAB;3778;1;1;0;0.00
193;KAB;3786;1;1;0;0.00
193;BFDC;38;1;1;0;3.20
193;BFDC;37;1;1;0;3.20
193;BFDC;36;1;1;0;3.20
193;BFDC;35;1;1;0;3.20
193;BFDC;34;1;1;0;3.20
193;BFDC;34;1;1;0;3.20
193;BFDC;34;1;1;0;3.20
193;BFDC;33;1;1;0;3.20
193;BFDC;34;1;1;0;3.20
193;BFDC;34;1;1;0;3.20
193;BFDC;33;1;1;0;3.20
193;BFDC;33;1;1;0;3.20
193;BFDC;33;1;1;0;3.20
193;BFDC;33;1;1;0;3.20
193;BFDC;33;1;1;0;3.20
193;BFDC;33;1;1;0;3.20
193;BFDC;33;1;1;0;3.20
193;BFDC;33;1;1;0;3.20
193;BFDC;33;1;1;0;3.20
193;BFDC;33;1;1;0;3.20
193;BFDC;32;1;1;0;2.69
193;BFDC;31;1;1;0;2.69
193;BFDC;30;1;1;0;2.69
193;BFDC;30;1;1;0;2.69
193;BFDC;30;1;1;0;2.69
193;BFDC;30;1;1;0;2.69
193;BFDC;30;1;1;0;2.69
193;BFDC;30;1;1;0;2.69
193;BFDC;30;1;1;0;2.69
193;BFDC;30;1;1;0;2.69
193;BFDC;30;1;1;0;2.69
193;BFDC;30;1;1;0;2.69
193;BFDC;30;1;1;0;2.69
193;BFDC;30;1;1;0;2.69
193;BFDC;30;1;1;0;2.69
193;BFDC;30;1;1;0;2.69
193;BFDC;30;1;1;0;2.69
193;BFDC;30;1;1;0;2.69
193;BFDC;30;1;1;0;2.69
193;BFDC;30;1;1;0;2.69
193;BFDC;25;1;1;0;2.10
193;BFDC;24;1;1;0;2.10
193;BFDC;23;1;1;0;2.10
193;BFDC;22;1;1;0;2.10
193;BFDC;22;1;1;0;2.10
193;BFDC;21;1;1;0;2.10
193;BFDC;21;1;1;0;2.10
193;BFDC;21;1;1;0;2.10
193;BFDC;21;1;1;0;2.10
193;BFDC;21;1;1;0;2.10
193;BFDC;20;1;1;0;2.10
193;BFDC;21;1;1;0;2.10
193;BFDC;21;1;1;0;2.10
193;BFDC;20;1;1;0;2.10
193;BFDC;20;1;1;0;2.10
193;BFDC;20;1;1;0;2.10
193;BFDC;20;1;1;0;2.10
193;BFDC;20;1;1;0;2.10
193;BFDC;20;1;1;0;2.10
193;BFDC;20;1;1;0;2.10
193;CRA;928;1;1;0;32.03
193;CRA;891;1;1;0;32.03
193;CRA;888;1;1;0;32.03
193;CRA;887;1;1;0;32.03
193;CRA;888;1;1;0;32.03
193;CRA;888;1;1;0;32.03
193;CRA;889;1;1;0;32.03
193;CRA;885;1;1;0;32.03
193;CRA;888;1;1;0;32.03
193;CRA;895;1;1;0;32.03
193;CRA;886;1;1;0;32.03
193;CRA;887;1;1;0;32.03
193;CRA;888;1;1;0;32.03
193;CRA;897;1;1;0;32.03
193;CRA;892;1;1;0;32.03
193;CRA;889;1;1;0;32.03
193;CRA;889;1;1;0;32.03
193;CRA;888;1;1;0;32.03
193;CRA;893;1;1;0;32.03
193;CRA;885;1;1;0;32.03
193;CRA;92;1;1;0;4.45
193;CRA;85;1;1;0;4.45
193;CRA;82;1;1;0;4.45
193;CRA;81;1;1;0;4.45
193;CRA;80;1;1;0;4.45
193;CRA;79;1;1;0;4.45
193;CRA;79;1;1;0;4.45
193;CRA;78;1;1;0;4.45
193;CRA;78;1;1;0;4.45
193;CRA;78;1;1;0;4.45
193;CRA;78;1;1;0;4.45
193;CRA;77;1;1;0;4.45
193;CRA;77;1;1;0;4.45
193;CRA;77;1;1;0;4.45
193;CRA;77;1;1;0;4.45
193;CRA;77;1;1;0;4.45
193;CRA;77;1;1;0;4.45
193;CRA;78;1;1;0;4.45
193;CRA;77;1;1;0;4.45
193;CRA;77;1;1;0;4.45
193;CRA;212;1;1;0;8.09
193;CRA;197;1;1;0;8.09
193;CRA;194;1;1;0;8.09
193;CRA;192;1;1;0;8.09
193;CRA;192;1;1;0;8.09
193;CRA;192;1;1;0;8.09
193;CRA;191;1;1;0;8.09
193;CRA;191;1;1;0;8.09
193;CRA;190;1;1;0;8.09
193;CRA;190;1;1;0;8.09
193;CRA;190;1;1;0;8.09
193;CRA;191;1;1;0;8.09
193;CRA;195;1;1;0;8.09
193;CRA;190;1;1;0;8.09
193;CRA;189;1;1;0;8.09
193;CRA;190;1;1;0;8.09
193;CRA;190;1;1;0;8.09
193;CRA;191;1;1;0;8.09
193;CRA;189;1;1;0;8.09
193;CRA;190;1;1;0;8.09
1601;RULT;2464;1;1;0;9.83
1601;RULT;2460;1;1;0;9.83
1601;RULT;2453;1;1;0;9.83
1601;RULT;2456;1;1;0;9.83
1601;RULT;2451;1;1;0;9.83
1601;RULT;2463;1;1;0;9.83
1601;RULT;2457;1;1;0;9.83
1601;RULT;2454;1;1;0;9.83
1601;RULT;2449;1;1;0;9.83
1601;RULT;2453;1;1;0;9.83
1601;RULT;2452;1;1;0;9.83
1601;RULT;2457;1;1;0;9.83
1601;RULT;2447;1;1;0;9.83
1601;RULT;2447;1;1;0;9.83
1601;RULT;2451;1;1;0;9.83
1601;RULT;2459;1;1;0;9.83
1601;RULT;2451;1;1;0;9.83
1601;RULT;2450;1;1;0;9.83
1601;RULT;2452;1;1;0;9.83
1601;RULT;2452;1;1;0;9.83
1601;RULT;2080;1;1;0;8.86
1601;RULT;2078;1;1;0;8.86
1601;RULT;2073;1;1;0;8.86
1601;RULT;2073;1;1;0;8.86
1601;RULT;2077;1;1;0;8.86
1601;RULT;2071;1;1;0;8.86
1601;RULT;2074;1;1;0;8.86
1601;RULT;2080;1;1;0;8.86
1601;RULT;2078;1;1;0;8.86
1601;RULT;2075;1;1;0;8.86
1601;RULT;2074;1;1;0;8.86
1601;RULT;2072;1;1;0;8.86
1601;RULT;2074;1;1;0;8.86
1601;RULT;2083;1;1;0;8.86
1601;RULT;2077;1;1;0;8.86
1601;RULT;2072;1;1;0;8.86
1601;RULT;2078;1;1;0;8.86
1601;RULT;2075;1;1;0;8.86
1601;RULT;2074;1;1;0;8.86
1601;RULT;2076;1;1;0;8.86
1601;RULT;2286;1;1;0;9.34
1601;RULT;2275;1;1;0;9.34
1601;RULT;2272;1;1;0;9.34
1601;RULT;2274;1;1;0;9.34
1601;RULT;2276;1;1;0;9.34
1601;RULT;2274;1;1;0;9.34
1601;RULT;2276;1;1;0;9.34
1601;RULT;2290;1;1;0;9.34
1601;RULT;2265;1;1;0;9.34
1601;RULT;2271;1;1;0;9.34
1601;RULT;2271;1;1;0;9.34
1601;RULT;2281;1;1;0;9.34
1601;RULT;2270;1;1;0;9.34
1601;RULT;2273;1;1;0;9.34
1601;RULT;2275;1;1;0;9.34
1601;RULT;2274;1;1;0;9.34
1601;RULT;2273;1;1;0;9.34
1601;RULT;2277;1;1;0;9.34
1601;RULT;2274;1;1;0;9.34
1601;RULT;2270;1;1;0;9.34
1601;ILP;75754;1;1;0;0.00
1601;ILP;75391;1;1;0;0.00
1601;ILP;75554;1;1;0;0.00
1601;ILP;75894;1;1;0;0.00
1601;ILP;75537;1;1;0;0.00
1601;ILP;74577;1;1;0;0.00
1601;ILP;76054;1;1;0;0.00
1601;ILP;74839;1;1;0;0.00
1601;ILP;75621;1;1;0;0.00
1601;ILP;76644;1;1;0;0.00
1601;ILP;74885;1;1;0;0.00
1601;ILP;75211;1;1;0;0.00
1601;ILP;75276;1;1;0;0.00
1601;ILP;75702;1;1;0;0.00
1601;ILP;75405;1;1;0;0.00
1601;ILP;76607;1;1;0;0.00
1601;ILP;75491;1;1;0;0.00
1601;ILP;76061;1;1;0;0.00
1601;ILP;75230;1;1;0;0.00
1601;ILP;75207;1;1;0;0.00
1601;ILP;84880;1;1;0;0.00
1601;ILP;85567;1;1;0;0.00
1601;ILP;86161;1;1;0;0.00
1601;ILP;86178;1;1;0;0.00
1601;ILP;85690;1;1;0;0.00
1601;ILP;85951;1;1;0;0.00
1601;ILP;85926;1;1;0;0.00
1601;ILP;86045;1;1;0;0.00
1601;ILP;85151;1;1;0;0.00
1601;ILP;86255;1;1;0;0.00
1601;ILP;84789;1;1;0;0.00
1601;ILP;85839;1;1;0;0.00
1601;ILP;85366;1;1;0;0.00
1601;ILP;85447;1;1;0;0.00
1601;ILP;85939;1;1;0;0.00
1601;ILP;85305;1;1;0;0.00
1601;ILP;86041;1;1;0;0.00
1601;ILP;86146;1;1;0;0.00
1601;ILP;86464;1;1;0;0.00
1601;ILP;86349;1;1;0;0.00
1601;ILP;80274;1;1;0;0.00
1601;ILP;79767;1;1;0;0.00
1601;ILP;79661;1;1;0;0.00
1601;ILP;79643;1;1;0;0.00
1601;ILP;79463;1;1;0;0.00
1601;ILP;79907;1;1;0;0.00
1601;ILP;80051;1;1;0;0.00
1601;ILP;80062;1;1;0;0.00
1601;ILP;79639;1;1;0;0.00
1601;ILP;80385;1;1;0;0.00
1601;ILP;79120;1;1;0;0.00
1601;ILP;78793;1;1;0;0.00
1601;ILP;79566;1;1;0;0.00
1601;ILP;79212;1;1;0;0.00
1601;ILP;78719;1;1;0;0.00
1601;ILP;79024;1;1;0;0.00
1601;ILP;80074;1;1;0;0.00
1601;ILP;79969;1;1;0;0.00
1601;ILP;79850;1;1;0;0.00
1601;ILP;80310;1;1;0;0.00
1601;CP;369810;1;1;0;0.00
1601;CP;369925;1;1;0;0.00
1601;CP;368222;1;1;0;0.00
1601;CP;342612;1;1;0;0.00
1601;CP;327072;1;1;0;0.00
1601;CP;359674;1;1;0;0.00
1601;CP;367914;1;1;0;0.00
1601;CP;369132;1;1;0;0.00
1601;CP;368076;1;1;0;0.00
1601;CP;366683;1;1;0;0.00
1601;CP;363641;1;1;0;0.00
1601;CP;326317;1;1;0;0.00
1601;CP;341725;1;1;0;0.00
1601;CP;370024;1;1;0;0.00
1601;CP;366544;1;1;0;0.00
1601;CP;369639;1;1;0;0.00
1601;CP;369399;1;1;0;0.00
1601;CP;369575;1;1;0;0.00
1601;CP;329123;1;1;0;0.00
1601;CP;328867;1;1;0;0.00
1601;CP;327370;1;1;0;0.00
1601;CP;334211;1;1;0;0.00
1601;CP;333300;1;1;0;0.00
1601;CP;332420;1;1;0;0.00
1601;CP;331778;1;1;0;0.00
1601;CP;330397;1;1;0;0.00
1601;CP;315114;1;1;0;0.00
1601;CP;330364;1;1;0;0.00
1601;CP;330451;1;1;0;0.00
1601;CP;332771;1;1;0;0.00
1601;CP;332084;1;1;0;0.00
1601;CP;331184;1;1;0;0.00
1601;CP;317237;1;1;0;0.00
1601;CP;330496;1;1;0;0.00
1601;CP;331609;1;1;0;0.00
1601;CP;332580;1;1;0;0.00
1601;CP;331520;1;1;0;0.00
1601;CP;330093;1;1;0;0.00
1601;CP;328014;1;1;0;0.00
1601;CP;331396;1;1;0;0.00
1601;CP;355943;1;1;0;0.00
1601;CP;353420;1;1;0;0.00
1601;CP;353135;1;1;0;0.00
1601;CP;353846;1;1;0;0.00
1601;CP;349238;1;1;0;0.00
1601;CP;314728;1;1;0;0.00
1601;CP;319694;1;1;0;0.00
1601;CP;354719;1;1;0;0.00
1601;CP;355331;1;1;0;0.00
1601;CP;354514;1;1;0;0.00
1601;CP;353924;1;1;0;0.00
1601;CP;354794;1;1;0;0.00
1601;CP;323084;1;1;0;0.00
1601;CP;314344;1;1;0;0.00
1601;CP;347585;1;1;0;0.00
1601;CP;353450;1;1;0;0.00
1601;CP;353535;1;1;0;0.00
1601;CP;353739;1;1;0;0.00
1601;CP;354376;1;1;0;0.00
1601;CP;356202;1;1;0;0.00
1601;SCP;470392;1;1;0;0.00
1601;SCP;446385;1;1;0;0.00
1601;SCP;448648;1;1;0;0.00
1601;SCP;448658;1;1;0;0.00
1601;SCP;438538;1;1;0;0.00
1601;SCP;442196;1;1;0;0.00
1601;SCP;448728;1;1;0;0.00
1601;SCP;443477;1;1;0;0.00
1601;SCP;442762;1;1;0;0.00
1601;SCP;445836;1;1;0;0.00
1601;SCP;436150;1;1;0;0.00
1601;SCP;438338;1;1;0;0.00
1601;SCP;446477;1;1;0;0.00
1601;SCP;443915;1;1;0;0.00
1601;SCP;447248;1;1;0;0.00
1601;SCP;447144;1;1;0;0.00
1601;SCP;435152;1;1;0;0.00
1601;SCP;433963;1;1;0;0.00
1601;SCP;443204;1;1;0;0.00
1601;SCP;443610;1;1;0;0.00
1601;SCP;195683;1;1;0;0.00
1601;SCP;197835;1;1;0;0.00
1601;SCP;197216;1;1;0;0.00
1601;SCP;196319;1;1;0;0.00
1601;SCP;196817;1;1;0;0.00
1601;SCP;195574;1;1;0;0.00
1601;SCP;196042;1;1;0;0.00
1601;SCP;196689;1;1;0;0.00
1601;SCP;197243;1;1;0;0.00
1601;SCP;197479;1;1;0;0.00
1601;SCP;196929;1;1;0;0.00
1601;SCP;196110;1;1;0;0.00
1601;SCP;196665;1;1;0;0.00
1601;SCP;195631;1;1;0;0.00
1601;SCP;196067;1;1;0;0.00
1601;SCP;197389;1;1;0;0.00
1601;SCP;195828;1;1;0;0.00
1601;SCP;196180;1;1;0;0.00
1601;SCP;196085;1;1;0;0.00
1601;SCP;194990;1;1;0;0.00
1601;SCP;338739;1;1;0;0.00
1601;SCP;335022;1;1;0;0.00
1601;SCP;345322;1;1;0;0.00
1601;SCP;344300;1;1;0;0.00
1601;SCP;343927;1;1;0;0.00
1601;SCP;343966;1;1;0;0.00
1601;SCP;343194;1;1;0;0.00
1601;SCP;339450;1;1;0;0.00
1601;SCP;333108;1;1;0;0.00
1601;SCP;335458;1;1;0;0.00
1601;SCP;339717;1;1;0;0.00
1601;SCP;338247;1;1;0;0.00
1601;SCP;338792;1;1;0;0.00
1601;SCP;338779;1;1;0;0.00
1601;SCP;342010;1;1;0;0.00
1601;SCP;339740;1;1;0;0.00
1601;SCP;340847;1;1;0;0.00
1601;SCP;340179;1;1;0;0.00
1601;SCP;340614;1;1;0;0.00
1601;SCP;339814;1;1;0;0.00
1601;KAB;453021;1;1;0;0.00
1601;KAB;451106;1;1;0;0.00
1601;KAB;449711;1;1;0;0.00
1601;KAB;450103;1;1;0;0.00
1601;KAB;452704;1;1;0;0.00
1601;KAB;452418;1;1;0;0.00
1601;KAB;452568;1;1;0;0.00
1601;KAB;452304;1;1;0;0.00
1601;KAB;448504;1;1;0;0.00
1601;KAB;448301;1;1;0;0.00
1601;KAB;451545;1;1;0;0.00
1601;KAB;452656;1;1;0;0.00
1601;KAB;451532;1;1;0;0.00
1601;KAB;452375;1;1;0;0.00
1601;KAB;448564;1;1;0;0.00
1601;KAB;448585;1;1;0;0.00
1601;KAB;452246;1;1;0;0.00
1601;KAB;451626;1;1;0;0.00
1601;KAB;453233;1;1;0;0.00
1601;KAB;452121;1;1;0;0.00
1601;KAB;488528;1;1;0;0.00
1601;KAB;485473;1;1;0;0.00
1601;KAB;484957;1;1;0;0.00
1601;KAB;485013;1;1;0;0.00
1601;KAB;485591;1;1;0;0.00
1601;KAB;485541;1;1;0;0.00
1601;KAB;485108;1;1;0;0.00
1601;KAB;486251;1;1;0;0.00
1601;KAB;486571;1;1;0;0.00
1601;KAB;485693;1;1;0;0.00
1601;KAB;488363;1;1;0;0.00
1601;KAB;484773;1;1;0;0.00
1601;KAB;486708;1;1;0;0.00
1601;KAB;487217;1;1;0;0.00
1601;KAB;485096;1;1;0;0.00
1601;KAB;485212;1;1;0;0.00
1601;KAB;486850;1;1;0;0.00
1601;KAB;486970;1;1;0;0.00
1601;KAB;484919;1;1;0;0.00
1601;KAB;486475;1;1;0;0.00
1601;KAB;466690;1;1;0;0.00
1601;KAB;466601;1;1;0;0.00
1601;KAB;466931;1;1;0;0.00
1601;KAB;464987;1;1;0;0.00
1601;KAB;467267;1;1;0;0.00
1601;KAB;464465;1;1;0;0.00
1601;KAB;467396;1;1;0;0.00
1601;KAB;466622;1;1;0;0.00
1601;KAB;467756;1;1;0;0.00
1601;KAB;466706;1;1;0;0.00
1601;KAB;467157;1;1;0;0.00
1601;KAB;466956;1;1;0;0.00
1601;KAB;466455;1;1;0;0.00
1601;KAB;467004;1;1;0;0.00
1601;KAB;465358;1;1;0;0.00
1601;KAB;467002;1;1;0;0.00
1601;KAB;464716;1;1;0;0.00
1601;KAB;467141;1;1;0;0.00
1601;KAB;464251;1;1;0;0.00
1601;KAB;467255;1;1;0;0.00
1601;BFDC;333;1;1;0;3.01
1601;BFDC;328;1;1;0;3.01
1601;BFDC;327;1;1;0;3.01
1601;BFDC;326;1;1;0;3.01
1601;BFDC;325;1;1;0;3.01
1601;BFDC;327;1;1;0;3.01
1601;BFDC;330;1;1;0;3.01
1601;BFDC;328;1;1;0;3.01
1601;BFDC;335;1;1;0;3.01
1601;BFDC;326;1;1;0;3.01
1601;BFDC;325;1;1;0;3.01
1601;BFDC;326;1;1;0;3.01
1601;BFDC;325;1;1;0;3.01
1601;BFDC;326;1;1;0;3.01
1601;BFDC;326;1;1;0;3.01
1601;BFDC;326;1;1;0;3.01
1601;BFDC;330;1;1;0;3.01
1601;BFDC;325;1;1;0;3.01
1601;BFDC;326;1;1;0;3.01
1601;BFDC;326;1;1;0;3.01
1601;BFDC;383;1;1;0;3.55
1601;BFDC;382;1;1;0;3.55
1601;BFDC;381;1;1;0;3.55
1601;BFDC;382;1;1;0;3.55
1601;BFDC;382;1;1;0;3.55
1601;BFDC;387;1;1;0;3.55
1601;BFDC;381;1;1;0;3.55
1601;BFDC;381;1;1;0;3.55
1601;BFDC;382;1;1;0;3.55
1601;BFDC;381;1;1;0;3.55
1601;BFDC;381;1;1;0;3.55
1601;BFDC;381;1;1;0;3.55
1601;BFDC;381;1;1;0;3.55
1601;BFDC;383;1;1;0;3.55
1601;BFDC;382;1;1;0;3.55
1601;BFDC;382;1;1;0;3.55
1601;BFDC;382;1;1;0;3.55
1601;BFDC;380;1;1;0;3.55
1601;BFDC;380;1;1;0;3.55
1601;BFDC;382;1;1;0;3.55
1601;BFDC;354;1;1;0;3.24
1601;BFDC;354;1;1;0;3.24
1601;BFDC;355;1;1;0;3.24
1601;BFDC;354;1;1;0;3.24
1601;BFDC;354;1;1;0;3.24
1601;BFDC;354;1;1;0;3.24
1601;BFDC;354;1;1;0;3.24
1601;BFDC;353;1;1;0;3.24
1601;BFDC;354;1;1;0;3.24
1601;BFDC;353;1;1;0;3.24
1601;BFDC;354;1;1;0;3.24
1601;BFDC;354;1;1;0;3.24
1601;BFDC;359;1;1;0;3.24
1601;BFDC;354;1;1;0;3.24
1601;BFDC;354;1;1;0;3.24
1601;BFDC;354;1;1;0;3.24
1601;BFDC;354;1;1;0;3.24
1601;BFDC;354;1;1;0;3.24
1601;BFDC;353;1;1;0;3.24
1601;BFDC;354;1;1;0;3.24
1601;CRA;45021;1;1;0;143.04
1601;CRA;44692;1;1;0;143.04
1601;CRA;44709;1;1;0;143.04
1601;CRA;44743;1;1;0;143.04
1601;CRA;44708;1;1;0;143.04
1601;CRA;44700;1;1;0;143.04
1601;CRA;44710;1;1;0;143.04
1601;CRA;44693;1;1;0;143.04
1601;CRA;44726;1;1;0;143.04
1601;CRA;44689;1;1;0;143.04
1601;CRA;44678;1;1;0;143.04
1601;CRA;44710;1;1;0;143.04
1601;CRA;45801;1;1;0;143.04
1601;CRA;44726;1;1;0;143.04
1601;CRA;44742;1;1;0;143.04
1601;CRA;44710;1;1;0;143.04
1601;CRA;44700;1;1;0;143.04
1601;CRA;44708;1;1;0;143.04
1601;CRA;44661;1;1;0;143.04
1601;CRA;44707;1;1;0;143.04
1601;CRA;6715;1;1;0;23.36
1601;CRA;6680;1;1;0;23.36
1601;CRA;6674;1;1;0;23.36
1601;CRA;6673;1;1;0;23.36
1601;CRA;6678;1;1;0;23.36
1601;CRA;6667;1;1;0;23.36
1601;CRA;6679;1;1;0;23.36
1601;CRA;6662;1;1;0;23.36
1601;CRA;6666;1;1;0;23.36
1601;CRA;6677;1;1;0;23.36
1601;CRA;6658;1;1;0;23.36
1601;CRA;6669;1;1;0;23.36
1601;CRA;6669;1;1;0;23.36
1601;CRA;6663;1;1;0;23.36
1601;CRA;6672;1;1;0;23.36
1601;CRA;6671;1;1;0;23.36
1601;CRA;6670;1;1;0;23.36
1601;CRA;6686;1;1;0;23.36
1601;CRA;6674;1;1;0;23.36
1601;CRA;6668;1;1;0;23.36
1601;CRA;21148;1;1;0;67.75
1601;CRA;20963;1;1;0;67.75
1601;CRA;20947;1;1;0;67.75
1601;CRA;20966;1;1;0;67.75
1601;CRA;20936;1;1;0;67.75
1601;CRA;20942;1;1;0;67.75
1601;CRA;20961;1;1;0;67.75
1601;CRA;20938;1;1;0;67.75
1601;CRA;20949;1;1;0;67.75
1601;CRA;20934;1;1;0;67.75
1601;CRA;20936;1;1;0;67.75
1601;CRA;20932;1;1;0;67.75
1601;CRA;20938;1;1;0;67.75
1601;CRA;20935;1;1;0;67.75
1601;CRA;21040;1;1;0;67.75
1601;CRA;21062;1;1;0;67.75
1601;CRA;20975;1;1;0;67.75
1601;CRA;21060;1;1;0;67.75
1601;CRA;21045;1;1;0;67.75
1601;CRA;20962;1;1;0;67.75
401;ULT;176341;1;1;0;1222.97
401;ULT;176406;1;1;0;1222.97
401;ULT;176498;1;1;0;1222.97
401;ULT;176303;1;1;0;1222.97
401;ULT;176432;1;1;0;1222.97
401;ULT;176389;1;1;0;1222.97
401;ULT;176537;1;1;0;1222.97
401;ULT;176398;1;1;0;1222.97
401;ULT;176338;1;1;0;1222.97
401;ULT;176398;1;1;0;1222.97
401;ULT;176502;1;1;0;1222.97
401;ULT;176440;1;1;0;1222.97
401;ULT;176439;1;1;0;1222.97
401;ULT;176539;1;1;0;1222.97
401;ULT;176017;1;1;0;1222.97
401;ULT;175664;1;1;0;1222.97
401;ULT;175563;1;1;0;1222.97
401;ULT;175671;1;1;0;1222.97
401;ULT;175555;1;1;0;1222.97
401;ULT;175679;1;1;0;1222.97
401;ULT;173805;1;1;0;1223.03
401;ULT;173817;1;1;0;1223.03
401;ULT;174276;1;1;0;1223.03
401;ULT;173732;1;1;0;1223.03
401;ULT;173636;1;1;0;1223.03
401;ULT;173676;1;1;0;1223.03
401;ULT;174692;1;1;0;1223.03
401;ULT;173716;1;1;0;1223.03
401;ULT;173889;1;1;0;1223.03
401;ULT;173520;1;1;0;1223.03
401;ULT;173618;1;1;0;1223.03
401;ULT;173486;1;1;0;1223.03
401;ULT;173884;1;1;0;1223.03
401;ULT;173609;1;1;0;1223.03
401;ULT;174123;1;1;0;1223.03
401;ULT;173708;1;1;0;1223.03
401;ULT;173616;1;1;0;1223.03
401;ULT;173565;1;1;0;1223.03
401;ULT;173838;1;1;0;1223.03
401;ULT;173570;1;1;0;1223.03
401;ULT;231123;1;1;0;1630.66
401;ULT;231276;1;1;0;1630.66
401;ULT;231062;1;1;0;1630.66
401;ULT;231375;1;1;0;1630.66
401;ULT;231252;1;1;0;1630.66
401;ULT;231159;1;1;0;1630.66
401;ULT;231175;1;1;0;1630.66
401;ULT;231175;1;1;0;1630.66
401;ULT;231398;1;1;0;1630.66
401;ULT;231305;1;1;0;1630.66
401;ULT;231149;1;1;0;1630.66
401;ULT;231944;1;1;0;1630.66
401;ULT;231688;1;1;0;1630.66
401;ULT;231283;1;1;0;1630.66
401;ULT;231321;1;1;0;1630.66
401;ULT;231141;1;1;0;1630.66
401;ULT;231414;1;1;0;1630.66
401;ULT;231384;1;1;0;1630.66
401;ULT;231366;1;1;0;1630.66
401;ULT;232640;1;1;0;1630.66
401;RULT;397;1;1;0;7.43
401;RULT;398;1;1;0;7.43
401;RULT;394;1;1;0;7.43
401;RULT;395;1;1;0;7.43
401;RULT;394;1;1;0;7.43
401;RULT;399;1;1;0;7.43
401;RULT;394;1;1;0;7.43
401;RULT;393;1;1;0;7.43
401;RULT;396;1;1;0;7.43
401;RULT;396;1;1;0;7.43
401;RULT;396;1;1;0;7.43
401;RULT;398;1;1;0;7.43
401;RULT;393;1;1;0;7.43
401;RULT;399;1;1;0;7.43
401;RULT;393;1;1;0;7.43
401;RULT;394;1;1;0;7.43
401;RULT;395;1;1;0;7.43
401;RULT;396;1;1;0;7.43
401;RULT;395;1;1;0;7.43
401;RULT;396;1;1;0;7.43
401;RULT;298;1;1;0;5.23
401;RULT;297;1;1;0;5.23
401;RULT;296;1;1;0;5.23
401;RULT;296;1;1;0;5.23
401;RULT;296;1;1;0;5.23
401;RULT;297;1;1;0;5.23
401;RULT;301;1;1;0;5.23
401;RULT;295;1;1;0;5.23
401;RULT;295;1;1;0;5.23
401;RULT;294;1;1;0;5.23
401;RULT;294;1;1;0;5.23
401;RULT;296;1;1;0;5.23
401;RULT;296;1;1;0;5.23
401;RULT;295;1;1;0;5.23
401;RULT;297;1;1;0;5.23
401;RULT;301;1;1;0;5.23
401;RULT;297;1;1;0;5.23
401;RULT;298;1;1;0;5.23
401;RULT;298;1;1;0;5.23
401;RULT;295;1;1;0;5.23
401;RULT;391;1;1;0;6.61
401;RULT;390;1;1;0;6.61
401;RULT;393;1;1;0;6.61
401;RULT;389;1;1;0;6.61
401;RULT;387;1;1;0;6.61
401;RULT;387;1;1;0;6.61
401;RULT;387;1;1;0;6.61
401;RULT;388;1;1;0;6.61
401;RULT;389;1;1;0;6.61
401;RULT;388;1;1;0;6.61
401;RULT;393;1;1;0;6.61
401;RULT;389;1;1;0;6.61
401;RULT;387;1;1;0;6.61
401;RULT;387;1;1;0;6.61
401;RULT;389;1;1;0;6.61
401;RULT;390;1;1;0;6.61
401;RULT;387;1;1;0;6.61
401;RULT;389;1;1;0;6.61
401;RULT;388;1;1;0;6.61
401;RULT;388;1;1;0;6.61
401;ILP;25304;1;1;0;0.00
401;ILP;19583;1;1;0;0.00
401;ILP;19450;1;1;0;0.00
401;ILP;19480;1;1;0;0.00
401;ILP;19188;1;1;0;0.00
401;ILP;19277;1;1;0;0.00
401;ILP;19455;1;1;0;0.00
401;ILP;19483;1;1;0;0.00
401;ILP;19862;1;1;0;0.00
401;ILP;19583;1;1;0;0.00
401;ILP;19505;1;1;0;0.00
401;ILP;19526;1;1;0;0.00
401;ILP;19487;1;1;0;0.00
401;ILP;19469;1;1;0;0.00
401;ILP;19431;1;1;0;0.00
401;ILP;19484;1;1;0;0.00
401;ILP;19488;1;1;0;0.00
401;ILP;19460;1;1;0;0.00
401;ILP;19439;1;1;0;0.00
401;ILP;19466;1;1;0;0.00
401;ILP;23965;1;1;0;0.00
401;ILP;18224;1;1;0;0.00
401;ILP;18045;1;1;0;0.00
401;ILP;18265;1;1;0;0.00
401;ILP;17961;1;1;0;0.00
401;ILP;18258;1;1;0;0.00
401;ILP;18120;1;1;0;0.00
401;ILP;17906;1;1;0;0.00
401;ILP;18067;1;1;0;0.00
401;ILP;18047;1;1;0;0.00
401;ILP;17979;1;1;0;0.00
401;ILP;17968;1;1;0;0.00
401;ILP;17983;1;1;0;0.00
401;ILP;18127;1;1;0;0.00
401;ILP;18178;1;1;0;0.00
401;ILP;17928;1;1;0;0.00
401;ILP;18133;1;1;0;0.00
401;ILP;17960;1;1;0;0.00
401;ILP;17673;1;1;0;0.00
401;ILP;17949;1;1;0;0.00
401;ILP;29355;1;1;0;0.00
401;ILP;21440;1;1;0;0.00
401;ILP;21229;1;1;0;0.00
401;ILP;21486;1;1;0;0.00
401;ILP;21209;1;1;0;0.00
401;ILP;21677;1;1;0;0.00
401;ILP;21350;1;1;0;0.00
401;ILP;21242;1;1;0;0.00
401;ILP;20956;1;1;0;0.00
401;ILP;21131;1;1;0;0.00
401;ILP;21307;1;1;0;0.00
401;ILP;21099;1;1;0;0.00
401;ILP;21004;1;1;0;0.00
401;ILP;21326;1;1;0;0.00
401;ILP;21158;1;1;0;0.00
401;ILP;21076;1;1;0;0.00
401;ILP;21230;1;1;0;0.00
401;ILP;21139;1;1;0;0.00
401;ILP;21082;1;1;0;0.00
401;ILP;21270;1;1;0;0.00
401;CP;66632;1;1;0;0.00
401;CP;63642;1;1;0;0.00
401;CP;63659;1;1;0;0.00
401;CP;66344;1;1;0;0.00
401;CP;67007;1;1;0;0.00
401;CP;66412;1;1;0;0.00
401;CP;66037;1;1;0;0.00
401;CP;66821;1;1;0;0.00
401;CP;67255;1;1;0;0.00
401;CP;67020;1;1;0;0.00
401;CP;67597;1;1;0;0.00
401;CP;67464;1;1;0;0.00
401;CP;66635;1;1;0;0.00
401;CP;66401;1;1;0;0.00
401;CP;66605;1;1;0;0.00
401;CP;66973;1;1;0;0.00
401;CP;66813;1;1;0;0.00
401;CP;66807;1;1;0;0.00
401;CP;66550;1;1;0;0.00
401;CP;67111;1;1;0;0.00
401;CP;69296;1;1;0;0.00
401;CP;68751;1;1;0;0.00
401;CP;69157;1;1;0;0.00
401;CP;68656;1;1;0;0.00
401;CP;68382;1;1;0;0.00
401;CP;67953;1;1;0;0.00
401;CP;68405;1;1;0;0.00
401;CP;68699;1;1;0;0.00
401;CP;68700;1;1;0;0.00
401;CP;68318;1;1;0;0.00
401;CP;68741;1;1;0;0.00
401;CP;68468;1;1;0;0.00
401;CP;68328;1;1;0;0.00
401;CP;67917;1;1;0;0.00
401;CP;68240;1;1;0;0.00
401;CP;68591;1;1;0;0.00
401;CP;69188;1;1;0;0.00
401;CP;68819;1;1;0;0.00
401;CP;68630;1;1;0;0.00
401;CP;68003;1;1;0;0.00
401;CP;70357;1;1;0;0.00
401;CP;67077;1;1;0;0.00
401;CP;67159;1;1;0;0.00
401;CP;67491;1;1;0;0.00
401;CP;67398;1;1;0;0.00
401;CP;67623;1;1;0;0.00
401;CP;67050;1;1;0;0.00
401;CP;67018;1;1;0;0.00
401;CP;67223;1;1;0;0.00
401;CP;68223;1;1;0;0.00
401;CP;67652;1;1;0;0.00
401;CP;67102;1;1;0;0.00
401;CP;66969;1;1;0;0.00
401;CP;67103;1;1;0;0.00
401;CP;66537;1;1;0;0.00
401;CP;67236;1;1;0;0.00
401;CP;67694;1;1;0;0.00
401;CP;66815;1;1;0;0.00
401;CP;67243;1;1;0;0.00
401;CP;67654;1;1;0;0.00
401;SCP;44847;1;1;0;0.00
401;SCP;44633;1;1;0;0.00
401;SCP;44539;1;1;0;0.00
401;SCP;44485;1;1;0;0.00
401;SCP;45260;1;1;0;0.00
401;SCP;44852;1;1;0;0.00
401;SCP;44935;1;1;0;0.00
401;SCP;44578;1;1;0;0.00
401;SCP;44831;1;1;0;0.00
401;SCP;44611;1;1;0;0.00
401;SCP;44520;1;1;0;0.00
401;SCP;44777;1;1;0;0.00
401;SCP;44746;1;1;0;0.00
401;SCP;44891;1;1;0;0.00
401;SCP;44928;1;1;0;0.00
401;SCP;44781;1;1;0;0.00
401;SCP;44719;1;1;0;0.00
401;SCP;44876;1;1;0;0.00
401;SCP;44471;1;1;0;0.00
401;SCP;44946;1;1;0;0.00
401;SCP;37139;1;1;0;0.00
401;SCP;36708;1;1;0;0.00
401;SCP;36679;1;1;0;0.00
401;SCP;36770;1;1;0;0.00
401;SCP;37077;1;1;0;0.00
401;SCP;36790;1;1;0;0.00
401;SCP;36665;1;1;0;0.00
401;SCP;36600;1;1;0;0.00
401;SCP;36599;1;1;0;0.00
401;SCP;37121;1;1;0;0.00
401;SCP;36772;1;1;0;0.00
401;SCP;36842;1;1;0;0.00
401;SCP;37001;1;1;0;0.00
401;SCP;36750;1;1;0;0.00
401;SCP;36789;1;1;0;0.00
401;SCP;36748;1;1;0;0.00
401;SCP;37041;1;1;0;0.00
401;SCP;37460;1;1;0;0.00
401;SCP;36821;1;1;0;0.00
401;SCP;37017;1;1;0;0.00
401;SCP;56273;1;1;0;0.00
401;SCP;56420;1;1;0;0.00
401;SCP;56505;1;1;0;0.00
401;SCP;56664;1;1;0;0.00
401;SCP;57171;1;1;0;0.00
401;SCP;56565;1;1;0;0.00
401;SCP;56470;1;1;0;0.00
401;SCP;56406;1;1;0;0.00
401;SCP;56539;1;1;0;0.00
401;SCP;56436;1;1;0;0.00
401;SCP;56463;1;1;0;0.00
401;SCP;56367;1;1;0;0.00
401;SCP;56352;1;1;0;0.00
401;SCP;56406;1;1;0;0.00
401;SCP;56347;1;1;0;0.00
401;SCP;56344;1;1;0;0.00
401;SCP;56403;1;1;0;0.00
401;SCP;56310;1;1;0;0.00
401;SCP;56587;1;1;0;0.00
401;SCP;56521;1;1;0;0.00
401;KAB;21071;1;1;0;0.00
401;KAB;20971;1;1;0;0.00
401;KAB;20815;1;1;0;0.00
401;KAB;20767;1;1;0;0.00
401;KAB;20781;1;1;0;0.00
401;KAB;20800;1;1;0;0.00
401;KAB;20791;1;1;0;0.00
401;KAB;20791;1;1;0;0.00
401;KAB;20797;1;1;0;0.00
401;KAB;20781;1;1;0;0.00
401;KAB;20789;1;1;0;0.00
401;KAB;20782;1;1;0;0.00
401;KAB;20880;1;1;0;0.00
401;KAB;20754;1;1;0;0.00
401;KAB;22056;1;1;0;0.00
401;KAB;20954;1;1;0;0.00
401;KAB;20824;1;1;0;0.00
401;KAB;20798;1;1;0;0.00
401;KAB;20790;1;1;0;0.00
401;KAB;21036;1;1;0;0.00
401;KAB;19285;1;1;0;0.00
401;KAB;19091;1;1;0;0.00
401;KAB;17537;1;1;0;0.00
401;KAB;18312;1;1;0;0.00
401;KAB;18322;1;1;0;0.00
401;KAB;19092;1;1;0;0.00
401;KAB;19052;1;1;0;0.00
401;KAB;19081;1;1;0;0.00
401;KAB;19054;1;1;0;0.00
401;KAB;19172;1;1;0;0.00
401;KAB;19084;1;1;0;0.00
401;KAB;19087;1;1;0;0.00
401;KAB;17595;1;1;0;0.00
401;KAB;17544;1;1;0;0.00
401;KAB;17527;1;1;0;0.00
401;KAB;18120;1;1;0;0.00
401;KAB;19068;1;1;0;0.00
401;KAB;19078;1;1;0;0.00
401;KAB;19033;1;1;0;0.00
401;KAB;19024;1;1;0;0.00
401;KAB;19123;1;1;0;0.00
401;KAB;18994;1;1;0;0.00
401;KAB;18943;1;1;0;0.00
401;KAB;19087;1;1;0;0.00
401;KAB;18980;1;1;0;0.00
401;KAB;19138;1;1;0;0.00
401;KAB;19281;1;1;0;0.00
401;KAB;20456;1;1;0;0.00
401;KAB;20567;1;1;0;0.00
401;KAB;20460;1;1;0;0.00
401;KAB;20458;1;1;0;0.00
401;KAB;18988;1;1;0;0.00
401;KAB;19279;1;1;0;0.00
401;KAB;20501;1;1;0;0.00
401;KAB;20618;1;1;0;0.00
401;KAB;20468;1;1;0;0.00
401;KAB;20572;1;1;0;0.00
401;KAB;20492;1;1;0;0.00
401;KAB;20451;1;1;0;0.00
401;KAB;20502;1;1;0;0.00
401;BFDC;87;1;1;0;3.48
401;BFDC;85;1;1;0;3.48
401;BFDC;85;1;1;0;3.48
401;BFDC;84;1;1;0;3.48
401;BFDC;84;1;1;0;3.48
401;BFDC;84;1;1;0;3.48
401;BFDC;84;1;1;0;3.48
401;BFDC;84;1;1;0;3.48
401;BFDC;84;1;1;0;3.48
401;BFDC;84;1;1;0;3.48
401;BFDC;84;1;1;0;3.48
401;BFDC;84;1;1;0;3.48
401;BFDC;84;1;1;0;3.48
401;BFDC;84;1;1;0;3.48
401;BFDC;84;1;1;0;3.48
401;BFDC;84;1;1;0;3.48
401;BFDC;84;1;1;0;3.48
401;BFDC;85;1;1;0;3.48
401;BFDC;84;1;1;0;3.48
401;BFDC;84;1;1;0;3.48
401;BFDC;58;1;1;0;2.34
401;BFDC;56;1;1;0;2.34
401;BFDC;55;1;1;0;2.34
401;BFDC;55;1;1;0;2.34
401;BFDC;55;1;1;0;2.34
401;BFDC;55;1;1;0;2.34
401;BFDC;54;1;1;0;2.34
401;BFDC;54;1;1;0;2.34
401;BFDC;54;1;1;0;2.34
401;BFDC;54;1;1;0;2.34
401;BFDC;54;1;1;0;2.34
401;BFDC;53;1;1;0;2.34
401;BFDC;53;1;1;0;2.34
401;BFDC;54;1;1;0;2.34
401;BFDC;54;1;1;0;2.34
401;BFDC;54;1;1;0;2.34
401;BFDC;54;1;1;0;2.34
401;BFDC;53;1;1;0;2.34
401;BFDC;53;1;1;0;2.34
401;BFDC;53;1;1;0;2.34
401;BFDC;64;1;1;0;2.65
401;BFDC;62;1;1;0;2.65
401;BFDC;62;1;1;0;2.65
401;BFDC;60;1;1;0;2.65
401;BFDC;60;1;1;0;2.65
401;BFDC;60;1;1;0;2.65
401;BFDC;60;1;1;0;2.65
401;BFDC;59;1;1;0;2.65
401;BFDC;59;1;1;0;2.65
401;BFDC;59;1;1;0;2.65
401;BFDC;59;1;1;0;2.65
401;BFDC;64;1;1;0;2.65
401;BFDC;59;1;1;0;2.65
401;BFDC;59;1;1;0;2.65
401;BFDC;59;1;1;0;2.65
401;BFDC;59;1;1;0;2.65
401;BFDC;59;1;1;0;2.65
401;BFDC;59;1;1;0;2.65
401;BFDC;59;1;1;0;2.65
401;BFDC;59;1;1;0;2.65
401;CRA;291;1;1;0;6.21
401;CRA;281;1;1;0;6.21
401;CRA;278;1;1;0;6.21
401;CRA;277;1;1;0;6.21
401;CRA;277;1;1;0;6.21
401;CRA;279;1;1;0;6.21
401;CRA;279;1;1;0;6.21
401;CRA;277;1;1;0;6.21
401;CRA;278;1;1;0;6.21
401;CRA;279;1;1;0;6.21
401;CRA;277;1;1;0;6.21
401;CRA;277;1;1;0;6.21
401;CRA;282;1;1;0;6.21
401;CRA;279;1;1;0;6.21
401;CRA;276;1;1;0;6.21
401;CRA;276;1;1;0;6.21
401;CRA;279;1;1;0;6.21
401;CRA;277;1;1;0;6.21
401;CRA;278;1;1;0;6.21
401;CRA;276;1;1;0;6.21
401;CRA;126;1;1;0;3.22
401;CRA;110;1;1;0;3.22
401;CRA;104;1;1;0;3.22
401;CRA;102;1;1;0;3.22
401;CRA;100;1;1;0;3.22
401;CRA;99;1;1;0;3.22
401;CRA;98;1;1;0;3.22
401;CRA;97;1;1;0;3.22
401;CRA;96;1;1;0;3.22
401;CRA;96;1;1;0;3.22
401;CRA;96;1;1;0;3.22
401;CRA;94;1;1;0;3.22
401;CRA;93;1;1;0;3.22
401;CRA;94;1;1;0;3.22
401;CRA;93;1;1;0;3.22
401;CRA;93;1;1;0;3.22
401;CRA;92;1;1;0;3.22
401;CRA;93;1;1;0;3.22
401;CRA;93;1;1;0;3.22
401;CRA;93;1;1;0;3.22
401;CRA;1137;1;1;0;18.70
401;CRA;1111;1;1;0;18.70
401;CRA;1111;1;1;0;18.70
401;CRA;1112;1;1;0;18.70
401;CRA;1109;1;1;0;18.70
401;CRA;1109;1;1;0;18.70
401;CRA;1111;1;1;0;18.70
401;CRA;1110;1;1;0;18.70
401;CRA;1111;1;1;0;18.70
401;CRA;1113;1;1;0;18.70
401;CRA;1109;1;1;0;18.70
401;CRA;1107;1;1;0;18.70
401;CRA;1112;1;1;0;18.70
401;CRA;1112;1;1;0;18.70
401;CRA;1109;1;1;0;18.70
401;CRA;1108;1;1;0;18.70
401;CRA;1111;1;1;0;18.70
401;CRA;1110;1;1;0;18.70
401;CRA;1112;1;1;0;18.70
401;CRA;1109;1;1;0;18.70
97;ULT;4680;1;1;0;415.22
97;ULT;4659;1;1;0;415.22
97;ULT;4736;1;1;0;415.22
97;ULT;4662;1;1;0;415.22
97;ULT;4663;1;1;0;415.22
97;ULT;4726;1;1;0;415.22
97;ULT;4683;1;1;0;415.22
97;ULT;4700;1;1;0;415.22
97;ULT;4732;1;1;0;415.22
97;ULT;4673;1;1;0;415.22
97;ULT;4662;1;1;0;415.22
97;ULT;4662;1;1;0;415.22
97;ULT;4662;1;1;0;415.22
97;ULT;4686;1;1;0;415.22
97;ULT;4665;1;1;0;415.22
97;ULT;4662;1;1;0;415.22
97;ULT;4660;1;1;0;415.22
97;ULT;4659;1;1;0;415.22
97;ULT;4663;1;1;0;415.22
97;ULT;4677;1;1;0;415.22
97;ULT;3532;1;1;0;311.36
97;ULT;3513;1;1;0;311.36
97;ULT;3489;1;1;0;311.36
97;ULT;3485;1;1;0;311.36
97;ULT;3483;1;1;0;311.36
97;ULT;3483;1;1;0;311.36
97;ULT;3504;1;1;0;311.36
97;ULT;3481;1;1;0;311.36
97;ULT;3504;1;1;0;311.36
97;ULT;3526;1;1;0;311.36
97;ULT;3504;1;1;0;311.36
97;ULT;3525;1;1;0;311.36
97;ULT;3504;1;1;0;311.36
97;ULT;3512;1;1;0;311.36
97;ULT;3512;1;1;0;311.36
97;ULT;3514;1;1;0;311.36
97;ULT;3533;1;1;0;311.36
97;ULT;3860;1;1;0;311.36
97;ULT;3896;1;1;0;311.36
97;ULT;3484;1;1;0;311.36
97;ULT;4715;1;1;0;415.18
97;ULT;4679;1;1;0;415.18
97;ULT;4635;1;1;0;415.18
97;ULT;4667;1;1;0;415.18
97;ULT;4659;1;1;0;415.18
97;ULT;4633;1;1;0;415.18
97;ULT;4639;1;1;0;415.18
97;ULT;4637;1;1;0;415.18
97;ULT;4703;1;1;0;415.18
97;ULT;4638;1;1;0;415.18
97;ULT;4636;1;1;0;415.18
97;ULT;4710;1;1;0;415.18
97;ULT;4634;1;1;0;415.18
97;ULT;4637;1;1;0;415.18
97;ULT;4658;1;1;0;415.18
97;ULT;4666;1;1;0;415.18
97;ULT;4635;1;1;0;415.18
97;ULT;4702;1;1;0;415.18
97;ULT;4636;1;1;0;415.18
97;ULT;4640;1;1;0;415.18
97;RULT;115;1;1;0;8.21
97;RULT;103;1;1;0;8.21
97;RULT;100;1;1;0;8.21
97;RULT;100;1;1;0;8.21
97;RULT;100;1;1;0;8.21
97;RULT;99;1;1;0;8.21
97;RULT;99;1;1;0;8.21
97;RULT;98;1;1;0;8.21
97;RULT;98;1;1;0;8.21
97;RULT;97;1;1;0;8.21
97;RULT;97;1;1;0;8.21
97;RULT;97;1;1;0;8.21
97;RULT;97;1;1;0;8.21
97;RULT;98;1;1;0;8.21
97;RULT;97;1;1;0;8.21
97;RULT;97;1;1;0;8.21
97;RULT;97;1;1;0;8.21
97;RULT;96;1;1;0;8.21
97;RULT;97;1;1;0;8.21
97;RULT;96;1;1;0;8.21
97;RULT;69;1;1;0;4.91
97;RULT;63;1;1;0;4.91
97;RULT;61;1;1;0;4.91
97;RULT;60;1;1;0;4.91
97;RULT;60;1;1;0;4.91
97;RULT;59;1;1;0;4.91
97;RULT;58;1;1;0;4.91
97;RULT;59;1;1;0;4.91
97;RULT;59;1;1;0;4.91
97;RULT;59;1;1;0;4.91
97;RULT;58;1;1;0;4.91
97;RULT;59;1;1;0;4.91
97;RULT;59;1;1;0;4.91
97;RULT;58;1;1;0;4.91
97;RULT;58;1;1;0;4.91
97;RULT;58;1;1;0;4.91
97;RULT;58;1;1;0;4.91
97;RULT;58;1;1;0;4.91
97;RULT;58;1;1;0;4.91
97;RULT;58;1;1;0;4.91
97;RULT;104;1;1;0;7.67
97;RULT;96;1;1;0;7.67
97;RULT;93;1;1;0;7.67
97;RULT;92;1;1;0;7.67
97;RULT;92;1;1;0;7.67
97;RULT;92;1;1;0;7.67
97;RULT;91;1;1;0;7.67
97;RULT;92;1;1;0;7.67
97;RULT;91;1;1;0;7.67
97;RULT;91;1;1;0;7.67
97;RULT;90;1;1;0;7.67
97;RULT;90;1;1;0;7.67
97;RULT;90;1;1;0;7.67
97;RULT;90;1;1;0;7.67
97;RULT;90;1;1;0;7.67
97;RULT;91;1;1;0;7.67
97;RULT;91;1;1;0;7.67
97;RULT;90;1;1;0;7.67
97;RULT;90;1;1;0;7.67
97;RULT;90;1;1;0;7.67
97;ILP;11715;1;1;0;0.00
97;ILP;6480;1;1;0;0.00
97;ILP;5569;1;1;0;0.00
97;ILP;5583;1;1;0;0.00
97;ILP;5580;1;1;0;0.00
97;ILP;5655;1;1;0;0.00
97;ILP;5583;1;1;0;0.00
97;ILP;5700;1;1;0;0.00
97;ILP;5682;1;1;0;0.00
97;ILP;5567;1;1;0;0.00
97;ILP;5699;1;1;0;0.00
97;ILP;5577;1;1;0;0.00
97;ILP;5647;1;1;0;0.00
97;ILP;5625;1;1;0;0.00
97;ILP;5602;1;1;0;0.00
97;ILP;5539;1;1;0;0.00
97;ILP;5601;1;1;0;0.00
97;ILP;5605;1;1;0;0.00
97;ILP;5559;1;1;0;0.00
97;ILP;5587;1;1;0;0.00
97;ILP;9872;1;1;0;0.00
97;ILP;6179;1;1;0;0.00
97;ILP;5477;1;1;0;0.00
97;ILP;5396;1;1;0;0.00
97;ILP;5387;1;1;0;0.00
97;ILP;5366;1;1;0;0.00
97;ILP;5337;1;1;0;0.00
97;ILP;5339;1;1;0;0.00
97;ILP;5455;1;1;0;0.00
97;ILP;5398;1;1;0;0.00
97;ILP;5431;1;1;0;0.00
97;ILP;5419;1;1;0;0.00
97;ILP;5302;1;1;0;0.00
97;ILP;5361;1;1;0;0.00
97;ILP;5334;1;1;0;0.00
97;ILP;5474;1;1;0;0.00
97;ILP;5355;1;1;0;0.00
97;ILP;9186;1;1;0;0.00
97;ILP;9031;1;1;0;0.00
97;ILP;5410;1;1;0;0.00
97;ILP;11448;1;1;0;0.00
97;ILP;7216;1;1;0;0.00
97;ILP;6377;1;1;0;0.00
97;ILP;6228;1;1;0;0.00
97;ILP;6337;1;1;0;0.00
97;ILP;6328;1;1;0;0.00
97;ILP;6314;1;1;0;0.00
97;ILP;6390;1;1;0;0.00
97;ILP;6325;1;1;0;0.00
97;ILP;6373;1;1;0;0.00
97;ILP;6324;1;1;0;0.00
97;ILP;6389;1;1;0;0.00
97;ILP;6233;1;1;0;0.00
97;ILP;6365;1;1;0;0.00
97;ILP;6358;1;1;0;0.00
97;ILP;6356;1;1;0;0.00
97;ILP;6372;1;1;0;0.00
97;ILP;6384;1;1;0;0.00
97;ILP;6383;1;1;0;0.00
97;ILP;6434;1;1;0;0.00
97;CP;17658;1;1;0;0.00
97;CP;17580;1;1;0;0.00
97;CP;17350;1;1;0;0.00
97;CP;17255;1;1;0;0.00
97;CP;17268;1;1;0;0.00
97;CP;17427;1;1;0;0.00
97;CP;17329;1;1;0;0.00
97;CP;17576;1;1;0;0.00
97;CP;17422;1;1;0;0.00
97;CP;17173;1;1;0;0.00
97;CP;17264;1;1;0;0.00
97;CP;17319;1;1;0;0.00
97;CP;17482;1;1;0;0.00
97;CP;17413;1;1;0;0.00
97;CP;17254;1;1;0;0.00
97;CP;17437;1;1;0;0.00
97;CP;17587;1;1;0;0.00
97;CP;17504;1;1;0;0.00
97;CP;17509;1;1;0;0.00
97;CP;17430;1;1;0;0.00
97;CP;19024;1;1;0;0.00
97;CP;18616;1;1;0;0.00
97;CP;18707;1;1;0;0.00
97;CP;18623;1;1;0;0.00
97;CP;18710;1;1;0;0.00
97;CP;18525;1;1;0;0.00
97;CP;18726;1;1;0;0.00
97;CP;18730;1;1;0;0.00
97;CP;18858;1;1;0;0.00
97;CP;18571;1;1;0;0.00
97;CP;18607;1;1;0;0.00
97;CP;18739;1;1;0;0.00
97;CP;18593;1;1;0;0.00
97;CP;18757;1;1;0;0.00
97;CP;18692;1;1;0;0.00
97;CP;18732;1;1;0;0.00
97;CP;18850;1;1;0;0.00
97;CP;18713;1;1;0;0.00
97;CP;18759;1;1;0;0.00
97;CP;18909;1;1;0;0.00
97;CP;17612;1;1;0;0.00
97;CP;17324;1;1;0;0.00
97;CP;17430;1;1;0;0.00
97;CP;17951;1;1;0;0.00
97;CP;17237;1;1;0;0.00
97;CP;17377;1;1;0;0.00
97;CP;17315;1;1;0;0.00
97;CP;17372;1;1;0;0.00
97;CP;17512;1;1;0;0.00
97;CP;17291;1;1;0;0.00
97;CP;17214;1;1;0;0.00
97;CP;17437;1;1;0;0.00
97;CP;17284;1;1;0;0.00
97;CP;17402;1;1;0;0.00
97;CP;17303;1;1;0;0.00
97;CP;17631;1;1;0;0.00
97;CP;17417;1;1;0;0.00
97;CP;17296;1;1;0;0.00
97;CP;17547;1;1;0;0.00
97;CP;17458;1;1;0;0.00
97;SCP;23593;1;1;0;0.00
97;SCP;22897;1;1;0;0.00
97;SCP;22867;1;1;0;0.00
97;SCP;22890;1;1;0;0.00
97;SCP;22852;1;1;0;0.00
97;SCP;22981;1;1;0;0.00
97;SCP;22913;1;1;0;0.00
97;SCP;22918;1;1;0;0.00
97;SCP;22867;1;1;0;0.00
97;SCP;22852;1;1;0;0.00
97;SCP;22849;1;1;0;0.00
97;SCP;22827;1;1;0;0.00
97;SCP;22880;1;1;0;0.00
97;SCP;22860;1;1;0;0.00
97;SCP;22862;1;1;0;0.00
97;SCP;22884;1;1;0;0.00
97;SCP;22872;1;1;0;0.00
97;SCP;22853;1;1;0;0.00
97;SCP;22953;1;1;0;0.00
97;SCP;23293;1;1;0;0.00
97;SCP;10992;1;1;0;0.00
97;SCP;10909;1;1;0;0.00
97;SCP;10682;1;1;0;0.00
97;SCP;10824;1;1;0;0.00
97;SCP;10944;1;1;0;0.00
97;SCP;10717;1;1;0;0.00
97;SCP;10706;1;1;0;0.00
97;SCP;10815;1;1;0;0.00
97;SCP;10740;1;1;0;0.00
97;SCP;10780;1;1;0;0.00
97;SCP;10791;1;1;0;0.00
97;SCP;10809;1;1;0;0.00
97;SCP;10819;1;1;0;0.00
97;SCP;10797;1;1;0;0.00
97;SCP;10779;1;1;0;0.00
97;SCP;10835;1;1;0;0.00
97;SCP;10671;1;1;0;0.00
97;SCP;10724;1;1;0;0.00
97;SCP;10932;1;1;0;0.00
97;SCP;10811;1;1;0;0.00
97;SCP;25301;1;1;0;0.00
97;SCP;24363;1;1;0;0.00
97;SCP;24191;1;1;0;0.00
97;SCP;24218;1;1;0;0.00
97;SCP;24439;1;1;0;0.00
97;SCP;24530;1;1;0;0.00
97;SCP;24358;1;1;0;0.00
97;SCP;24429;1;1;0;0.00
97;SCP;24217;1;1;0;0.00
97;SCP;23588;1;1;0;0.00
97;SCP;24192;1;1;0;0.00
97;SCP;23820;1;1;0;0.00
97;SCP;24256;1;1;0;0.00
97;SCP;23946;1;1;0;0.00
97;SCP;24715;1;1;0;0.00
97;SCP;23976;1;1;0;0.00
97;SCP;24236;1;1;0;0.00
97;SCP;24231;1;1;0;0.00
97;SCP;23870;1;1;0;0.00
97;SCP;24215;1;1;0;0.00
97;KAB;1055;1;1;0;0.00
97;KAB;1016;1;1;0;0.00
97;KAB;1009;1;1;0;0.00
97;KAB;1009;1;1;0;0.00
97;KAB;1061;1;1;0;0.00
97;KAB;1116;1;1;0;0.00
97;KAB;1114;1;1;0;0.00
97;KAB;1118;1;1;0;0.00
97;KAB;1106;1;1;0;0.00
97;KAB;1110;1;1;0;0.00
97;KAB;1104;1;1;0;0.00
97;KAB;1101;1;1;0;0.00
97;KAB;1111;1;1;0;0.00
97;KAB;1106;1;1;0;0.00
97;KAB;1115;1;1;0;0.00
97;KAB;1103;1;1;0;0.00
97;KAB;1111;1;1;0;0.00
97;KAB;1105;1;1;0;0.00
97;KAB;1121;1;1;0;0.00
97;KAB;1109;1;1;0;0.00
97;KAB;1171;1;1;0;0.00
97;KAB;1119;1;1;0;0.00
97;KAB;1135;1;1;0;0.00
97;KAB;1127;1;1;0;0.00
97;KAB;1127;1;1;0;0.00
97;KAB;1127;1;1;0;0.00
97;KAB;1156;1;1;0;0.00
97;KAB;1225;1;1;0;0.00
97;KAB;1229;1;1;0;0.00
97;KAB;1235;1;1;0;0.00
97;KAB;1228;1;1;0;0.00
97;KAB;1228;1;1;0;0.00
97;KAB;1236;1;1;0;0.00
97;KAB;1228;1;1;0;0.00
97;KAB;1227;1;1;0;0.00
97;KAB;1230;1;1;0;0.00
97;KAB;1226;1;1;0;0.00
97;KAB;1232;1;1;0;0.00
97;KAB;1233;1;1;0;0.00
97;KAB;1230;1;1;0;0.00
97;KAB;1175;1;1;0;0.00
97;KAB;1119;1;1;0;0.00
97;KAB;1129;1;1;0;0.00
97;KAB;1182;1;1;0;0.00
97;KAB;1236;1;1;0;0.00
97;KAB;1241;1;1;0;0.00
97;KAB;1248;1;1;0;0.00
97;KAB;1243;1;1;0;0.00
97;KAB;1240;1;1;0;0.00
97;KAB;1234;1;1;0;0.00
97;KAB;1234;1;1;0;0.00
97;KAB;1239;1;1;0;0.00
97;KAB;1233;1;1;0;0.00
97;KAB;1236;1;1;0;0.00
97;KAB;1239;1;1;0;0.00
97;KAB;1239;1;1;0;0.00
97;KAB;1247;1;1;0;0.00
97;KAB;1237;1;1;0;0.00
97;KAB;1254;1;1;0;0.00
97;KAB;1235;1;1;0;0.00
97;BFDC;18;1;1;0;3.02
97;BFDC;16;1;1;0;3.02
97;BFDC;15;1;1;0;3.02
97;BFDC;14;1;1;0;3.02
97;BFDC;14;1;1;0;3.02
97;BFDC;14;1;1;0;3.02
97;BFDC;13;1;1;0;3.02
97;BFDC;13;1;1;0;3.02
97;BFDC;13;1;1;0;3.02
97;BFDC;13;1;1;0;3.02
97;BFDC;12;1;1;0;3.02
97;BFDC;12;1;1;0;3.02
97;BFDC;12;1;1;0;3.02
97;BFDC;12;1;1;0;3.02
97;BFDC;12;1;1;0;3.02
97;BFDC;12;1;1;0;3.02
97;BFDC;12;1;1;0;3.02
97;BFDC;12;1;1;0;3.02
97;BFDC;12;1;1;0;3.02
97;BFDC;12;1;1;0;3.02
97;BFDC;12;1;1;0;1.98
97;BFDC;10;1;1;0;1.98
97;BFDC;9;1;1;0;1.98
97;BFDC;9;1;1;0;1.98
97;BFDC;9;1;1;0;1.98
97;BFDC;9;1;1;0;1.98
97;BFDC;8;1;1;0;1.98
97;BFDC;8;1;1;0;1.98
97;BFDC;8;1;1;0;1.98
97;BFDC;8;1;1;0;1.98
97;BFDC;8;1;1;0;1.98
97;BFDC;8;1;1;0;1.98
97;BFDC;8;1;1;0;1.98
97;BFDC;8;1;1;0;1.98
97;BFDC;7;1;1;0;1.98
97;BFDC;7;1;1;0;1.98
97;BFDC;7;1;1;0;1.98
97;BFDC;8;1;1;0;1.98
97;BFDC;7;1;1;0;1.98
97;BFDC;7;1;1;0;1.98
97;BFDC;14;1;1;0;2.38
97;BFDC;13;1;1;0;2.38
97;BFDC;13;1;1;0;2.38
97;BFDC;13;1;1;0;2.38
97;BFDC;13;1;1;0;2.38
97;BFDC;13;1;1;0;2.38
97;BFDC;13;1;1;0;2.38
97;BFDC;13;1;1;0;2.38
97;BFDC;12;1;1;0;2.38
97;BFDC;12;1;1;0;2.38
97;BFDC;13;1;1;0;2.38
97;BFDC;12;1;1;0;2.38
97;BFDC;13;1;1;0;2.38
97;BFDC;12;1;1;0;2.38
97;BFDC;13;1;1;0;2.38
97;BFDC;13;1;1;0;2.38
97;BFDC;12;1;1;0;2.38
97;BFDC;13;1;1;0;2.38
97;BFDC;12;1;1;0;2.38
97;BFDC;13;1;1;0;2.38
97;CRA;327;1;1;0;26.89
97;CRA;310;1;1;0;26.89
97;CRA;305;1;1;0;26.89
97;CRA;304;1;1;0;26.89
97;CRA;302;1;1;0;26.89
97;CRA;307;1;1;0;26.89
97;CRA;302;1;1;0;26.89
97;CRA;301;1;1;0;26.89
97;CRA;300;1;1;0;26.89
97;CRA;301;1;1;0;26.89
97;CRA;302;1;1;0;26.89
97;CRA;302;1;1;0;26.89
97;CRA;302;1;1;0;26.89
97;CRA;302;1;1;0;26.89
97;CRA;302;1;1;0;26.89
97;CRA;301;1;1;0;26.89
97;CRA;301;1;1;0;26.89
97;CRA;302;1;1;0;26.89
97;CRA;305;1;1;0;26.89
97;CRA;302;1;1;0;26.89
97;CRA;28;1;1;0;2.91
97;CRA;21;1;1;0;2.91
97;CRA;17;1;1;0;2.91
97;CRA;14;1;1;0;2.91
97;CRA;12;1;1;0;2.91
97;CRA;12;1;1;0;2.91
97;CRA;11;1;1;0;2.91
97;CRA;11;1;1;0;2.91
97;CRA;10;1;1;0;2.91
97;CRA;10;1;1;0;2.91
97;CRA;10;1;1;0;2.91
97;CRA;10;1;1;0;2.91
97;CRA;10;1;1;0;2.91
97;CRA;10;1;1;0;2.91
97;CRA;10;1;1;0;2.91
97;CRA;9;1;1;0;2.91
97;CRA;9;1;1;0;2.91
97;CRA;9;1;1;0;2.91
97;CRA;9;1;1;0;2.91
97;CRA;9;1;1;0;2.91
97;CRA;148;1;1;0;11.57
97;CRA;136;1;1;0;11.57
97;CRA;133;1;1;0;11.57
97;CRA;132;1;1;0;11.57
97;CRA;131;1;1;0;11.57
97;CRA;135;1;1;0;11.57
97;CRA;130;1;1;0;11.57
97;CRA;130;1;1;0;11.57
97;CRA;129;1;1;0;11.57
97;CRA;129;1;1;0;11.57
97;CRA;129;1;1;0;11.57
97;CRA;129;1;1;0;11.57
97;CRA;129;1;1;0;11.57
97;CRA;129;1;1;0;11.57
97;CRA;129;1;1;0;11.57
97;CRA;128;1;1;0;11.57
97;CRA;129;1;1;0;11.57
97;CRA;129;1;1;0;11.57
97;CRA;129;1;1;0;11.57
97;CRA;129;1;1;0;11.57
12801;RULT;30651;1;1;0;11.51
12801;RULT;29206;1;1;0;11.51
12801;RULT;29062;1;1;0;11.51
12801;RULT;29096;1;1;0;11.51
12801;RULT;29171;1;1;0;11.51
12801;RULT;29060;1;1;0;11.51
12801;RULT;29277;1;1;0;11.51
12801;RULT;29178;1;1;0;11.51
12801;RULT;28983;1;1;0;11.51
12801;RULT;29123;1;1;0;11.51
12801;RULT;29145;1;1;0;11.51
12801;RULT;29120;1;1;0;11.51
12801;RULT;29157;1;1;0;11.51
12801;RULT;29109;1;1;0;11.51
12801;RULT;29215;1;1;0;11.51
12801;RULT;29148;1;1;0;11.51
12801;RULT;29045;1;1;0;11.51
12801;RULT;29226;1;1;0;11.51
12801;RULT;29102;1;1;0;11.51
12801;RULT;28969;1;1;0;11.51
12801;RULT;29569;1;1;0;10.07
12801;RULT;29578;1;1;0;10.07
12801;RULT;29610;1;1;0;10.07
12801;RULT;29608;1;1;0;10.07
12801;RULT;29553;1;1;0;10.07
12801;RULT;29569;1;1;0;10.07
12801;RULT;29617;1;1;0;10.07
12801;RULT;29547;1;1;0;10.07
12801;RULT;29558;1;1;0;10.07
12801;RULT;29547;1;1;0;10.07
12801;RULT;29561;1;1;0;10.07
12801;RULT;29636;1;1;0;10.07
12801;RULT;29641;1;1;0;10.07
12801;RULT;29632;1;1;0;10.07
12801;RULT;29449;1;1;0;10.07
12801;RULT;29645;1;1;0;10.07
12801;RULT;29626;1;1;0;10.07
12801;RULT;29717;1;1;0;10.07
12801;RULT;29631;1;1;0;10.07
12801;RULT;29624;1;1;0;10.07
12801;RULT;25839;1;1;0;11.57
12801;RULT;24339;1;1;0;11.57
12801;RULT;24623;1;1;0;11.57
12801;RULT;24795;1;1;0;11.57
12801;RULT;24890;1;1;0;11.57
12801;RULT;24950;1;1;0;11.57
12801;RULT;24999;1;1;0;11.57
12801;RULT;25054;1;1;0;11.57
12801;RULT;25047;1;1;0;11.57
12801;RULT;25140;1;1;0;11.57
12801;RULT;25073;1;1;0;11.57
12801;RULT;25038;1;1;0;11.57
12801;RULT;25115;1;1;0;11.57
12801;RULT;25153;1;1;0;11.57
12801;RULT;25083;1;1;0;11.57
12801;RULT;25101;1;1;0;11.57
12801;RULT;25141;1;1;0;11.57
12801;RULT;25158;1;1;0;11.57
12801;RULT;25186;1;1;0;11.57
12801;RULT;25101;1;1;0;11.57
12801;ILP;1086458;1;1;0;0.00
12801;ILP;1025472;1;1;0;0.00
12801;ILP;1021232;1;1;0;0.00
12801;ILP;1020117;1;1;0;0.00
12801;ILP;1027856;1;1;0;0.00
12801;ILP;1012739;1;1;0;0.00
12801;ILP;1015746;1;1;0;0.00
12801;ILP;1020712;1;1;0;0.00
12801;ILP;1010966;1;1;0;0.00
12801;ILP;1011958;1;1;0;0.00
12801;ILP;1021225;1;1;0;0.00
12801;ILP;1005456;1;1;0;0.00
12801;ILP;1058394;1;1;0;0.00
12801;ILP;1082983;1;1;0;0.00
12801;ILP;1023413;1;1;0;0.00
12801;ILP;1018910;1;1;0;0.00
12801;ILP;1022434;1;1;0;0.00
12801;ILP;1018818;1;1;0;0.00
12801;ILP;1014883;1;1;0;0.00
12801;ILP;1017223;1;1;0;0.00
12801;ILP;1016634;1;1;0;0.00
12801;ILP;938653;1;1;0;0.00
12801;ILP;939283;1;1;0;0.00
12801;ILP;938438;1;1;0;0.00
12801;ILP;941632;1;1;0;0.00
12801;ILP;953272;1;1;0;0.00
12801;ILP;939737;1;1;0;0.00
12801;ILP;938783;1;1;0;0.00
12801;ILP;938944;1;1;0;0.00
12801;ILP;939776;1;1;0;0.00
12801;ILP;937327;1;1;0;0.00
12801;ILP;940546;1;1;0;0.00
12801;ILP;940208;1;1;0;0.00
12801;ILP;940794;1;1;0;0.00
12801;ILP;940236;1;1;0;0.00
12801;ILP;942421;1;1;0;0.00
12801;ILP;938374;1;1;0;0.00
12801;ILP;936393;1;1;0;0.00
12801;ILP;950882;1;1;0;0.00
12801;ILP;938286;1;1;0;0.00
12801;ILP;877285;1;1;0;0.00
12801;ILP;866951;1;1;0;0.00
12801;ILP;870684;1;1;0;0.00
12801;ILP;863989;1;1;0;0.00
12801;ILP;875558;1;1;0;0.00
12801;ILP;872580;1;1;0;0.00
12801;ILP;867059;1;1;0;0.00
12801;ILP;874427;1;1;0;0.00
12801;ILP;867526;1;1;0;0.00
12801;ILP;866762;1;1;0;0.00
12801;ILP;875701;1;1;0;0.00
12801;ILP;866652;1;1;0;0.00
12801;ILP;868924;1;1;0;0.00
12801;ILP;876459;1;1;0;0.00
12801;ILP;866946;1;1;0;0.00
12801;ILP;872218;1;1;0;0.00
12801;ILP;876486;1;1;0;0.00
12801;ILP;866347;1;1;0;0.00
12801;ILP;873967;1;1;0;0.00
12801;ILP;875321;1;1;0;0.00
12801;BFDC;5007;1;1;0;4.82
12801;BFDC;4984;1;1;0;4.82
12801;BFDC;4991;1;1;0;4.82
12801;BFDC;4986;1;1;0;4.82
12801;BFDC;5005;1;1;0;4.82
12801;BFDC;4998;1;1;0;4.82
12801;BFDC;4995;1;1;0;4.82
12801;BFDC;4988;1;1;0;4.82
12801;BFDC;4984;1;1;0;4.82
12801;BFDC;4995;1;1;0;4.82
12801;BFDC;5021;1;1;0;4.82
12801;BFDC;4988;1;1;0;4.82
12801;BFDC;4996;1;1;0;4.82
12801;BFDC;4997;1;1;0;4.82
12801;BFDC;4994;1;1;0;4.82
12801;BFDC;4994;1;1;0;4.82
12801;BFDC;4983;1;1;0;4.82
12801;BFDC;4993;1;1;0;4.82
12801;BFDC;4991;1;1;0;4.82
12801;BFDC;4988;1;1;0;4.82
12801;BFDC;4494;1;1;0;4.47
12801;BFDC;4492;1;1;0;4.47
12801;BFDC;4488;1;1;0;4.47
12801;BFDC;4474;1;1;0;4.47
12801;BFDC;4473;1;1;0;4.47
12801;BFDC;4488;1;1;0;4.47
12801;BFDC;4487;1;1;0;4.47
12801;BFDC;4480;1;1;0;4.47
12801;BFDC;4487;1;1;0;4.47
12801;BFDC;4492;1;1;0;4.47
12801;BFDC;4506;1;1;0;4.47
12801;BFDC;4483;1;1;0;4.47
12801;BFDC;4481;1;1;0;4.47
12801;BFDC;4495;1;1;0;4.47
12801;BFDC;4525;1;1;0;4.47
12801;BFDC;4479;1;1;0;4.47
12801;BFDC;4498;1;1;0;4.47
12801;BFDC;4485;1;1;0;4.47
12801;BFDC;4479;1;1;0;4.47
12801;BFDC;4486;1;1;0;4.47
12801;BFDC;5961;1;1;0;5.77
12801;BFDC;5944;1;1;0;5.77
12801;BFDC;5944;1;1;0;5.77
12801;BFDC;5941;1;1;0;5.77
12801;BFDC;5949;1;1;0;5.77
12801;BFDC;5941;1;1;0;5.77
12801;BFDC;5958;1;1;0;5.77
12801;BFDC;5970;1;1;0;5.77
12801;BFDC;5974;1;1;0;5.77
12801;BFDC;5967;1;1;0;5.77
12801;BFDC;5955;1;1;0;5.77
12801;BFDC;5940;1;1;0;5.77
12801;BFDC;5943;1;1;0;5.77
12801;BFDC;5943;1;1;0;5.77
12801;BFDC;5935;1;1;0;5.77
12801;BFDC;5948;1;1;0;5.77
12801;BFDC;5996;1;1;0;5.77
12801;BFDC;5955;1;1;0;5.77
12801;BFDC;5943;1;1;0;5.77
12801;BFDC;5943;1;1;0;5.77
12801;CRA;589162;1;1;0;193.00
12801;CRA;575824;1;1;0;193.00
12801;CRA;574689;1;1;0;193.00
12801;CRA;574561;1;1;0;193.00
12801;CRA;574849;1;1;0;193.00
12801;CRA;575211;1;1;0;193.00
12801;CRA;574746;1;1;0;193.00
12801;CRA;581526;1;1;0;193.00
12801;CRA;575433;1;1;0;193.00
12801;CRA;574568;1;1;0;193.00
12801;CRA;574612;1;1;0;193.00
12801;CRA;574369;1;1;0;193.00
12801;CRA;575238;1;1;0;193.00
12801;CRA;574457;1;1;0;193.00
12801;CRA;645481;1;1;0;193.00
12801;CRA;585477;1;1;0;193.00
12801;CRA;585438;1;1;0;193.00
12801;CRA;644816;1;1;0;193.00
12801;CRA;649232;1;1;0;193.00
12801;CRA;574717;1;1;0;193.00
12801;CRA;350384;1;1;0;115.75
12801;CRA;348691;1;1;0;115.75
12801;CRA;349892;1;1;0;115.75
12801;CRA;348790;1;1;0;115.75
12801;CRA;348499;1;1;0;115.75
12801;CRA;349805;1;1;0;115.75
12801;CRA;348695;1;1;0;115.75
12801;CRA;348837;1;1;0;115.75
12801;CRA;349304;1;1;0;115.75
12801;CRA;348707;1;1;0;115.75
12801;CRA;360755;1;1;0;115.75
12801;CRA;349024;1;1;0;115.75
12801;CRA;348661;1;1;0;115.75
12801;CRA;349249;1;1;0;115.75
12801;CRA;349030;1;1;0;115.75
12801;CRA;348646;1;1;0;115.75
12801;CRA;349461;1;1;0;115.75
12801;CRA;348822;1;1;0;115.75
12801;CRA;348453;1;1;0;115.75
12801;CRA;349330;1;1;0;115.75
12801;CRA;166509;1;1;0;53.62
12801;CRA;155097;1;1;0;53.62
12801;CRA;154906;1;1;0;53.62
12801;CRA;155561;1;1;0;53.62
12801;CRA;155224;1;1;0;53.62
12801;CRA;154953;1;1;0;53.62
12801;CRA;154952;1;1;0;53.62
12801;CRA;154964;1;1;0;53.62
12801;CRA;154929;1;1;0;53.62
12801;CRA;155470;1;1;0;53.62
12801;CRA;155184;1;1;0;53.62
12801;CRA;161384;1;1;0;53.62
12801;CRA;155073;1;1;0;53.62
12801;CRA;154933;1;1;0;53.62
12801;CRA;154908;1;1;0;53.62
12801;CRA;154946;1;1;0;53.62
12801;CRA;156445;1;1;0;53.62
12801;CRA;155246;1;1;0;53.62
12801;CRA;154916;1;1;0;53.62
12801;CRA;154890;1;1;0;53.62
25601;RULT;70226;1;1;0;12.45
25601;RULT;60027;1;1;0;12.45
25601;RULT;59822;1;1;0;12.45
25601;RULT;59778;1;1;0;12.45
25601;RULT;59777;1;1;0;12.45
25601;RULT;59710;1;1;0;12.45
25601;RULT;59695;1;1;0;12.45
25601;RULT;59745;1;1;0;12.45
25601;RULT;59719;1;1;0;12.45
25601;RULT;59741;1;1;0;12.45
25601;RULT;59838;1;1;0;12.45
25601;RULT;61780;1;1;0;12.45
25601;RULT;60048;1;1;0;12.45
25601;RULT;69122;1;1;0;12.45
25601;RULT;60078;1;1;0;12.45
25601;RULT;59850;1;1;0;12.45
25601;RULT;59740;1;1;0;12.45
25601;RULT;59705;1;1;0;12.45
25601;RULT;59692;1;1;0;12.45
25601;RULT;59720;1;1;0;12.45
25601;RULT;45442;1;1;0;9.51
25601;RULT;44260;1;1;0;9.51
25601;RULT;43847;1;1;0;9.51
25601;RULT;43737;1;1;0;9.51
25601;RULT;43754;1;1;0;9.51
25601;RULT;43688;1;1;0;9.51
25601;RULT;43723;1;1;0;9.51
25601;RULT;43716;1;1;0;9.51
25601;RULT;43658;1;1;0;9.51
25601;RULT;43689;1;1;0;9.51
25601;RULT;43682;1;1;0;9.51
25601;RULT;43616;1;1;0;9.51
25601;RULT;43659;1;1;0;9.51
25601;RULT;43690;1;1;0;9.51
25601;RULT;43659;1;1;0;9.51
25601;RULT;43724;1;1;0;9.51
25601;RULT;43634;1;1;0;9.51
25601;RULT;50030;1;1;0;9.51
25601;RULT;44375;1;1;0;9.51
25601;RULT;43871;1;1;0;9.51
25601;RULT;54764;1;1;0;10.76
25601;RULT;54715;1;1;0;10.76
25601;RULT;54696;1;1;0;10.76
25601;RULT;54658;1;1;0;10.76
25601;RULT;54682;1;1;0;10.76
25601;RULT;56938;1;1;0;10.76
25601;RULT;54603;1;1;0;10.76
25601;RULT;54568;1;1;0;10.76
25601;RULT;54578;1;1;0;10.76
25601;RULT;58268;1;1;0;10.76
25601;RULT;54631;1;1;0;10.76
25601;RULT;54679;1;1;0;10.76
25601;RULT;54572;1;1;0;10.76
25601;RULT;54603;1;1;0;10.76
25601;RULT;54621;1;1;0;10.76
25601;RULT;54582;1;1;0;10.76
25601;RULT;54596;1;1;0;10.76
25601;RULT;54540;1;1;0;10.76
25601;RULT;54539;1;1;0;10.76
25601;RULT;54570;1;1;0;10.76
25601;ILP;2043541;0;0;1;0.00
25601;ILP;2034872;0;0;1;0.00
25601;ILP;2034608;0;0;1;0.00
25601;ILP;2034794;0;0;1;0.00
25601;ILP;2034609;0;0;1;0.00
25601;ILP;2034836;0;0;1;0.00
25601;ILP;2034559;0;0;1;0.00
25601;ILP;2034707;0;0;1;0.00
25601;ILP;2034832;0;0;1;0.00
25601;ILP;2034508;0;0;1;0.00
25601;ILP;2035197;0;0;1;0.00
25601;ILP;2034950;0;0;1;0.00
25601;ILP;2034709;0;0;1;0.00
25601;ILP;2034989;0;0;1;0.00
25601;ILP;2035012;0;0;1;0.00
25601;ILP;2034653;0;0;1;0.00
25601;ILP;2034722;0;0;1;0.00
25601;ILP;2034931;0;0;1;0.00
25601;ILP;2034672;0;0;1;0.00
25601;ILP;2034699;0;0;1;0.00
25601;ILP;1935369;1;1;0;0.00
25601;ILP;1940505;1;1;0;0.00
25601;ILP;1932967;1;1;0;0.00
25601;ILP;1945880;1;1;0;0.00
25601;ILP;1942830;1;1;0;0.00
25601;ILP;1934589;1;1;0;0.00
25601;ILP;1944265;1;1;0;0.00
25601;ILP;1938330;1;1;0;0.00
25601;ILP;1939200;1;1;0;0.00
25601;ILP;1940805;1;1;0;0.00
25601;ILP;1941736;1;1;0;0.00
25601;ILP;1946845;1;1;0;0.00
25601;ILP;1941033;1;1;0;0.00
25601;ILP;1936530;1;1;0;0.00
25601;ILP;1941412;1;1;0;0.00
25601;ILP;1936014;1;1;0;0.00
25601;ILP;1939847;1;1;0;0.00
25601;ILP;1937142;1;1;0;0.00
25601;ILP;1937812;1;1;0;0.00
25601;ILP;1940261;1;1;0;0.00
25601;ILP;1693136;1;1;0;0.00
25601;ILP;1698370;1;1;0;0.00
25601;ILP;1699576;1;1;0;0.00
25601;ILP;1691660;1;1;0;0.00
25601;ILP;1691387;1;1;0;0.00
25601;ILP;1707256;1;1;0;0.00
25601;ILP;1698560;1;1;0;0.00
25601;ILP;1693599;1;1;0;0.00
25601;ILP;1688711;1;1;0;0.00
25601;ILP;1696631;1;1;0;0.00
25601;ILP;1698343;1;1;0;0.00
25601;ILP;1696153;1;1;0;0.00
25601;ILP;1687126;1;1;0;0.00
25601;ILP;1689524;1;1;0;0.00
25601;ILP;1670971;1;1;0;0.00
25601;ILP;1669653;1;1;0;0.00
25601;ILP;1770079;1;1;0;0.00
25601;ILP;1811942;1;1;0;0.00
25601;ILP;1754997;1;1;0;0.00
25601;ILP;1701929;1;1;0;0.00
25601;BFDC;10287;1;1;0;4.88
25601;BFDC;10209;1;1;0;4.88
25601;BFDC;10232;1;1;0;4.88
25601;BFDC;10248;1;1;0;4.88
25601;BFDC;10223;1;1;0;4.88
25601;BFDC;10216;1;1;0;4.88
25601;BFDC;10228;1;1;0;4.88
25601;BFDC;10229;1;1;0;4.88
25601;BFDC;10220;1;1;0;4.88
25601;BFDC;10210;1;1;0;4.88
25601;BFDC;10260;1;1;0;4.88
25601;BFDC;10218;1;1;0;4.88
25601;BFDC;10225;1;1;0;4.88
25601;BFDC;10237;1;1;0;4.88
25601;BFDC;10227;1;1;0;4.88
25601;BFDC;10234;1;1;0;4.88
25601;BFDC;10226;1;1;0;4.88
25601;BFDC;10282;1;1;0;4.88
25601;BFDC;10206;1;1;0;4.88
25601;BFDC;10218;1;1;0;4.88
25601;BFDC;10753;1;1;0;5.06
25601;BFDC;10726;1;1;0;5.06
25601;BFDC;10720;1;1;0;5.06
25601;BFDC;10692;1;1;0;5.06
25601;BFDC;10720;1;1;0;5.06
25601;BFDC;10709;1;1;0;5.06
25601;BFDC;10720;1;1;0;5.06
25601;BFDC;10703;1;1;0;5.06
25601;BFDC;10769;1;1;0;5.06
25601;BFDC;10696;1;1;0;5.06
25601;BFDC;10690;1;1;0;5.06
25601;BFDC;10742;1;1;0;5.06
25601;BFDC;10713;1;1;0;5.06
25601;BFDC;10705;1;1;0;5.06
25601;BFDC;10710;1;1;0;5.06
25601;BFDC;10705;1;1;0;5.06
25601;BFDC;10697;1;1;0;5.06
25601;BFDC;10755;1;1;0;5.06
25601;BFDC;10755;1;1;0;5.06
25601;BFDC;10703;1;1;0;5.06
25601;BFDC;11253;1;1;0;5.17
25601;BFDC;11060;1;1;0;5.17
25601;BFDC;11072;1;1;0;5.17
25601;BFDC;11070;1;1;0;5.17
25601;BFDC;11076;1;1;0;5.17
25601;BFDC;11102;1;1;0;5.17
25601;BFDC;11058;1;1;0;5.17
25601;BFDC;11054;1;1;0;5.17
25601;BFDC;11077;1;1;0;5.17
25601;BFDC;11075;1;1;0;5.17
25601;BFDC;11050;1;1;0;5.17
25601;BFDC;11057;1;1;0;5.17
25601;BFDC;11076;1;1;0;5.17
25601;BFDC;11126;1;1;0;5.17
25601;BFDC;11091;1;1;0;5.17
25601;BFDC;11055;1;1;0;5.17
25601;BFDC;11067;1;1;0;5.17
25601;BFDC;11041;1;1;0;5.17
25601;BFDC;11108;1;1;0;5.17
25601;BFDC;11057;1;1;0;5.17
25601;CRA;997324;1;1;0;160.13
25601;CRA;990866;1;1;0;160.13
25601;CRA;999566;1;1;0;160.13
25601;CRA;995266;1;1;0;160.13
25601;CRA;994206;1;1;0;160.13
25601;CRA;994050;1;1;0;160.13
25601;CRA;993983;1;1;0;160.13
25601;CRA;993807;1;1;0;160.13
25601;CRA;993697;1;1;0;160.13
25601;CRA;988613;1;1;0;160.13
25601;CRA;999830;1;1;0;160.13
25601;CRA;995356;1;1;0;160.13
25601;CRA;994118;1;1;0;160.13
25601;CRA;994166;1;1;0;160.13
25601;CRA;993709;1;1;0;160.13
25601;CRA;993880;1;1;0;160.13
25601;CRA;993926;1;1;0;160.13
25601;CRA;988459;1;1;0;160.13
25601;CRA;999856;1;1;0;160.13
25601;CRA;995337;1;1;0;160.13
25601;CRA;552407;1;1;0;87.87
25601;CRA;552141;1;1;0;87.87
25601;CRA;549680;1;1;0;87.87
25601;CRA;558942;1;1;0;87.87
25601;CRA;549438;1;1;0;87.87
25601;CRA;557639;1;1;0;87.87
25601;CRA;549433;1;1;0;87.87
25601;CRA;557430;1;1;0;87.87
25601;CRA;549594;1;1;0;87.87
25601;CRA;557306;1;1;0;87.87
25601;CRA;549544;1;1;0;87.87
25601;CRA;557353;1;1;0;87.87
25601;CRA;549361;1;1;0;87.87
25601;CRA;557436;1;1;0;87.87
25601;CRA;549471;1;1;0;87.87
25601;CRA;557450;1;1;0;87.87
25601;CRA;549703;1;1;0;87.87
25601;CRA;552150;1;1;0;87.87
25601;CRA;549509;1;1;0;87.87
25601;CRA;558959;1;1;0;87.87
25601;CRA;685678;1;1;0;107.16
25601;CRA;679003;1;1;0;107.16
25601;CRA;672603;1;1;0;107.16
25601;CRA;676914;1;1;0;107.16
25601;CRA;670972;1;1;0;107.16
25601;CRA;678893;1;1;0;107.16
25601;CRA;667272;1;1;0;107.16
25601;CRA;672431;1;1;0;107.16
25601;CRA;680907;1;1;0;107.16
25601;CRA;665834;1;1;0;107.16
25601;CRA;881258;1;1;0;107.16
25601;CRA;935063;1;1;0;107.16
25601;CRA;928041;1;1;0;107.16
25601;CRA;955857;1;1;0;107.16
25601;CRA;961583;1;1;0;107.16
25601;CRA;961329;1;1;0;107.16
25601;CRA;801539;1;1;0;107.16
25601;CRA;743276;1;1;0;107.16
25601;CRA;750046;1;1;0;107.16
25601;CRA;754621;1;1;0;107.16
3201;RULT;4362;1;1;0;9.06
3201;RULT;4353;1;1;0;9.06
3201;RULT;4357;1;1;0;9.06
3201;RULT;4355;1;1;0;9.06
3201;RULT;4357;1;1;0;9.06
3201;RULT;4360;1;1;0;9.06
3201;RULT;4354;1;1;0;9.06
3201;RULT;4350;1;1;0;9.06
3201;RULT;4358;1;1;0;9.06
3201;RULT;4354;1;1;0;9.06
3201;RULT;4355;1;1;0;9.06
3201;RULT;4354;1;1;0;9.06
3201;RULT;4351;1;1;0;9.06
3201;RULT;4363;1;1;0;9.06
3201;RULT;4350;1;1;0;9.06
3201;RULT;4353;1;1;0;9.06
3201;RULT;4349;1;1;0;9.06
3201;RULT;4353;1;1;0;9.06
3201;RULT;4356;1;1;0;9.06
3201;RULT;4353;1;1;0;9.06
3201;RULT;5354;1;1;0;10.49
3201;RULT;5344;1;1;0;10.49
3201;RULT;5333;1;1;0;10.49
3201;RULT;5342;1;1;0;10.49
3201;RULT;5321;1;1;0;10.49
3201;RULT;5327;1;1;0;10.49
3201;RULT;5328;1;1;0;10.49
3201;RULT;5323;1;1;0;10.49
3201;RULT;5328;1;1;0;10.49
3201;RULT;5320;1;1;0;10.49
3201;RULT;5331;1;1;0;10.49
3201;RULT;5337;1;1;0;10.49
3201;RULT;5323;1;1;0;10.49
3201;RULT;5334;1;1;0;10.49
3201;RULT;5324;1;1;0;10.49
3201;RULT;5326;1;1;0;10.49
3201;RULT;5335;1;1;0;10.49
3201;RULT;5335;1;1;0;10.49
3201;RULT;5331;1;1;0;10.49
3201;RULT;5330;1;1;0;10.49
3201;RULT;4623;1;1;0;9.41
3201;RULT;4617;1;1;0;9.41
3201;RULT;4623;1;1;0;9.41
3201;RULT;4617;1;1;0;9.41
3201;RULT;4619;1;1;0;9.41
3201;RULT;4632;1;1;0;9.41
3201;RULT;4625;1;1;0;9.41
3201;RULT;4626;1;1;0;9.41
3201;RULT;4619;1;1;0;9.41
3201;RULT;6412;1;1;0;9.41
3201;RULT;4608;1;1;0;9.41
3201;RULT;4621;1;1;0;9.41
3201;RULT;4621;1;1;0;9.41
3201;RULT;4613;1;1;0;9.41
3201;RULT;4617;1;1;0;9.41
3201;RULT;4620;1;1;0;9.41
3201;RULT;4632;1;1;0;9.41
3201;RULT;4626;1;1;0;9.41
3201;RULT;4618;1;1;0;9.41
3201;RULT;4633;1;1;0;9.41
3201;ILP;158096;1;1;0;0.00
3201;ILP;155040;1;1;0;0.00
3201;ILP;155239;1;1;0;0.00
3201;ILP;154001;1;1;0;0.00
3201;ILP;155674;1;1;0;0.00
3201;ILP;154907;1;1;0;0.00
3201;ILP;153690;1;1;0;0.00
3201;ILP;154142;1;1;0;0.00
3201;ILP;153473;1;1;0;0.00
3201;ILP;154572;1;1;0;0.00
3201;ILP;154965;1;1;0;0.00
3201;ILP;155163;1;1;0;0.00
3201;ILP;154818;1;1;0;0.00
3201;ILP;154191;1;1;0;0.00
3201;ILP;156534;1;1;0;0.00
3201;ILP;155311;1;1;0;0.00
3201;ILP;154577;1;1;0;0.00
3201;ILP;157479;1;1;0;0.00
3201;ILP;155918;1;1;0;0.00
3201;ILP;153702;1;1;0;0.00
3201;ILP;185945;1;1;0;0.00
3201;ILP;187001;1;1;0;0.00
3201;ILP;187932;1;1;0;0.00
3201;ILP;187038;1;1;0;0.00
3201;ILP;188743;1;1;0;0.00
3201;ILP;187089;1;1;0;0.00
3201;ILP;189052;1;1;0;0.00
3201;ILP;187905;1;1;0;0.00
3201;ILP;186041;1;1;0;0.00
3201;ILP;187350;1;1;0;0.00
3201;ILP;188396;1;1;0;0.00
3201;ILP;185556;1;1;0;0.00
3201;ILP;189082;1;1;0;0.00
3201;ILP;188052;1;1;0;0.00
3201;ILP;185211;1;1;0;0.00
3201;ILP;183832;1;1;0;0.00
3201;ILP;184584;1;1;0;0.00
3201;ILP;185496;1;1;0;0.00
3201;ILP;185254;1;1;0;0.00
3201;ILP;183825;1;1;0;0.00
3201;ILP;154220;1;1;0;0.00
3201;ILP;154300;1;1;0;0.00
3201;ILP;154422;1;1;0;0.00
3201;ILP;155122;1;1;0;0.00
3201;ILP;155323;1;1;0;0.00
3201;ILP;155366;1;1;0;0.00
3201;ILP;153519;1;1;0;0.00
3201;ILP;156632;1;1;0;0.00
3201;ILP;156832;1;1;0;0.00
3201;ILP;153909;1;1;0;0.00
3201;ILP;154556;1;1;0;0.00
3201;ILP;155614;1;1;0;0.00
3201;ILP;155809;1;1;0;0.00
3201;ILP;158965;1;1;0;0.00
3201;ILP;159569;1;1;0;0.00
3201;ILP;159210;1;1;0;0.00
3201;ILP;159453;1;1;0;0.00
3201;ILP;159104;1;1;0;0.00
3201;ILP;159867;1;1;0;0.00
3201;ILP;159647;1;1;0;0.00
3201;CP;805142;1;1;0;0.00
3201;CP;799905;1;1;0;0.00
3201;CP;799638;1;1;0;0.00
3201;CP;799387;1;1;0;0.00
3201;CP;797942;1;1;0;0.00
3201;CP;800846;1;1;0;0.00
3201;CP;797963;1;1;0;0.00
3201;CP;805657;1;1;0;0.00
3201;CP;798379;1;1;0;0.00
3201;CP;801272;1;1;0;0.00
3201;CP;798838;1;1;0;0.00
3201;CP;797470;1;1;0;0.00
3201;CP;800469;1;1;0;0.00
3201;CP;803002;1;1;0;0.00
3201;CP;797361;1;1;0;0.00
3201;CP;797936;1;1;0;0.00
3201;CP;797345;1;1;0;0.00
3201;CP;801349;1;1;0;0.00
3201;CP;799638;1;1;0;0.00
3201;CP;801910;1;1;0;0.00
3201;CP;834465;1;1;0;0.00
3201;CP;833095;1;1;0;0.00
3201;CP;832240;1;1;0;0.00
3201;CP;827183;1;1;0;0.00
3201;CP;832219;1;1;0;0.00
3201;CP;832044;1;1;0;0.00
3201;CP;830553;1;1;0;0.00
3201;CP;829678;1;1;0;0.00
3201;CP;827224;1;1;0;0.00
3201;CP;830135;1;1;0;0.00
3201;CP;830609;1;1;0;0.00
3201;CP;829983;1;1;0;0.00
3201;CP;829000;1;1;0;0.00
3201;CP;829248;1;1;0;0.00
3201;CP;830256;1;1;0;0.00
3201;CP;827016;1;1;0;0.00
3201;CP;829404;1;1;0;0.00
3201;CP;832056;1;1;0;0.00
3201;CP;831886;1;1;0;0.00
3201;CP;828108;1;1;0;0.00
3201;CP;925076;1;1;0;0.00
3201;CP;826885;1;1;0;0.00
3201;CP;820475;1;1;0;0.00
3201;CP;817712;1;1;0;0.00
3201;CP;863701;1;1;0;0.00
3201;CP;924673;1;1;0;0.00
3201;CP;943828;1;1;0;0.00
3201;CP;824635;1;1;0;0.00
3201;CP;822313;1;1;0;0.00
3201;CP;812035;1;1;0;0.00
3201;CP;903695;1;1;0;0.00
3201;CP;924135;1;1;0;0.00
3201;CP;908150;1;1;0;0.00
3201;CP;825605;1;1;0;0.00
3201;CP;819909;1;1;0;0.00
3201;CP;812923;1;1;0;0.00
3201;CP;926817;1;1;0;0.00
3201;CP;922678;1;1;0;0.00
3201;CP;873664;1;1;0;0.00
3201;CP;821906;1;1;0;0.00
3201;SCP;561802;1;1;0;0.00
3201;SCP;564713;1;1;0;0.00
3201;SCP;565649;1;1;0;0.00
3201;SCP;564021;1;1;0;0.00
3201;SCP;563585;1;1;0;0.00
3201;SCP;565658;1;1;0;0.00
3201;SCP;566476;1;1;0;0.00
3201;SCP;564567;1;1;0;0.00
3201;SCP;563384;1;1;0;0.00
3201;SCP;564461;1;1;0;0.00
3201;SCP;565049;1;1;0;0.00
3201;SCP;564494;1;1;0;0.00
3201;SCP;566096;1;1;0;0.00
3201;SCP;566528;1;1;0;0.00
3201;SCP;564381;1;1;0;0.00
3201;SCP;564424;1;1;0;0.00
3201;SCP;567355;1;1;0;0.00
3201;SCP;564757;1;1;0;0.00
3201;SCP;566398;1;1;0;0.00
3201;SCP;564099;1;1;0;0.00
3201;SCP;934792;1;1;0;0.00
3201;SCP;930350;1;1;0;0.00
3201;SCP;936997;1;1;0;0.00
3201;SCP;944891;1;1;0;0.00
3201;SCP;930768;1;1;0;0.00
3201;SCP;953709;1;1;0;0.00
3201;SCP;946641;1;1;0;0.00
3201;SCP;936395;1;1;0;0.00
3201;SCP;947551;1;1;0;0.00
3201;SCP;946841;1;1;0;0.00
3201;SCP;934197;1;1;0;0.00
3201;SCP;945006;1;1;0;0.00
3201;SCP;943212;1;1;0;0.00
3201;SCP;928073;1;1;0;0.00
3201;SCP;947238;1;1;0;0.00
3201;SCP;946555;1;1;0;0.00
3201;SCP;934019;1;1;0;0.00
3201;SCP;945724;1;1;0;0.00
3201;SCP;943689;1;1;0;0.00
3201;SCP;927016;1;1;0;0.00
3201;SCP;478304;1;1;0;0.00
3201;SCP;473901;1;1;0;0.00
3201;SCP;477159;1;1;0;0.00
3201;SCP;495367;1;1;0;0.00
3201;SCP;496694;1;1;0;0.00
3201;SCP;494975;1;1;0;0.00
3201;SCP;498794;1;1;0;0.00
3201;SCP;503270;1;1;0;0.00
3201;SCP;478183;1;1;0;0.00
3201;SCP;476257;1;1;0;0.00
3201;SCP;476492;1;1;0;0.00
3201;SCP;475472;1;1;0;0.00
3201;SCP;477198;1;1;0;0.00
3201;SCP;476976;1;1;0;0.00
3201;SCP;498323;1;1;0;0.00
3201;SCP;495812;1;1;0;0.00
3201;SCP;498194;1;1;0;0.00
3201;SCP;495632;1;1;0;0.00
3201;SCP;477366;1;1;0;0.00
3201;SCP;475437;1;1;0;0.00
3201;BFDC;810;1;1;0;3.55
3201;BFDC;808;1;1;0;3.55
3201;BFDC;807;1;1;0;3.55
3201;BFDC;813;1;1;0;3.55
3201;BFDC;806;1;1;0;3.55
3201;BFDC;805;1;1;0;3.55
3201;BFDC;806;1;1;0;3.55
3201;BFDC;811;1;1;0;3.55
3201;BFDC;806;1;1;0;3.55
3201;BFDC;807;1;1;0;3.55
3201;BFDC;812;1;1;0;3.55
3201;BFDC;806;1;1;0;3.55
3201;BFDC;808;1;1;0;3.55
3201;BFDC;807;1;1;0;3.55
3201;BFDC;810;1;1;0;3.55
3201;BFDC;804;1;1;0;3.55
3201;BFDC;804;1;1;0;3.55
3201;BFDC;809;1;1;0;3.55
3201;BFDC;804;1;1;0;3.55
3201;BFDC;804;1;1;0;3.55
3201;BFDC;850;1;1;0;3.57
3201;BFDC;852;1;1;0;3.57
3201;BFDC;849;1;1;0;3.57
3201;BFDC;862;1;1;0;3.57
3201;BFDC;849;1;1;0;3.57
3201;BFDC;846;1;1;0;3.57
3201;BFDC;849;1;1;0;3.57
3201;BFDC;846;1;1;0;3.57
3201;BFDC;845;1;1;0;3.57
3201;BFDC;844;1;1;0;3.57
3201;BFDC;848;1;1;0;3.57
3201;BFDC;844;1;1;0;3.57
3201;BFDC;844;1;1;0;3.57
3201;BFDC;854;1;1;0;3.57
3201;BFDC;843;1;1;0;3.57
3201;BFDC;845;1;1;0;3.57
3201;BFDC;844;1;1;0;3.57
3201;BFDC;846;1;1;0;3.57
3201;BFDC;844;1;1;0;3.57
3201;BFDC;844;1;1;0;3.57
3201;BFDC;833;1;1;0;3.70
3201;BFDC;829;1;1;0;3.70
3201;BFDC;829;1;1;0;3.70
3201;BFDC;836;1;1;0;3.70
3201;BFDC;831;1;1;0;3.70
3201;BFDC;830;1;1;0;3.70
3201;BFDC;836;1;1;0;3.70
3201;BFDC;829;1;1;0;3.70
3201;BFDC;830;1;1;0;3.70
3201;BFDC;829;1;1;0;3.70
3201;BFDC;835;1;1;0;3.70
3201;BFDC;830;1;1;0;3.70
3201;BFDC;830;1;1;0;3.70
3201;BFDC;834;1;1;0;3.70
3201;BFDC;829;1;1;0;3.70
3201;BFDC;830;1;1;0;3.70
3201;BFDC;828;1;1;0;3.70
3201;BFDC;834;1;1;0;3.70
3201;BFDC;828;1;1;0;3.70
3201;BFDC;828;1;1;0;3.70
3201;CRA;40591;1;1;0;59.83
3201;CRA;40340;1;1;0;59.83
3201;CRA;40251;1;1;0;59.83
3201;CRA;40706;1;1;0;59.83
3201;CRA;40461;1;1;0;59.83
3201;CRA;40568;1;1;0;59.83
3201;CRA;40536;1;1;0;59.83
3201;CRA;40499;1;1;0;59.83
3201;CRA;40706;1;1;0;59.83
3201;CRA;40485;1;1;0;59.83
3201;CRA;40370;1;1;0;59.83
3201;CRA;40478;1;1;0;59.83
3201;CRA;40453;1;1;0;59.83
3201;CRA;40447;1;1;0;59.83
3201;CRA;40396;1;1;0;59.83
3201;CRA;40576;1;1;0;59.83
3201;CRA;40461;1;1;0;59.83
3201;CRA;40389;1;1;0;59.83
3201;CRA;40392;1;1;0;59.83
3201;CRA;40383;1;1;0;59.83
3201;CRA;95644;1;1;0;142.87
3201;CRA;95208;1;1;0;142.87
3201;CRA;95200;1;1;0;142.87
3201;CRA;95189;1;1;0;142.87
3201;CRA;95234;1;1;0;142.87
3201;CRA;95264;1;1;0;142.87
3201;CRA;95194;1;1;0;142.87
3201;CRA;95223;1;1;0;142.87
3201;CRA;95201;1;1;0;142.87
3201;CRA;95215;1;1;0;142.87
3201;CRA;95206;1;1;0;142.87
3201;CRA;95202;1;1;0;142.87
3201;CRA;95215;1;1;0;142.87
3201;CRA;95257;1;1;0;142.87
3201;CRA;95194;1;1;0;142.87
3201;CRA;95238;1;1;0;142.87
3201;CRA;95300;1;1;0;142.87
3201;CRA;95243;1;1;0;142.87
3201;CRA;95195;1;1;0;142.87
3201;CRA;95402;1;1;0;142.87
3201;CRA;21052;1;1;0;33.49
3201;CRA;20951;1;1;0;33.49
3201;CRA;20975;1;1;0;33.49
3201;CRA;20960;1;1;0;33.49
3201;CRA;20957;1;1;0;33.49
3201;CRA;20967;1;1;0;33.49
3201;CRA;20959;1;1;0;33.49
3201;CRA;20968;1;1;0;33.49
3201;CRA;20954;1;1;0;33.49
3201;CRA;20973;1;1;0;33.49
3201;CRA;21005;1;1;0;33.49
3201;CRA;20972;1;1;0;33.49
3201;CRA;20961;1;1;0;33.49
3201;CRA;20970;1;1;0;33.49
3201;CRA;20957;1;1;0;33.49
3201;CRA;20924;1;1;0;33.49
3201;CRA;20956;1;1;0;33.49
3201;CRA;20964;1;1;0;33.49
3201;CRA;20942;1;1;0;33.49
3201;CRA;20966;1;1;0;33.49
6401;RULT;8975;1;1;0;8.94
6401;RULT;8739;1;1;0;8.94
6401;RULT;8760;1;1;0;8.94
6401;RULT;8763;1;1;0;8.94
6401;RULT;8774;1;1;0;8.94
6401;RULT;8763;1;1;0;8.94
6401;RULT;8762;1;1;0;8.94
6401;RULT;8767;1;1;0;8.94
6401;RULT;8767;1;1;0;8.94
6401;RULT;8766;1;1;0;8.94
6401;RULT;8759;1;1;0;8.94
6401;RULT;8754;1;1;0;8.94
6401;RULT;8761;1;1;0;8.94
6401;RULT;8758;1;1;0;8.94
6401;RULT;8765;1;1;0;8.94
6401;RULT;8763;1;1;0;8.94
6401;RULT;8764;1;1;0;8.94
6401;RULT;8756;1;1;0;8.94
6401;RULT;8765;1;1;0;8.94
6401;RULT;8758;1;1;0;8.94
6401;RULT;9178;1;1;0;9.97
6401;RULT;8963;1;1;0;9.97
6401;RULT;8954;1;1;0;9.97
6401;RULT;8959;1;1;0;9.97
6401;RULT;8961;1;1;0;9.97
6401;RULT;8957;1;1;0;9.97
6401;RULT;8948;1;1;0;9.97
6401;RULT;8954;1;1;0;9.97
6401;RULT;8956;1;1;0;9.97
6401;RULT;8945;1;1;0;9.97
6401;RULT;8963;1;1;0;9.97
6401;RULT;8959;1;1;0;9.97
6401;RULT;8964;1;1;0;9.97
6401;RULT;8962;1;1;0;9.97
6401;RULT;10530;1;1;0;9.97
6401;RULT;11606;1;1;0;9.97
6401;RULT;9059;1;1;0;9.97
6401;RULT;8963;1;1;0;9.97
6401;RULT;8962;1;1;0;9.97
6401;RULT;8959;1;1;0;9.97
6401;RULT;16738;1;1;0;10.66
6401;RULT;10394;1;1;0;10.66
6401;RULT;10389;1;1;0;10.66
6401;RULT;10374;1;1;0;10.66
6401;RULT;10375;1;1;0;10.66
6401;RULT;10395;1;1;0;10.66
6401;RULT;10376;1;1;0;10.66
6401;RULT;10381;1;1;0;10.66
6401;RULT;10391;1;1;0;10.66
6401;RULT;10377;1;1;0;10.66
6401;RULT;10387;1;1;0;10.66
6401;RULT;10391;1;1;0;10.66
6401;RULT;10393;1;1;0;10.66
6401;RULT;10382;1;1;0;10.66
6401;RULT;10373;1;1;0;10.66
6401;RULT;10397;1;1;0;10.66
6401;RULT;10388;1;1;0;10.66
6401;RULT;10375;1;1;0;10.66
6401;RULT;10375;1;1;0;10.66
6401;RULT;10382;1;1;0;10.66
6401;ILP;306412;1;1;0;0.00
6401;ILP;308971;1;1;0;0.00
6401;ILP;306276;1;1;0;0.00
6401;ILP;309921;1;1;0;0.00
6401;ILP;307525;1;1;0;0.00
6401;ILP;309733;1;1;0;0.00
6401;ILP;309179;1;1;0;0.00
6401;ILP;308390;1;1;0;0.00
6401;ILP;306092;1;1;0;0.00
6401;ILP;307654;1;1;0;0.00
6401;ILP;311821;1;1;0;0.00
6401;ILP;308677;1;1;0;0.00
6401;ILP;309545;1;1;0;0.00
6401;ILP;305241;1;1;0;0.00
6401;ILP;309864;1;1;0;0.00
6401;ILP;309513;1;1;0;0.00
6401;ILP;309794;1;1;0;0.00
6401;ILP;308184;1;1;0;0.00
6401;ILP;307221;1;1;0;0.00
6401;ILP;309741;1;1;0;0.00
6401;ILP;400809;1;1;0;0.00
6401;ILP;400249;1;1;0;0.00
6401;ILP;398508;1;1;0;0.00
6401;ILP;397668;1;1;0;0.00
6401;ILP;396514;1;1;0;0.00
6401;ILP;397578;1;1;0;0.00
6401;ILP;398616;1;1;0;0.00
6401;ILP;406546;1;1;0;0.00
6401;ILP;399925;1;1;0;0.00
6401;ILP;400368;1;1;0;0.00
6401;ILP;399174;1;1;0;0.00
6401;ILP;401082;1;1;0;0.00
6401;ILP;403153;1;1;0;0.00
6401;ILP;396874;1;1;0;0.00
6401;ILP;399378;1;1;0;0.00
6401;ILP;395497;1;1;0;0.00
6401;ILP;401413;1;1;0;0.00
6401;ILP;397662;1;1;0;0.00
6401;ILP;398586;1;1;0;0.00
6401;ILP;399358;1;1;0;0.00
6401;ILP;416506;1;1;0;0.00
6401;ILP;404379;1;1;0;0.00
6401;ILP;410901;1;1;0;0.00
6401;ILP;412560;1;1;0;0.00
6401;ILP;408565;1;1;0;0.00
6401;ILP;405250;1;1;0;0.00
6401;ILP;407784;1;1;0;0.00
6401;ILP;412105;1;1;0;0.00
6401;ILP;408585;1;1;0;0.00
6401;ILP;403052;1;1;0;0.00
6401;ILP;402997;1;1;0;0.00
6401;ILP;413272;1;1;0;0.00
6401;ILP;407745;1;1;0;0.00
6401;ILP;405470;1;1;0;0.00
6401;ILP;402761;1;1;0;0.00
6401;ILP;406162;1;1;0;0.00
6401;ILP;430263;1;1;0;0.00
6401;ILP;436140;1;1;0;0.00
6401;ILP;434783;1;1;0;0.00
6401;ILP;429210;1;1;0;0.00
6401;SCP;1489351;1;1;0;0.00
6401;SCP;1442137;1;1;0;0.00
6401;SCP;1480998;1;1;0;0.00
6401;SCP;1527694;1;1;0;0.00
6401;SCP;1440397;1;1;0;0.00
6401;SCP;1447077;1;1;0;0.00
6401;SCP;1517637;1;1;0;0.00
6401;SCP;1459699;1;1;0;0.00
6401;SCP;1448330;1;1;0;0.00
6401;SCP;1504248;1;1;0;0.00
6401;SCP;1521706;1;1;0;0.00
6401;SCP;1444211;1;1;0;0.00
6401;SCP;1443820;1;1;0;0.00
6401;SCP;1536819;1;1;0;0.00
6401;SCP;1457113;1;1;0;0.00
6401;SCP;1437732;1;1;0;0.00
6401;SCP;1507343;1;1;0;0.00
6401;SCP;1513374;1;1;0;0.00
6401;SCP;1439816;1;1;0;0.00
6401;SCP;1444129;1;1;0;0.00
6401;SCP;1534100;1;1;0;0.00
6401;SCP;1618207;1;1;0;0.00
6401;SCP;1688193;1;1;0;0.00
6401;SCP;1564924;1;1;0;0.00
6401;SCP;1556637;1;1;0;0.00
6401;SCP;1556058;1;1;0;0.00
6401;SCP;1551775;1;1;0;0.00
6401;SCP;1572142;1;1;0;0.00
6401;SCP;1553514;1;1;0;0.00
6401;SCP;1538278;1;1;0;0.00
6401;SCP;1543974;1;1;0;0.00
6401;SCP;1622663;1;1;0;0.00
6401;SCP;1671376;1;1;0;0.00
6401;SCP;1568254;1;1;0;0.00
6401;SCP;1554239;1;1;0;0.00
6401;SCP;1551471;1;1;0;0.00
6401;SCP;1546631;1;1;0;0.00
6401;SCP;1550367;1;1;0;0.00
6401;SCP;1545239;1;1;0;0.00
6401;SCP;1525894;1;1;0;0.00
6401;SCP;1998332;0;0;1;0.00
6401;SCP;1998073;0;0;1;0.00
6401;SCP;1998405;0;0;1;0.00
6401;SCP;1995023;0;0;1;0.00
6401;SCP;1997338;0;0;1;0.00
6401;SCP;1997745;0;0;1;0.00
6401;SCP;1997845;0;0;1;0.00
6401;SCP;1997294;0;0;1;0.00
6401;SCP;1998245;0;0;1;0.00
6401;SCP;1997853;0;0;1;0.00
6401;SCP;1997055;0;0;1;0.00
6401;SCP;1994930;0;0;1;0.00
6401;SCP;1997945;0;0;1;0.00
6401;SCP;1996950;0;0;1;0.00
6401;SCP;1998005;0;0;1;0.00
6401;SCP;1992107;0;0;1;0.00
6401;SCP;1998015;0;0;1;0.00
6401;SCP;1997503;0;0;1;0.00
6401;SCP;1997351;0;0;1;0.00
6401;SCP;1994541;0;0;1;0.00
6401;BFDC;1682;1;1;0;3.52
6401;BFDC;1683;1;1;0;3.52
6401;BFDC;1680;1;1;0;3.52
6401;BFDC;1679;1;1;0;3.52
6401;BFDC;1686;1;1;0;3.52
6401;BFDC;1682;1;1;0;3.52
6401;BFDC;1689;1;1;0;3.52
6401;BFDC;1676;1;1;0;3.52
6401;BFDC;1681;1;1;0;3.52
6401;BFDC;1695;1;1;0;3.52
6401;BFDC;1709;1;1;0;3.52
6401;BFDC;1689;1;1;0;3.52
6401;BFDC;1679;1;1;0;3.52
6401;BFDC;1679;1;1;0;3.52
6401;BFDC;1686;1;1;0;3.52
6401;BFDC;1679;1;1;0;3.52
6401;BFDC;1684;1;1;0;3.52
6401;BFDC;1680;1;1;0;3.52
6401;BFDC;1693;1;1;0;3.52
6401;BFDC;1691;1;1;0;3.52
6401;BFDC;2152;1;1;0;4.38
6401;BFDC;2140;1;1;0;4.38
6401;BFDC;2161;1;1;0;4.38
6401;BFDC;2165;1;1;0;4.38
6401;BFDC;2146;1;1;0;4.38
6401;BFDC;2149;1;1;0;4.38
6401;BFDC;2148;1;1;0;4.38
6401;BFDC;2140;1;1;0;4.38
6401;BFDC;2137;1;1;0;4.38
6401;BFDC;2149;1;1;0;4.38
6401;BFDC;2152;1;1;0;4.38
6401;BFDC;2142;1;1;0;4.38
6401;BFDC;2155;1;1;0;4.38
6401;BFDC;2147;1;1;0;4.38
6401;BFDC;2142;1;1;0;4.38
6401;BFDC;2140;1;1;0;4.38
6401;BFDC;2161;1;1;0;4.38
6401;BFDC;2149;1;1;0;4.38
6401;BFDC;2136;1;1;0;4.38
6401;BFDC;2158;1;1;0;4.38
6401;BFDC;1996;1;1;0;4.14
6401;BFDC;1994;1;1;0;4.14
6401;BFDC;1997;1;1;0;4.14
6401;BFDC;1992;1;1;0;4.14
6401;BFDC;1993;1;1;0;4.14
6401;BFDC;1998;1;1;0;4.14
6401;BFDC;1994;1;1;0;4.14
6401;BFDC;2002;1;1;0;4.14
6401;BFDC;2009;1;1;0;4.14
6401;BFDC;2003;1;1;0;4.14
6401;BFDC;2000;1;1;0;4.14
6401;BFDC;2005;1;1;0;4.14
6401;BFDC;1999;1;1;0;4.14
6401;BFDC;1992;1;1;0;4.14
6401;BFDC;2000;1;1;0;4.14
6401;BFDC;1988;1;1;0;4.14
6401;BFDC;2003;1;1;0;4.14
6401;BFDC;2000;1;1;0;4.14
6401;BFDC;1992;1;1;0;4.14
6401;BFDC;1990;1;1;0;4.14
6401;CRA;46580;1;1;0;34.33
6401;CRA;46235;1;1;0;34.33
6401;CRA;46195;1;1;0;34.33
6401;CRA;46161;1;1;0;34.33
6401;CRA;46153;1;1;0;34.33
6401;CRA;46110;1;1;0;34.33
6401;CRA;48169;1;1;0;34.33
6401;CRA;46280;1;1;0;34.33
6401;CRA;46772;1;1;0;34.33
6401;CRA;46947;1;1;0;34.33
6401;CRA;47128;1;1;0;34.33
6401;CRA;46720;1;1;0;34.33
6401;CRA;46269;1;1;0;34.33
6401;CRA;46433;1;1;0;34.33
6401;CRA;46394;1;1;0;34.33
6401;CRA;46233;1;1;0;34.33
6401;CRA;46415;1;1;0;34.33
6401;CRA;46437;1;1;0;34.33
6401;CRA;46333;1;1;0;34.33
6401;CRA;46226;1;1;0;34.33
6401;CRA;58965;1;1;0;41.45
6401;CRA;58384;1;1;0;41.45
6401;CRA;58316;1;1;0;41.45
6401;CRA;58205;1;1;0;41.45
6401;CRA;58164;1;1;0;41.45
6401;CRA;58139;1;1;0;41.45
6401;CRA;58100;1;1;0;41.45
6401;CRA;58114;1;1;0;41.45
6401;CRA;58122;1;1;0;41.45
6401;CRA;57899;1;1;0;41.45
6401;CRA;57654;1;1;0;41.45
6401;CRA;57642;1;1;0;41.45
6401;CRA;57645;1;1;0;41.45
6401;CRA;57640;1;1;0;41.45
6401;CRA;57642;1;1;0;41.45
6401;CRA;57654;1;1;0;41.45
6401;CRA;57622;1;1;0;41.45
6401;CRA;57635;1;1;0;41.45
6401;CRA;57613;1;1;0;41.45
6401;CRA;57643;1;1;0;41.45
6401;CRA;271662;1;1;0;186.52
6401;CRA;266007;1;1;0;186.52
6401;CRA;265711;1;1;0;186.52
6401;CRA;270984;1;1;0;186.52
6401;CRA;265042;1;1;0;186.52
6401;CRA;270740;1;1;0;186.52
6401;CRA;265376;1;1;0;186.52
6401;CRA;270501;1;1;0;186.52
6401;CRA;265705;1;1;0;186.52
6401;CRA;265155;1;1;0;186.52
6401;CRA;270838;1;1;0;186.52
6401;CRA;265253;1;1;0;186.52
6401;CRA;270613;1;1;0;186.52
6401;CRA;265589;1;1;0;186.52
6401;CRA;270754;1;1;0;186.52
6401;CRA;265674;1;1;0;186.52
6401;CRA;265168;1;1;0;186.52
6401;CRA;270704;1;1;0;186.52
6401;CRA;265246;1;1;0;186.52
6401;CRA;270700;1;1;0;186.52
