Size;Method;Time;Status;Solution;Timeout;Scans
100;ULT;82;0;0;0;5.56
100;ULT;82;0;0;0;5.56
100;ULT;83;0;0;0;5.56
100;ULT;81;0;0;0;5.56
100;ULT;81;0;0;0;5.56
100;ULT;81;0;0;0;5.56
100;ULT;83;0;0;0;5.56
100;ULT;81;0;0;0;5.56
100;ULT;81;0;0;0;5.56
100;ULT;81;0;0;0;5.56
100;ULT;81;0;0;0;5.56
100;ULT;81;0;0;0;5.56
100;ULT;83;0;0;0;5.56
100;ULT;81;0;0;0;5.56
100;ULT;82;0;0;0;5.56
100;ULT;81;0;0;0;5.56
100;ULT;81;0;0;0;5.56
100;ULT;82;0;0;0;5.56
100;ULT;81;0;0;0;5.56
100;ULT;83;0;0;0;5.56
100;ULT;1041;0;0;0;71.96
100;ULT;960;0;0;0;71.96
100;ULT;1040;0;0;0;71.96
100;ULT;1039;0;0;0;71.96
100;ULT;1056;0;0;0;71.96
100;ULT;1041;0;0;0;71.96
100;ULT;1040;0;0;0;71.96
100;ULT;1058;0;0;0;71.96
100;ULT;1040;0;0;0;71.96
100;ULT;1043;0;0;0;71.96
100;ULT;1056;0;0;0;71.96
100;ULT;1041;0;0;0;71.96
100;ULT;1089;0;0;0;71.96
100;ULT;1040;0;0;0;71.96
100;ULT;1042;0;0;0;71.96
100;ULT;1041;0;0;0;71.96
100;ULT;1040;0;0;0;71.96
100;ULT;1043;0;0;0;71.96
100;ULT;1055;0;0;0;71.96
100;ULT;1040;0;0;0;71.96
100;RULT;3;0;0;0;0.54
100;RULT;3;0;0;0;0.54
100;RULT;2;0;0;0;0.54
100;RULT;2;0;0;0;0.54
100;RULT;2;0;0;0;0.54
100;RULT;2;0;0;0;0.54
100;RULT;2;0;0;0;0.54
100;RULT;2;0;0;0;0.54
100;RULT;2;0;0;0;0.54
100;RULT;2;0;0;0;0.54
100;RULT;2;0;0;0;0.54
100;RULT;2;0;0;0;0.54
100;RULT;2;0;0;0;0.54
100;RULT;2;0;0;0;0.54
100;RULT;2;0;0;0;0.54
100;RULT;2;0;0;0;0.54
100;RULT;2;0;0;0;0.54
100;RULT;2;0;0;0;0.54
100;RULT;2;0;0;0;0.54
100;RULT;2;0;0;0;0.54
100;RULT;9;0;0;0;2.29
100;RULT;9;0;0;0;2.29
100;RULT;9;0;0;0;2.29
100;RULT;9;0;0;0;2.29
100;RULT;9;0;0;0;2.29
100;RULT;9;0;0;0;2.29
100;RULT;9;0;0;0;2.29
100;RULT;9;0;0;0;2.29
100;RULT;9;0;0;0;2.29
100;RULT;9;0;0;0;2.29
100;RULT;9;0;0;0;2.29
100;RULT;9;0;0;0;2.29
100;RULT;9;0;0;0;2.29
100;RULT;9;0;0;0;2.29
100;RULT;9;0;0;0;2.29
100;RULT;9;0;0;0;2.29
100;RULT;9;0;0;0;2.29
100;RULT;9;0;0;0;2.29
100;RULT;9;0;0;0;2.29
100;RULT;9;0;0;0;2.29
100;ILP;2670;0;0;0;0.00
100;ILP;2461;0;0;0;0.00
100;ILP;2233;0;0;0;0.00
100;ILP;1557;0;0;0;0.00
100;ILP;1574;0;0;0;0.00
100;ILP;1569;0;0;0;0.00
100;ILP;1541;0;0;0;0.00
100;ILP;1583;0;0;0;0.00
100;ILP;1533;0;0;0;0.00
100;ILP;1589;0;0;0;0.00
100;ILP;1538;0;0;0;0.00
100;ILP;1580;0;0;0;0.00
100;ILP;1545;0;0;0;0.00
100;ILP;1581;0;0;0;0.00
100;ILP;1542;0;0;0;0.00
100;ILP;1579;0;0;0;0.00
100;ILP;1540;0;0;0;0.00
100;ILP;1586;0;0;0;0.00
100;ILP;1569;0;0;0;0.00
100;ILP;1576;0;0;0;0.00
100;ILP;2254;0;0;0;0.00
100;ILP;2036;0;0;0;0.00
100;ILP;1866;0;0;0;0.00
100;ILP;1870;0;0;0;0.00
100;ILP;1844;0;0;0;0.00
100;ILP;1877;0;0;0;0.00
100;ILP;1826;0;0;0;0.00
100;ILP;1880;0;0;0;0.00
100;ILP;1842;0;0;0;0.00
100;ILP;1871;0;0;0;0.00
100;ILP;1830;0;0;0;0.00
100;ILP;1876;0;0;0;0.00
100;ILP;1838;0;0;0;0.00
100;ILP;1892;0;0;0;0.00
100;ILP;1837;0;0;0;0.00
100;ILP;1881;0;0;0;0.00
100;ILP;1834;0;0;0;0.00
100;ILP;1878;0;0;0;0.00
100;ILP;1840;0;0;0;0.00
100;ILP;1878;0;0;0;0.00
100;CP;6310;0;0;0;0.00
100;CP;5603;0;0;0;0.00
100;CP;5450;0;0;0;0.00
100;CP;5482;0;0;0;0.00
100;CP;5482;0;0;0;0.00
100;CP;5506;0;0;0;0.00
100;CP;5479;0;0;0;0.00
100;CP;5510;0;0;0;0.00
100;CP;5588;0;0;0;0.00
100;CP;5465;0;0;0;0.00
100;CP;5524;0;0;0;0.00
100;CP;5641;0;0;0;0.00
100;CP;5607;0;0;0;0.00
100;CP;5536;0;0;0;0.00
100;CP;5654;0;0;0;0.00
100;CP;5656;0;0;0;0.00
100;CP;5699;0;0;0;0.00
100;CP;5692;0;0;0;0.00
100;CP;5574;0;0;0;0.00
100;CP;5582;0;0;0;0.00
100;CP;11151;0;0;0;0.00
100;CP;9832;0;0;0;0.00
100;CP;9604;0;0;0;0.00
100;CP;9719;0;0;0;0.00
100;CP;9956;0;0;0;0.00
100;CP;9932;0;0;0;0.00
100;CP;9805;0;0;0;0.00
100;CP;9732;0;0;0;0.00
100;CP;9685;0;0;0;0.00
100;CP;9833;0;0;0;0.00
100;CP;9740;0;0;0;0.00
100;CP;9772;0;0;0;0.00
100;CP;9915;0;0;0;0.00
100;CP;14614;0;0;0;0.00
100;CP;12434;0;0;0;0.00
100;CP;9979;0;0;0;0.00
100;CP;9613;0;0;0;0.00
100;CP;9678;0;0;0;0.00
100;CP;9877;0;0;0;0.00
100;CP;9794;0;0;0;0.00
100;SCP;8312;0;0;0;0.00
100;SCP;7879;0;0;0;0.00
100;SCP;7882;0;0;0;0.00
100;SCP;7825;0;0;0;0.00
100;SCP;7838;0;0;0;0.00
100;SCP;7763;0;0;0;0.00
100;SCP;7903;0;0;0;0.00
100;SCP;7807;0;0;0;0.00
100;SCP;8040;0;0;0;0.00
100;SCP;7838;0;0;0;0.00
100;SCP;7820;0;0;0;0.00
100;SCP;7830;0;0;0;0.00
100;SCP;7819;0;0;0;0.00
100;SCP;7830;0;0;0;0.00
100;SCP;7501;0;0;0;0.00
100;SCP;7493;0;0;0;0.00
100;SCP;7505;0;0;0;0.00
100;SCP;7811;0;0;0;0.00
100;SCP;7465;0;0;0;0.00
100;SCP;7777;0;0;0;0.00
100;SCP;14113;0;0;0;0.00
100;SCP;12313;0;0;0;0.00
100;SCP;13110;0;0;0;0.00
100;SCP;12284;0;0;0;0.00
100;SCP;13409;0;0;0;0.00
100;SCP;13120;0;0;0;0.00
100;SCP;13469;0;0;0;0.00
100;SCP;13130;0;0;0;0.00
100;SCP;13510;0;0;0;0.00
100;SCP;13144;0;0;0;0.00
100;SCP;13463;0;0;0;0.00
100;SCP;12268;0;0;0;0.00
100;SCP;13489;0;0;0;0.00
100;SCP;13129;0;0;0;0.00
100;SCP;13427;0;0;0;0.00
100;SCP;13123;0;0;0;0.00
100;SCP;13446;0;0;0;0.00
100;SCP;12313;0;0;0;0.00
100;SCP;13446;0;0;0;0.00
100;SCP;13087;0;0;0;0.00
100;KAB;7;0;0;0;0.00
100;KAB;4;0;0;0;0.00
100;KAB;3;0;0;0;0.00
100;KAB;3;0;0;0;0.00
100;KAB;3;0;0;0;0.00
100;KAB;2;0;0;0;0.00
100;KAB;2;0;0;0;0.00
100;KAB;2;0;0;0;0.00
100;KAB;2;0;0;0;0.00
100;KAB;2;0;0;0;0.00
100;KAB;2;0;0;0;0.00
100;KAB;2;0;0;0;0.00
100;KAB;2;0;0;0;0.00
100;KAB;2;0;0;0;0.00
100;KAB;2;0;0;0;0.00
100;KAB;2;0;0;0;0.00
100;KAB;2;0;0;0;0.00
100;KAB;2;0;0;0;0.00
100;KAB;2;0;0;0;0.00
100;KAB;2;0;0;0;0.00
100;KAB;10;0;0;0;0.00
100;KAB;8;0;0;0;0.00
100;KAB;6;0;0;0;0.00
100;KAB;5;0;0;0;0.00
100;KAB;5;0;0;0;0.00
100;KAB;5;0;0;0;0.00
100;KAB;5;0;0;0;0.00
100;KAB;5;0;0;0;0.00
100;KAB;5;0;0;0;0.00
100;KAB;5;0;0;0;0.00
100;KAB;5;0;0;0;0.00
100;KAB;5;0;0;0;0.00
100;KAB;5;0;0;0;0.00
100;KAB;5;0;0;0;0.00
100;KAB;4;0;0;0;0.00
100;KAB;4;0;0;0;0.00
100;KAB;5;0;0;0;0.00
100;KAB;4;0;0;0;0.00
100;KAB;4;0;0;0;0.00
100;KAB;4;0;0;0;0.00
100;BFDC;5;0;0;0;0.66
100;BFDC;4;0;0;0;0.66
100;BFDC;4;0;0;0;0.66
100;BFDC;3;0;0;0;0.66
100;BFDC;3;0;0;0;0.66
100;BFDC;3;0;0;0;0.66
100;BFDC;3;0;0;0;0.66
100;BFDC;3;0;0;0;0.66
100;BFDC;3;0;0;0;0.66
100;BFDC;3;0;0;0;0.66
100;BFDC;3;0;0;0;0.66
100;BFDC;3;0;0;0;0.66
100;BFDC;3;0;0;0;0.66
100;BFDC;3;0;0;0;0.66
100;BFDC;3;0;0;0;0.66
100;BFDC;3;0;0;0;0.66
100;BFDC;3;0;0;0;0.66
100;BFDC;3;0;0;0;0.66
100;BFDC;3;0;0;0;0.66
100;BFDC;3;0;0;0;0.66
100;BFDC;21;0;0;0;3.41
100;BFDC;19;0;0;0;3.41
100;BFDC;18;0;0;0;3.41
100;BFDC;17;0;0;0;3.41
100;BFDC;17;0;0;0;3.41
100;BFDC;16;0;0;0;3.41
100;BFDC;16;0;0;0;3.41
100;BFDC;16;0;0;0;3.41
100;BFDC;16;0;0;0;3.41
100;BFDC;15;0;0;0;3.41
100;BFDC;15;0;0;0;3.41
100;BFDC;15;0;0;0;3.41
100;BFDC;15;0;0;0;3.41
100;BFDC;15;0;0;0;3.41
100;BFDC;15;0;0;0;3.41
100;BFDC;15;0;0;0;3.41
100;BFDC;15;0;0;0;3.41
100;BFDC;15;0;0;0;3.41
100;BFDC;15;0;0;0;3.41
100;BFDC;14;0;0;0;3.41
100;CRA;2;0;0;0;0.06
100;CRA;1;0;0;0;0.06
100;CRA;1;0;0;0;0.06
100;CRA;0;0;0;0;0.06
100;CRA;0;0;0;0;0.06
100;CRA;0;0;0;0;0.06
100;CRA;0;0;0;0;0.06
100;CRA;0;0;0;0;0.06
100;CRA;0;0;0;0;0.06
100;CRA;0;0;0;0;0.06
100;CRA;0;0;0;0;0.06
100;CRA;0;0;0;0;0.06
100;CRA;0;0;0;0;0.06
100;CRA;0;0;0;0;0.06
100;CRA;0;0;0;0;0.06
100;CRA;0;0;0;0;0.06
100;CRA;0;0;0;0;0.06
100;CRA;0;0;0;0;0.06
100;CRA;0;0;0;0;0.06
100;CRA;0;0;0;0;0.06
100;CRA;12;0;0;0;2.19
100;CRA;8;0;0;0;2.19
100;CRA;7;0;0;0;2.19
100;CRA;6;0;0;0;2.19
100;CRA;5;0;0;0;2.19
100;CRA;5;0;0;0;2.19
100;CRA;5;0;0;0;2.19
100;CRA;5;0;0;0;2.19
100;CRA;5;0;0;0;2.19
100;CRA;5;0;0;0;2.19
100;CRA;5;0;0;0;2.19
100;CRA;5;0;0;0;2.19
100;CRA;5;0;0;0;2.19
100;CRA;5;0;0;0;2.19
100;CRA;5;0;0;0;2.19
100;CRA;5;0;0;0;2.19
100;CRA;5;0;0;0;2.19
100;CRA;5;0;0;0;2.19
100;CRA;5;0;0;0;2.19
100;CRA;5;0;0;0;2.19
800;ULT;190769;0;0;0;349.46
800;ULT;190773;0;0;0;349.46
800;ULT;198149;0;0;0;349.46
800;ULT;191093;0;0;0;349.46
800;ULT;190786;0;0;0;349.46
800;ULT;190902;0;0;0;349.46
800;ULT;190720;0;0;0;349.46
800;ULT;191021;0;0;0;349.46
800;ULT;194103;0;0;0;349.46
800;ULT;190871;0;0;0;349.46
800;ULT;191196;0;0;0;349.46
800;ULT;191569;0;0;0;349.46
800;ULT;191243;0;0;0;349.46
800;ULT;190636;0;0;0;349.46
800;ULT;191049;0;0;0;349.46
800;ULT;191236;0;0;0;349.46
800;ULT;190938;0;0;0;349.46
800;ULT;190835;0;0;0;349.46
800;ULT;191777;0;0;0;349.46
800;ULT;191314;0;0;0;349.46
800;ULT;483636;0;0;0;856.15
800;ULT;488157;0;0;0;856.15
800;ULT;490136;0;0;0;856.15
800;ULT;488781;0;0;0;856.15
800;ULT;489448;0;0;0;856.15
800;ULT;485749;0;0;0;856.15
800;ULT;489679;0;0;0;856.15
800;ULT;486519;0;0;0;856.15
800;ULT;488136;0;0;0;856.15
800;ULT;489065;0;0;0;856.15
800;ULT;487885;0;0;0;856.15
800;ULT;489241;0;0;0;856.15
800;ULT;489666;0;0;0;856.15
800;ULT;488607;0;0;0;856.15
800;ULT;488283;0;0;0;856.15
800;ULT;488617;0;0;0;856.15
800;ULT;488511;0;0;0;856.15
800;ULT;488263;0;0;0;856.15
800;ULT;488122;0;0;0;856.15
800;ULT;488078;0;0;0;856.15
800;RULT;18;0;0;0;0.45
800;RULT;18;0;0;0;0.45
800;RULT;18;0;0;0;0.45
800;RULT;18;0;0;0;0.45
800;RULT;18;0;0;0;0.45
800;RULT;18;0;0;0;0.45
800;RULT;18;0;0;0;0.45
800;RULT;18;0;0;0;0.45
800;RULT;18;0;0;0;0.45
800;RULT;18;0;0;0;0.45
800;RULT;18;0;0;0;0.45
800;RULT;18;0;0;0;0.45
800;RULT;18;0;0;0;0.45
800;RULT;18;0;0;0;0.45
800;RULT;18;0;0;0;0.45
800;RULT;18;0;0;0;0.45
800;RULT;18;0;0;0;0.45
800;RULT;18;0;0;0;0.45
800;RULT;18;0;0;0;0.45
800;RULT;18;0;0;0;0.45
800;RULT;740;0;0;0;10.82
800;RULT;728;0;0;0;10.82
800;RULT;728;0;0;0;10.82
800;RULT;729;0;0;0;10.82
800;RULT;734;0;0;0;10.82
800;RULT;729;0;0;0;10.82
800;RULT;725;0;0;0;10.82
800;RULT;729;0;0;0;10.82
800;RULT;735;0;0;0;10.82
800;RULT;728;0;0;0;10.82
800;RULT;725;0;0;0;10.82
800;RULT;726;0;0;0;10.82
800;RULT;734;0;0;0;10.82
800;RULT;728;0;0;0;10.82
800;RULT;729;0;0;0;10.82
800;RULT;731;0;0;0;10.82
800;RULT;735;0;0;0;10.82
800;RULT;729;0;0;0;10.82
800;RULT;728;0;0;0;10.82
800;RULT;727;0;0;0;10.82
800;ILP;13855;0;0;0;0.00
800;ILP;12579;0;0;0;0.00
800;ILP;11942;0;0;0;0.00
800;ILP;12220;0;0;0;0.00
800;ILP;11546;0;0;0;0.00
800;ILP;11729;0;0;0;0.00
800;ILP;11753;0;0;0;0.00
800;ILP;12244;0;0;0;0.00
800;ILP;11774;0;0;0;0.00
800;ILP;11718;0;0;0;0.00
800;ILP;12231;0;0;0;0.00
800;ILP;11734;0;0;0;0.00
800;ILP;12197;0;0;0;0.00
800;ILP;11927;0;0;0;0.00
800;ILP;11822;0;0;0;0.00
800;ILP;12032;0;0;0;0.00
800;ILP;12064;0;0;0;0.00
800;ILP;12090;0;0;0;0.00
800;ILP;12071;0;0;0;0.00
800;ILP;11786;0;0;0;0.00
800;ILP;22130;0;0;0;0.00
800;ILP;20514;0;0;0;0.00
800;ILP;20457;0;0;0;0.00
800;ILP;20516;0;0;0;0.00
800;ILP;20460;0;0;0;0.00
800;ILP;20445;0;0;0;0.00
800;ILP;20270;0;0;0;0.00
800;ILP;20486;0;0;0;0.00
800;ILP;20457;0;0;0;0.00
800;ILP;20583;0;0;0;0.00
800;ILP;20813;0;0;0;0.00
800;ILP;20155;0;0;0;0.00
800;ILP;20440;0;0;0;0.00
800;ILP;20320;0;0;0;0.00
800;ILP;20539;0;0;0;0.00
800;ILP;20114;0;0;0;0.00
800;ILP;20121;0;0;0;0.00
800;ILP;20104;0;0;0;0.00
800;ILP;19881;0;0;0;0.00
800;ILP;20133;0;0;0;0.00
800;CP;52710;0;0;0;0.00
800;CP;48318;0;0;0;0.00
800;CP;48625;0;0;0;0.00
800;CP;48415;0;0;0;0.00
800;CP;48404;0;0;0;0.00
800;CP;52034;0;0;0;0.00
800;CP;47252;0;0;0;0.00
800;CP;46824;0;0;0;0.00
800;CP;47742;0;0;0;0.00
800;CP;50022;0;0;0;0.00
800;CP;48588;0;0;0;0.00
800;CP;50038;0;0;0;0.00
800;CP;49991;0;0;0;0.00
800;CP;50072;0;0;0;0.00
800;CP;49973;0;0;0;0.00
800;CP;50040;0;0;0;0.00
800;CP;50576;0;0;0;0.00
800;CP;48043;0;0;0;0.00
800;CP;47772;0;0;0;0.00
800;CP;46963;0;0;0;0.00
800;CP;92148;0;0;0;0.00
800;CP;86089;0;0;0;0.00
800;CP;86972;0;0;0;0.00
800;CP;86466;0;0;0;0.00
800;CP;87052;0;0;0;0.00
800;CP;86510;0;0;0;0.00
800;CP;86581;0;0;0;0.00
800;CP;86562;0;0;0;0.00
800;CP;87143;0;0;0;0.00
800;CP;87614;0;0;0;0.00
800;CP;82706;0;0;0;0.00
800;CP;85109;0;0;0;0.00
800;CP;86612;0;0;0;0.00
800;CP;86124;0;0;0;0.00
800;CP;85648;0;0;0;0.00
800;CP;86407;0;0;0;0.00
800;CP;86095;0;0;0;0.00
800;CP;86163;0;0;0;0.00
800;CP;85626;0;0;0;0.00
800;CP;86894;0;0;0;0.00
800;SCP;40486;0;0;0;0.00
800;SCP;39026;0;0;0;0.00
800;SCP;42179;0;0;0;0.00
800;SCP;39100;0;0;0;0.00
800;SCP;41267;0;0;0;0.00
800;SCP;38927;0;0;0;0.00
800;SCP;38957;0;0;0;0.00
800;SCP;41193;0;0;0;0.00
800;SCP;39010;0;0;0;0.00
800;SCP;42134;0;0;0;0.00
800;SCP;39565;0;0;0;0.00
800;SCP;40828;0;0;0;0.00
800;SCP;37269;0;0;0;0.00
800;SCP;37272;0;0;0;0.00
800;SCP;40236;0;0;0;0.00
800;SCP;37774;0;0;0;0.00
800;SCP;41505;0;0;0;0.00
800;SCP;38967;0;0;0;0.00
800;SCP;42114;0;0;0;0.00
800;SCP;39086;0;0;0;0.00
800;SCP;125881;0;0;0;0.00
800;SCP;125471;0;0;0;0.00
800;SCP;126239;0;0;0;0.00
800;SCP;126757;0;0;0;0.00
800;SCP;126279;0;0;0;0.00
800;SCP;126566;0;0;0;0.00
800;SCP;126509;0;0;0;0.00
800;SCP;127066;0;0;0;0.00
800;SCP;123746;0;0;0;0.00
800;SCP;125695;0;0;0;0.00
800;SCP;126648;0;0;0;0.00
800;SCP;126401;0;0;0;0.00
800;SCP;126466;0;0;0;0.00
800;SCP;126410;0;0;0;0.00
800;SCP;126875;0;0;0;0.00
800;SCP;126661;0;0;0;0.00
800;SCP;124016;0;0;0;0.00
800;SCP;125731;0;0;0;0.00
800;SCP;127421;0;0;0;0.00
800;SCP;126524;0;0;0;0.00
800;KAB;311;0;0;0;0.00
800;KAB;41;0;0;0;0.00
800;KAB;39;0;0;0;0.00
800;KAB;39;0;0;0;0.00
800;KAB;38;0;0;0;0.00
800;KAB;37;0;0;0;0.00
800;KAB;37;0;0;0;0.00
800;KAB;36;0;0;0;0.00
800;KAB;36;0;0;0;0.00
800;KAB;36;0;0;0;0.00
800;KAB;37;0;0;0;0.00
800;KAB;36;0;0;0;0.00
800;KAB;36;0;0;0;0.00
800;KAB;36;0;0;0;0.00
800;KAB;35;0;0;0;0.00
800;KAB;36;0;0;0;0.00
800;KAB;36;0;0;0;0.00
800;KAB;35;0;0;0;0.00
800;KAB;35;0;0;0;0.00
800;KAB;36;0;0;0;0.00
800;KAB;240648;0;0;0;0.00
800;KAB;241150;0;0;0;0.00
800;KAB;239936;0;0;0;0.00
800;KAB;239693;0;0;0;0.00
800;KAB;240240;0;0;0;0.00
800;KAB;240546;0;0;0;0.00
800;KAB;240407;0;0;0;0.00
800;KAB;239818;0;0;0;0.00
800;KAB;240346;0;0;0;0.00
800;KAB;240348;0;0;0;0.00
800;KAB;240055;0;0;0;0.00
800;KAB;240217;0;0;0;0.00
800;KAB;240269;0;0;0;0.00
800;KAB;240224;0;0;0;0.00
800;KAB;240253;0;0;0;0.00
800;KAB;239791;0;0;0;0.00
800;KAB;239935;0;0;0;0.00
800;KAB;240195;0;0;0;0.00
800;KAB;241449;0;0;0;0.00
800;KAB;239734;0;0;0;0.00
800;BFDC;32;0;0;0;0.52
800;BFDC;30;0;0;0;0.52
800;BFDC;29;0;0;0;0.52
800;BFDC;29;0;0;0;0.52
800;BFDC;29;0;0;0;0.52
800;BFDC;29;0;0;0;0.52
800;BFDC;29;0;0;0;0.52
800;BFDC;29;0;0;0;0.52
800;BFDC;28;0;0;0;0.52
800;BFDC;28;0;0;0;0.52
800;BFDC;29;0;0;0;0.52
800;BFDC;28;0;0;0;0.52
800;BFDC;28;0;0;0;0.52
800;BFDC;28;0;0;0;0.52
800;BFDC;28;0;0;0;0.52
800;BFDC;28;0;0;0;0.52
800;BFDC;28;0;0;0;0.52
800;BFDC;28;0;0;0;0.52
800;BFDC;28;0;0;0;0.52
800;BFDC;28;0;0;0;0.52
800;BFDC;315;0;0;0;5.58
800;BFDC;312;0;0;0;5.58
800;BFDC;313;0;0;0;5.58
800;BFDC;312;0;0;0;5.58
800;BFDC;312;0;0;0;5.58
800;BFDC;311;0;0;0;5.58
800;BFDC;311;0;0;0;5.58
800;BFDC;312;0;0;0;5.58
800;BFDC;312;0;0;0;5.58
800;BFDC;311;0;0;0;5.58
800;BFDC;312;0;0;0;5.58
800;BFDC;311;0;0;0;5.58
800;BFDC;311;0;0;0;5.58
800;BFDC;311;0;0;0;5.58
800;BFDC;311;0;0;0;5.58
800;BFDC;312;0;0;0;5.58
800;BFDC;312;0;0;0;5.58
800;BFDC;312;0;0;0;5.58
800;BFDC;310;0;0;0;5.58
800;BFDC;312;0;0;0;5.58
800;CRA;27;0;0;0;0.43
800;CRA;22;0;0;0;0.43
800;CRA;20;0;0;0;0.43
800;CRA;19;0;0;0;0.43
800;CRA;18;0;0;0;0.43
800;CRA;18;0;0;0;0.43
800;CRA;18;0;0;0;0.43
800;CRA;18;0;0;0;0.43
800;CRA;18;0;0;0;0.43
800;CRA;18;0;0;0;0.43
800;CRA;18;0;0;0;0.43
800;CRA;17;0;0;0;0.43
800;CRA;18;0;0;0;0.43
800;CRA;18;0;0;0;0.43
800;CRA;18;0;0;0;0.43
800;CRA;18;0;0;0;0.43
800;CRA;18;0;0;0;0.43
800;CRA;18;0;0;0;0.43
800;CRA;18;0;0;0;0.43
800;CRA;18;0;0;0;0.43
800;CRA;1920;0;0;0;14.21
800;CRA;1882;0;0;0;14.21
800;CRA;1888;0;0;0;14.21
800;CRA;1883;0;0;0;14.21
800;CRA;1887;0;0;0;14.21
800;CRA;1896;0;0;0;14.21
800;CRA;1880;0;0;0;14.21
800;CRA;1884;0;0;0;14.21
800;CRA;1885;0;0;0;14.21
800;CRA;1889;0;0;0;14.21
800;CRA;1879;0;0;0;14.21
800;CRA;1888;0;0;0;14.21
800;CRA;1887;0;0;0;14.21
800;CRA;1893;0;0;0;14.21
800;CRA;1877;0;0;0;14.21
800;CRA;1889;0;0;0;14.21
800;CRA;1888;0;0;0;14.21
800;CRA;1892;0;0;0;14.21
800;CRA;1881;0;0;0;14.21
800;CRA;1893;0;0;0;14.21
1600;ULT;818081;0;0;0;392.46
1600;ULT;818706;0;0;0;392.46
1600;ULT;818719;0;0;0;392.46
1600;ULT;818663;0;0;0;392.46
1600;ULT;819145;0;0;0;392.46
1600;ULT;818682;0;0;0;392.46
1600;ULT;818770;0;0;0;392.46
1600;ULT;819650;0;0;0;392.46
1600;ULT;826076;0;0;0;392.46
1600;ULT;826087;0;0;0;392.46
1600;ULT;820392;0;0;0;392.46
1600;ULT;820254;0;0;0;392.46
1600;ULT;819267;0;0;0;392.46
1600;ULT;819185;0;0;0;392.46
1600;ULT;818526;0;0;0;392.46
1600;ULT;818815;0;0;0;392.46
1600;ULT;818337;0;0;0;392.46
1600;ULT;818494;0;0;0;392.46
1600;ULT;818447;0;0;0;392.46
1600;ULT;819044;0;0;0;392.46
1600;ULT;438564;0;0;0;210.86
1600;ULT;438856;0;0;0;210.86
1600;ULT;439952;0;0;0;210.86
1600;ULT;438893;0;0;0;210.86
1600;ULT;451247;0;0;0;210.86
1600;ULT;439204;0;0;0;210.86
1600;ULT;440639;0;0;0;210.86
1600;ULT;442192;0;0;0;210.86
1600;ULT;439099;0;0;0;210.86
1600;ULT;438598;0;0;0;210.86
1600;ULT;439321;0;0;0;210.86
1600;ULT;441373;0;0;0;210.86
1600;ULT;441903;0;0;0;210.86
1600;ULT;441843;0;0;0;210.86
1600;ULT;441153;0;0;0;210.86
1600;ULT;440009;0;0;0;210.86
1600;ULT;441807;0;0;0;210.86
1600;ULT;441899;0;0;0;210.86
1600;ULT;441758;0;0;0;210.86
1600;ULT;440458;0;0;0;210.86
1600;RULT;83;0;0;0;1.11
1600;RULT;83;0;0;0;1.11
1600;RULT;82;0;0;0;1.11
1600;RULT;83;0;0;0;1.11
1600;RULT;82;0;0;0;1.11
1600;RULT;82;0;0;0;1.11
1600;RULT;82;0;0;0;1.11
1600;RULT;82;0;0;0;1.11
1600;RULT;82;0;0;0;1.11
1600;RULT;82;0;0;0;1.11
1600;RULT;82;0;0;0;1.11
1600;RULT;82;0;0;0;1.11
1600;RULT;82;0;0;0;1.11
1600;RULT;82;0;0;0;1.11
1600;RULT;82;0;0;0;1.11
1600;RULT;83;0;0;0;1.11
1600;RULT;82;0;0;0;1.11
1600;RULT;82;0;0;0;1.11
1600;RULT;82;0;0;0;1.11
1600;RULT;82;0;0;0;1.11
1600;RULT;62;0;0;0;0.83
1600;RULT;61;0;0;0;0.83
1600;RULT;61;0;0;0;0.83
1600;RULT;61;0;0;0;0.83
1600;RULT;61;0;0;0;0.83
1600;RULT;61;0;0;0;0.83
1600;RULT;61;0;0;0;0.83
1600;RULT;61;0;0;0;0.83
1600;RULT;61;0;0;0;0.83
1600;RULT;61;0;0;0;0.83
1600;RULT;61;0;0;0;0.83
1600;RULT;61;0;0;0;0.83
1600;RULT;61;0;0;0;0.83
1600;RULT;61;0;0;0;0.83
1600;RULT;61;0;0;0;0.83
1600;RULT;61;0;0;0;0.83
1600;RULT;61;0;0;0;0.83
1600;RULT;61;0;0;0;0.83
1600;RULT;61;0;0;0;0.83
1600;RULT;61;0;0;0;0.83
1600;ILP;25841;0;0;0;0.00
1600;ILP;24853;0;0;0;0.00
1600;ILP;24814;0;0;0;0.00
1600;ILP;25158;0;0;0;0.00
1600;ILP;25974;0;0;0;0.00
1600;ILP;24914;0;0;0;0.00
1600;ILP;25009;0;0;0;0.00
1600;ILP;24985;0;0;0;0.00
1600;ILP;24782;0;0;0;0.00
1600;ILP;25066;0;0;0;0.00
1600;ILP;24937;0;0;0;0.00
1600;ILP;25574;0;0;0;0.00
1600;ILP;25615;0;0;0;0.00
1600;ILP;25873;0;0;0;0.00
1600;ILP;25568;0;0;0;0.00
1600;ILP;25507;0;0;0;0.00
1600;ILP;25936;0;0;0;0.00
1600;ILP;26184;0;0;0;0.00
1600;ILP;25987;0;0;0;0.00
1600;ILP;26373;0;0;0;0.00
1600;ILP;26328;0;0;0;0.00
1600;ILP;25095;0;0;0;0.00
1600;ILP;24605;0;0;0;0.00
1600;ILP;24621;0;0;0;0.00
1600;ILP;24547;0;0;0;0.00
1600;ILP;26370;0;0;0;0.00
1600;ILP;25742;0;0;0;0.00
1600;ILP;26075;0;0;0;0.00
1600;ILP;26482;0;0;0;0.00
1600;ILP;26413;0;0;0;0.00
1600;ILP;26155;0;0;0;0.00
1600;ILP;26122;0;0;0;0.00
1600;ILP;26640;0;0;0;0.00
1600;ILP;26483;0;0;0;0.00
1600;ILP;26102;0;0;0;0.00
1600;ILP;26360;0;0;0;0.00
1600;ILP;26180;0;0;0;0.00
1600;ILP;26085;0;0;0;0.00
1600;ILP;26354;0;0;0;0.00
1600;ILP;26457;0;0;0;0.00
1600;CP;187904;0;0;0;0.00
1600;CP;171400;0;0;0;0.00
1600;CP;170750;0;0;0;0.00
1600;CP;172198;0;0;0;0.00
1600;CP;171356;0;0;0;0.00
1600;CP;170205;0;0;0;0.00
1600;CP;170272;0;0;0;0.00
1600;CP;168865;0;0;0;0.00
1600;CP;169493;0;0;0;0.00
1600;CP;170832;0;0;0;0.00
1600;CP;169553;0;0;0;0.00
1600;CP;170049;0;0;0;0.00
1600;CP;169249;0;0;0;0.00
1600;CP;170989;0;0;0;0.00
1600;CP;169254;0;0;0;0.00
1600;CP;169431;0;0;0;0.00
1600;CP;169382;0;0;0;0.00
1600;CP;169398;0;0;0;0.00
1600;CP;168146;0;0;0;0.00
1600;CP;178384;0;0;0;0.00
1600;CP;109824;0;0;0;0.00
1600;CP;109648;0;0;0;0.00
1600;CP;109483;0;0;0;0.00
1600;CP;109958;0;0;0;0.00
1600;CP;109724;0;0;0;0.00
1600;CP;109563;0;0;0;0.00
1600;CP;109918;0;0;0;0.00
1600;CP;109715;0;0;0;0.00
1600;CP;109446;0;0;0;0.00
1600;CP;109650;0;0;0;0.00
1600;CP;108136;0;0;0;0.00
1600;CP;97362;0;0;0;0.00
1600;CP;97245;0;0;0;0.00
1600;CP;97033;0;0;0;0.00
1600;CP;96890;0;0;0;0.00
1600;CP;96867;0;0;0;0.00
1600;CP;96477;0;0;0;0.00
1600;CP;102622;0;0;0;0.00
1600;CP;110106;0;0;0;0.00
1600;CP;109992;0;0;0;0.00
1600;SCP;190920;0;0;0;0.00
1600;SCP;190235;0;0;0;0.00
1600;SCP;188996;0;0;0;0.00
1600;SCP;189814;0;0;0;0.00
1600;SCP;191372;0;0;0;0.00
1600;SCP;188586;0;0;0;0.00
1600;SCP;190154;0;0;0;0.00
1600;SCP;188533;0;0;0;0.00
1600;SCP;190272;0;0;0;0.00
1600;SCP;188475;0;0;0;0.00
1600;SCP;193436;0;0;0;0.00
1600;SCP;185470;0;0;0;0.00
1600;SCP;183976;0;0;0;0.00
1600;SCP;184132;0;0;0;0.00
1600;SCP;183221;0;0;0;0.00
1600;SCP;184167;0;0;0;0.00
1600;SCP;183956;0;0;0;0.00
1600;SCP;183395;0;0;0;0.00
1600;SCP;183430;0;0;0;0.00
1600;SCP;184162;0;0;0;0.00
1600;SCP;108777;0;0;0;0.00
1600;SCP;109116;0;0;0;0.00
1600;SCP;108891;0;0;0;0.00
1600;SCP;108876;0;0;0;0.00
1600;SCP;109001;0;0;0;0.00
1600;SCP;108734;0;0;0;0.00
1600;SCP;108907;0;0;0;0.00
1600;SCP;108958;0;0;0;0.00
1600;SCP;108270;0;0;0;0.00
1600;SCP;108840;0;0;0;0.00
1600;SCP;108322;0;0;0;0.00
1600;SCP;108735;0;0;0;0.00
1600;SCP;108718;0;0;0;0.00
1600;SCP;108595;0;0;0;0.00
1600;SCP;109006;0;0;0;0.00
1600;SCP;106709;0;0;0;0.00
1600;SCP;105201;0;0;0;0.00
1600;SCP;105536;0;0;0;0.00
1600;SCP;104777;0;0;0;0.00
1600;SCP;105466;0;0;0;0.00
1600;KAB;626;0;0;0;0.00
1600;KAB;90;0;0;0;0.00
1600;KAB;88;0;0;0;0.00
1600;KAB;86;0;0;0;0.00
1600;KAB;86;0;0;0;0.00
1600;KAB;86;0;0;0;0.00
1600;KAB;85;0;0;0;0.00
1600;KAB;86;0;0;0;0.00
1600;KAB;86;0;0;0;0.00
1600;KAB;86;0;0;0;0.00
1600;KAB;91;0;0;0;0.00
1600;KAB;86;0;0;0;0.00
1600;KAB;86;0;0;0;0.00
1600;KAB;86;0;0;0;0.00
1600;KAB;86;0;0;0;0.00
1600;KAB;85;0;0;0;0.00
1600;KAB;85;0;0;0;0.00
1600;KAB;85;0;0;0;0.00
1600;KAB;85;0;0;0;0.00
1600;KAB;86;0;0;0;0.00
1600;KAB;629;0;0;0;0.00
1600;KAB;94;0;0;0;0.00
1600;KAB;92;0;0;0;0.00
1600;KAB;91;0;0;0;0.00
1600;KAB;90;0;0;0;0.00
1600;KAB;90;0;0;0;0.00
1600;KAB;90;0;0;0;0.00
1600;KAB;90;0;0;0;0.00
1600;KAB;90;0;0;0;0.00
1600;KAB;90;0;0;0;0.00
1600;KAB;90;0;0;0;0.00
1600;KAB;90;0;0;0;0.00
1600;KAB;89;0;0;0;0.00
1600;KAB;90;0;0;0;0.00
1600;KAB;90;0;0;0;0.00
1600;KAB;89;0;0;0;0.00
1600;KAB;90;0;0;0;0.00
1600;KAB;89;0;0;0;0.00
1600;KAB;89;0;0;0;0.00
1600;KAB;89;0;0;0;0.00
1600;BFDC;168;0;0;0;1.51
1600;BFDC;167;0;0;0;1.51
1600;BFDC;167;0;0;0;1.51
1600;BFDC;166;0;0;0;1.51
1600;BFDC;166;0;0;0;1.51
1600;BFDC;166;0;0;0;1.51
1600;BFDC;167;0;0;0;1.51
1600;BFDC;167;0;0;0;1.51
1600;BFDC;167;0;0;0;1.51
1600;BFDC;166;0;0;0;1.51
1600;BFDC;167;0;0;0;1.51
1600;BFDC;166;0;0;0;1.51
1600;BFDC;166;0;0;0;1.51
1600;BFDC;167;0;0;0;1.51
1600;BFDC;167;0;0;0;1.51
1600;BFDC;166;0;0;0;1.51
1600;BFDC;166;0;0;0;1.51
1600;BFDC;166;0;0;0;1.51
1600;BFDC;167;0;0;0;1.51
1600;BFDC;167;0;0;0;1.51
1600;BFDC;116;0;0;0;1.04
1600;BFDC;115;0;0;0;1.04
1600;BFDC;115;0;0;0;1.04
1600;BFDC;114;0;0;0;1.04
1600;BFDC;114;0;0;0;1.04
1600;BFDC;114;0;0;0;1.04
1600;BFDC;114;0;0;0;1.04
1600;BFDC;114;0;0;0;1.04
1600;BFDC;113;0;0;0;1.04
1600;BFDC;114;0;0;0;1.04
1600;BFDC;114;0;0;0;1.04
1600;BFDC;114;0;0;0;1.04
1600;BFDC;113;0;0;0;1.04
1600;BFDC;114;0;0;0;1.04
1600;BFDC;113;0;0;0;1.04
1600;BFDC;113;0;0;0;1.04
1600;BFDC;113;0;0;0;1.04
1600;BFDC;114;0;0;0;1.04
1600;BFDC;114;0;0;0;1.04
1600;BFDC;114;0;0;0;1.04
1600;CRA;82;0;0;0;0.70
1600;CRA;78;0;0;0;0.70
1600;CRA;78;0;0;0;0.70
1600;CRA;77;0;0;0;0.70
1600;CRA;83;0;0;0;0.70
1600;CRA;77;0;0;0;0.70
1600;CRA;78;0;0;0;0.70
1600;CRA;77;0;0;0;0.70
1600;CRA;77;0;0;0;0.70
1600;CRA;78;0;0;0;0.70
1600;CRA;77;0;0;0;0.70
1600;CRA;77;0;0;0;0.70
1600;CRA;77;0;0;0;0.70
1600;CRA;77;0;0;0;0.70
1600;CRA;78;0;0;0;0.70
1600;CRA;77;0;0;0;0.70
1600;CRA;77;0;0;0;0.70
1600;CRA;79;0;0;0;0.70
1600;CRA;79;0;0;0;0.70
1600;CRA;79;0;0;0;0.70
1600;CRA;47;0;0;0;0.13
1600;CRA;26;0;0;0;0.13
1600;CRA;25;0;0;0;0.13
1600;CRA;24;0;0;0;0.13
1600;CRA;24;0;0;0;0.13
1600;CRA;24;0;0;0;0.13
1600;CRA;24;0;0;0;0.13
1600;CRA;24;0;0;0;0.13
1600;CRA;24;0;0;0;0.13
1600;CRA;24;0;0;0;0.13
1600;CRA;24;0;0;0;0.13
1600;CRA;24;0;0;0;0.13
1600;CRA;24;0;0;0;0.13
1600;CRA;24;0;0;0;0.13
1600;CRA;24;0;0;0;0.13
1600;CRA;24;0;0;0;0.13
1600;CRA;24;0;0;0;0.13
1600;CRA;24;0;0;0;0.13
1600;CRA;24;0;0;0;0.13
1600;CRA;24;0;0;0;0.13
12800;RULT;210;0;0;0;0.22
12800;RULT;212;0;0;0;0.22
12800;RULT;219;0;0;0;0.22
12800;RULT;202;0;0;0;0.22
12800;RULT;201;0;0;0;0.22
12800;RULT;199;0;0;0;0.22
12800;RULT;201;0;0;0;0.22
12800;RULT;205;0;0;0;0.22
12800;RULT;197;0;0;0;0.22
12800;RULT;204;0;0;0;0.22
12800;RULT;203;0;0;0;0.22
12800;RULT;199;0;0;0;0.22
12800;RULT;205;0;0;0;0.22
12800;RULT;208;0;0;0;0.22
12800;RULT;213;0;0;0;0.22
12800;RULT;216;0;0;0;0.22
12800;RULT;203;0;0;0;0.22
12800;RULT;207;0;0;0;0.22
12800;RULT;201;0;0;0;0.22
12800;RULT;201;0;0;0;0.22
12800;RULT;780;0;0;0;1.10
12800;RULT;731;0;0;0;1.10
12800;RULT;723;0;0;0;1.10
12800;RULT;730;0;0;0;1.10
12800;RULT;721;0;0;0;1.10
12800;RULT;726;0;0;0;1.10
12800;RULT;722;0;0;0;1.10
12800;RULT;720;0;0;0;1.10
12800;RULT;723;0;0;0;1.10
12800;RULT;725;0;0;0;1.10
12800;RULT;723;0;0;0;1.10
12800;RULT;722;0;0;0;1.10
12800;RULT;727;0;0;0;1.10
12800;RULT;754;0;0;0;1.10
12800;RULT;728;0;0;0;1.10
12800;RULT;724;0;0;0;1.10
12800;RULT;723;0;0;0;1.10
12800;RULT;724;0;0;0;1.10
12800;RULT;723;0;0;0;1.10
12800;RULT;723;0;0;0;1.10
12800;ILP;261743;0;0;0;0.00
12800;ILP;269151;0;0;0;0.00
12800;ILP;256223;0;0;0;0.00
12800;ILP;251287;0;0;0;0.00
12800;ILP;251010;0;0;0;0.00
12800;ILP;252248;0;0;0;0.00
12800;ILP;243503;0;0;0;0.00
12800;ILP;244204;0;0;0;0.00
12800;ILP;241845;0;0;0;0.00
12800;ILP;244239;0;0;0;0.00
12800;ILP;244364;0;0;0;0.00
12800;ILP;244991;0;0;0;0.00
12800;ILP;245179;0;0;0;0.00
12800;ILP;245215;0;0;0;0.00
12800;ILP;244505;0;0;0;0.00
12800;ILP;243554;0;0;0;0.00
12800;ILP;246206;0;0;0;0.00
12800;ILP;242422;0;0;0;0.00
12800;ILP;244411;0;0;0;0.00
12800;ILP;242203;0;0;0;0.00
12800;ILP;248864;0;0;0;0.00
12800;ILP;263458;0;0;0;0.00
12800;ILP;253068;0;0;0;0.00
12800;ILP;258704;0;0;0;0.00
12800;ILP;258547;0;0;0;0.00
12800;ILP;257578;0;0;0;0.00
12800;ILP;247199;0;0;0;0.00
12800;ILP;252184;0;0;0;0.00
12800;ILP;253623;0;0;0;0.00
12800;ILP;253568;0;0;0;0.00
12800;ILP;261396;0;0;0;0.00
12800;ILP;264811;0;0;0;0.00
12800;ILP;254082;0;0;0;0.00
12800;ILP;259057;0;0;0;0.00
12800;ILP;263027;0;0;0;0.00
12800;ILP;245983;0;0;0;0.00
12800;ILP;256422;0;0;0;0.00
12800;ILP;256784;0;0;0;0.00
12800;ILP;245352;0;0;0;0.00
12800;ILP;249797;0;0;0;0.00
12800;CP;1240182;0;0;0;0.00
12800;CP;1238273;0;0;0;0.00
12800;CP;1235450;0;0;0;0.00
12800;CP;1237014;0;0;0;0.00
12800;CP;1248812;0;0;0;0.00
12800;CP;1337825;0;0;0;0.00
12800;CP;1326731;0;0;0;0.00
12800;CP;1332873;0;0;0;0.00
12800;CP;1329921;0;0;0;0.00
12800;CP;1333547;0;0;0;0.00
12800;CP;1316000;0;0;0;0.00
12800;CP;1305992;0;0;0;0.00
12800;CP;1343022;0;0;0;0.00
12800;CP;1349175;0;0;0;0.00
12800;CP;1314846;0;0;0;0.00
12800;CP;1331873;0;0;0;0.00
12800;CP;1340314;0;0;0;0.00
12800;CP;1319350;0;0;0;0.00
12800;CP;1349757;0;0;0;0.00
12800;CP;1333403;0;0;0;0.00
12800;CP;2035119;0;0;1;0.00
12800;CP;2033444;0;0;1;0.00
12800;CP;2039078;0;0;1;0.00
12800;CP;2024050;0;0;1;0.00
12800;CP;2033389;0;0;1;0.00
12800;CP;2045993;0;0;1;0.00
12800;CP;2443055;0;0;1;0.00
12800;CP;2434928;0;0;1;0.00
12800;CP;2429813;0;0;1;0.00
12800;CP;2432582;0;0;1;0.00
12800;CP;2429656;0;0;1;0.00
12800;CP;2430280;0;0;1;0.00
12800;CP;2426058;0;0;1;0.00
12800;CP;2434211;0;0;1;0.00
12800;CP;2421383;0;0;1;0.00
12800;CP;2204449;0;0;1;0.00
12800;CP;2300902;0;0;1;0.00
12800;CP;2317944;0;0;1;0.00
12800;CP;2308553;0;0;1;0.00
12800;CP;2335031;0;0;1;0.00
12800;SCP;1123603;0;0;0;0.00
12800;SCP;1123084;0;0;0;0.00
12800;SCP;1133545;0;0;0;0.00
12800;SCP;1129059;0;0;0;0.00
12800;SCP;1117202;0;0;0;0.00
12800;SCP;1124030;0;0;0;0.00
12800;SCP;1127128;0;0;0;0.00
12800;SCP;1118659;0;0;0;0.00
12800;SCP;1122394;0;0;0;0.00
12800;SCP;1101102;0;0;0;0.00
12800;SCP;1122845;0;0;0;0.00
12800;SCP;1108664;0;0;0;0.00
12800;SCP;1140555;0;0;0;0.00
12800;SCP;1123217;0;0;0;0.00
12800;SCP;1124140;0;0;0;0.00
12800;SCP;1114227;0;0;0;0.00
12800;SCP;1132574;0;0;0;0.00
12800;SCP;1122869;0;0;0;0.00
12800;SCP;1117400;0;0;0;0.00
12800;SCP;1111319;0;0;0;0.00
12800;SCP;1277826;0;0;0;0.00
12800;SCP;1273921;0;0;0;0.00
12800;SCP;1274793;0;0;0;0.00
12800;SCP;1273271;0;0;0;0.00
12800;SCP;1285125;0;0;0;0.00
12800;SCP;1280940;0;0;0;0.00
12800;SCP;1277714;0;0;0;0.00
12800;SCP;1315967;0;0;0;0.00
12800;SCP;1271460;0;0;0;0.00
12800;SCP;1276993;0;0;0;0.00
12800;SCP;1300227;0;0;0;0.00
12800;SCP;1266731;0;0;0;0.00
12800;SCP;1275296;0;0;0;0.00
12800;SCP;1293708;0;0;0;0.00
12800;SCP;1286503;0;0;0;0.00
12800;SCP;1271267;0;0;0;0.00
12800;SCP;1295668;0;0;0;0.00
12800;SCP;1267949;0;0;0;0.00
12800;SCP;1273020;0;0;0;0.00
12800;SCP;1277168;0;0;0;0.00
12800;KAB;650;0;0;0;0.00
12800;KAB;417;0;0;0;0.00
12800;KAB;419;0;0;0;0.00
12800;KAB;414;0;0;0;0.00
12800;KAB;417;0;0;0;0.00
12800;KAB;417;0;0;0;0.00
12800;KAB;416;0;0;0;0.00
12800;KAB;418;0;0;0;0.00
12800;KAB;417;0;0;0;0.00
12800;KAB;419;0;0;0;0.00
12800;KAB;419;0;0;0;0.00
12800;KAB;418;0;0;0;0.00
12800;KAB;423;0;0;0;0.00
12800;KAB;420;0;0;0;0.00
12800;KAB;415;0;0;0;0.00
12800;KAB;420;0;0;0;0.00
12800;KAB;419;0;0;0;0.00
12800;KAB;414;0;0;0;0.00
12800;KAB;416;0;0;0;0.00
12800;KAB;420;0;0;0;0.00
12800;KAB;1014;0;0;0;0.00
12800;KAB;853;0;0;0;0.00
12800;KAB;848;0;0;0;0.00
12800;KAB;838;0;0;0;0.00
12800;KAB;840;0;0;0;0.00
12800;KAB;839;0;0;0;0.00
12800;KAB;842;0;0;0;0.00
12800;KAB;849;0;0;0;0.00
12800;KAB;837;0;0;0;0.00
12800;KAB;842;0;0;0;0.00
12800;KAB;837;0;0;0;0.00
12800;KAB;840;0;0;0;0.00
12800;KAB;843;0;0;0;0.00
12800;KAB;847;0;0;0;0.00
12800;KAB;842;0;0;0;0.00
12800;KAB;839;0;0;0;0.00
12800;KAB;835;0;0;0;0.00
12800;KAB;842;0;0;0;0.00
12800;KAB;847;0;0;0;0.00
12800;KAB;850;0;0;0;0.00
12800;BFDC;298;0;0;0;0.24
12800;BFDC;295;0;0;0;0.24
12800;BFDC;295;0;0;0;0.24
12800;BFDC;295;0;0;0;0.24
12800;BFDC;294;0;0;0;0.24
12800;BFDC;295;0;0;0;0.24
12800;BFDC;300;0;0;0;0.24
12800;BFDC;295;0;0;0;0.24
12800;BFDC;294;0;0;0;0.24
12800;BFDC;293;0;0;0;0.24
12800;BFDC;299;0;0;0;0.24
12800;BFDC;294;0;0;0;0.24
12800;BFDC;295;0;0;0;0.24
12800;BFDC;294;0;0;0;0.24
12800;BFDC;294;0;0;0;0.24
12800;BFDC;294;0;0;0;0.24
12800;BFDC;299;0;0;0;0.24
12800;BFDC;295;0;0;0;0.24
12800;BFDC;295;0;0;0;0.24
12800;BFDC;295;0;0;0;0.24
12800;BFDC;1470;0;0;0;1.49
12800;BFDC;1492;0;0;0;1.49
12800;BFDC;1471;0;0;0;1.49
12800;BFDC;1471;0;0;0;1.49
12800;BFDC;1475;0;0;0;1.49
12800;BFDC;1479;0;0;0;1.49
12800;BFDC;1480;0;0;0;1.49
12800;BFDC;1469;0;0;0;1.49
12800;BFDC;1472;0;0;0;1.49
12800;BFDC;1469;0;0;0;1.49
12800;BFDC;1477;0;0;0;1.49
12800;BFDC;1486;0;0;0;1.49
12800;BFDC;1468;0;0;0;1.49
12800;BFDC;1469;0;0;0;1.49
12800;BFDC;1470;0;0;0;1.49
12800;BFDC;1478;0;0;0;1.49
12800;BFDC;1479;0;0;0;1.49
12800;BFDC;1471;0;0;0;1.49
12800;BFDC;1501;0;0;0;1.49
12800;BFDC;1469;0;0;0;1.49
12800;CRA;311;0;0;0;0.05
12800;CRA;183;0;0;0;0.05
12800;CRA;178;0;0;0;0.05
12800;CRA;175;0;0;0;0.05
12800;CRA;177;0;0;0;0.05
12800;CRA;175;0;0;0;0.05
12800;CRA;176;0;0;0;0.05
12800;CRA;175;0;0;0;0.05
12800;CRA;175;0;0;0;0.05
12800;CRA;174;0;0;0;0.05
12800;CRA;175;0;0;0;0.05
12800;CRA;175;0;0;0;0.05
12800;CRA;174;0;0;0;0.05
12800;CRA;175;0;0;0;0.05
12800;CRA;174;0;0;0;0.05
12800;CRA;173;0;0;0;0.05
12800;CRA;173;0;0;0;0.05
12800;CRA;174;0;0;0;0.05
12800;CRA;177;0;0;0;0.05
12800;CRA;173;0;0;0;0.05
12800;CRA;1159;0;0;0;0.70
12800;CRA;782;0;0;0;0.70
12800;CRA;763;0;0;0;0.70
12800;CRA;769;0;0;0;0.70
12800;CRA;770;0;0;0;0.70
12800;CRA;763;0;0;0;0.70
12800;CRA;767;0;0;0;0.70
12800;CRA;763;0;0;0;0.70
12800;CRA;763;0;0;0;0.70
12800;CRA;762;0;0;0;0.70
12800;CRA;768;0;0;0;0.70
12800;CRA;762;0;0;0;0.70
12800;CRA;762;0;0;0;0.70
12800;CRA;762;0;0;0;0.70
12800;CRA;762;0;0;0;0.70
12800;CRA;763;0;0;0;0.70
12800;CRA;762;0;0;0;0.70
12800;CRA;762;0;0;0;0.70
12800;CRA;763;0;0;0;0.70
12800;CRA;767;0;0;0;0.70
200;ULT;6307;0;0;0;139.71
200;ULT;5992;0;0;0;139.71
200;ULT;6367;0;0;0;139.71
200;ULT;6391;0;0;0;139.71
200;ULT;6339;0;0;0;139.71
200;ULT;6372;0;0;0;139.71
200;ULT;6340;0;0;0;139.71
200;ULT;6338;0;0;0;139.71
200;ULT;6361;0;0;0;139.71
200;ULT;6351;0;0;0;139.71
200;ULT;6338;0;0;0;139.71
200;ULT;6333;0;0;0;139.71
200;ULT;6335;0;0;0;139.71
200;ULT;6333;0;0;0;139.71
200;ULT;6344;0;0;0;139.71
200;ULT;6356;0;0;0;139.71
200;ULT;6340;0;0;0;139.71
200;ULT;6341;0;0;0;139.71
200;ULT;6339;0;0;0;139.71
200;ULT;6334;0;0;0;139.71
200;ULT;3749;0;0;0;89.98
200;ULT;3735;0;0;0;89.98
200;ULT;3886;0;0;0;89.98
200;ULT;3865;0;0;0;89.98
200;ULT;3868;0;0;0;89.98
200;ULT;3869;0;0;0;89.98
200;ULT;3866;0;0;0;89.98
200;ULT;3867;0;0;0;89.98
200;ULT;3869;0;0;0;89.98
200;ULT;3867;0;0;0;89.98
200;ULT;3865;0;0;0;89.98
200;ULT;4277;0;0;0;89.98
200;ULT;8125;0;0;0;89.98
200;ULT;3889;0;0;0;89.98
200;ULT;3889;0;0;0;89.98
200;ULT;3887;0;0;0;89.98
200;ULT;3887;0;0;0;89.98
200;ULT;3887;0;0;0;89.98
200;ULT;3886;0;0;0;89.98
200;ULT;3901;0;0;0;89.98
200;RULT;15;0;0;0;1.78
200;RULT;14;0;0;0;1.78
200;RULT;14;0;0;0;1.78
200;RULT;14;0;0;0;1.78
200;RULT;14;0;0;0;1.78
200;RULT;14;0;0;0;1.78
200;RULT;14;0;0;0;1.78
200;RULT;14;0;0;0;1.78
200;RULT;14;0;0;0;1.78
200;RULT;14;0;0;0;1.78
200;RULT;14;0;0;0;1.78
200;RULT;14;0;0;0;1.78
200;RULT;14;0;0;0;1.78
200;RULT;14;0;0;0;1.78
200;RULT;14;0;0;0;1.78
200;RULT;14;0;0;0;1.78
200;RULT;14;0;0;0;1.78
200;RULT;14;0;0;0;1.78
200;RULT;14;0;0;0;1.78
200;RULT;14;0;0;0;1.78
200;RULT;12;0;0;0;1.24
200;RULT;12;0;0;0;1.24
200;RULT;11;0;0;0;1.24
200;RULT;11;0;0;0;1.24
200;RULT;11;0;0;0;1.24
200;RULT;11;0;0;0;1.24
200;RULT;11;0;0;0;1.24
200;RULT;11;0;0;0;1.24
200;RULT;11;0;0;0;1.24
200;RULT;11;0;0;0;1.24
200;RULT;11;0;0;0;1.24
200;RULT;11;0;0;0;1.24
200;RULT;11;0;0;0;1.24
200;RULT;11;0;0;0;1.24
200;RULT;11;0;0;0;1.24
200;RULT;10;0;0;0;1.24
200;RULT;10;0;0;0;1.24
200;RULT;11;0;0;0;1.24
200;RULT;10;0;0;0;1.24
200;RULT;10;0;0;0;1.24
200;ILP;3613;0;0;0;0.00
200;ILP;3378;0;0;0;0.00
200;ILP;3330;0;0;0;0.00
200;ILP;3399;0;0;0;0.00
200;ILP;3338;0;0;0;0.00
200;ILP;3378;0;0;0;0.00
200;ILP;3352;0;0;0;0.00
200;ILP;3255;0;0;0;0.00
200;ILP;3248;0;0;0;0.00
200;ILP;3257;0;0;0;0.00
200;ILP;3250;0;0;0;0.00
200;ILP;3248;0;0;0;0.00
200;ILP;3251;0;0;0;0.00
200;ILP;3244;0;0;0;0.00
200;ILP;3262;0;0;0;0.00
200;ILP;3220;0;0;0;0.00
200;ILP;3247;0;0;0;0.00
200;ILP;3232;0;0;0;0.00
200;ILP;3352;0;0;0;0.00
200;ILP;3248;0;0;0;0.00
200;ILP;3473;0;0;0;0.00
200;ILP;3197;0;0;0;0.00
200;ILP;3177;0;0;0;0.00
200;ILP;3163;0;0;0;0.00
200;ILP;3224;0;0;0;0.00
200;ILP;3163;0;0;0;0.00
200;ILP;3153;0;0;0;0.00
200;ILP;3142;0;0;0;0.00
200;ILP;3146;0;0;0;0.00
200;ILP;3140;0;0;0;0.00
200;ILP;3160;0;0;0;0.00
200;ILP;3160;0;0;0;0.00
200;ILP;3169;0;0;0;0.00
200;ILP;3153;0;0;0;0.00
200;ILP;3171;0;0;0;0.00
200;ILP;3140;0;0;0;0.00
200;ILP;3153;0;0;0;0.00
200;ILP;3131;0;0;0;0.00
200;ILP;3120;0;0;0;0.00
200;ILP;3133;0;0;0;0.00
200;CP;21202;0;0;0;0.00
200;CP;18864;0;0;0;0.00
200;CP;18702;0;0;0;0.00
200;CP;18525;0;0;0;0.00
200;CP;18708;0;0;0;0.00
200;CP;19086;0;0;0;0.00
200;CP;19394;0;0;0;0.00
200;CP;18904;0;0;0;0.00
200;CP;18754;0;0;0;0.00
200;CP;18645;0;0;0;0.00
200;CP;18570;0;0;0;0.00
200;CP;18528;0;0;0;0.00
200;CP;18789;0;0;0;0.00
200;CP;18628;0;0;0;0.00
200;CP;18712;0;0;0;0.00
200;CP;19020;0;0;0;0.00
200;CP;18767;0;0;0;0.00
200;CP;18765;0;0;0;0.00
200;CP;18565;0;0;0;0.00
200;CP;25446;0;0;0;0.00
200;CP;21929;0;0;0;0.00
200;CP;19233;0;0;0;0.00
200;CP;19472;0;0;0;0.00
200;CP;19304;0;0;0;0.00
200;CP;19148;0;0;0;0.00
200;CP;19429;0;0;0;0.00
200;CP;19188;0;0;0;0.00
200;CP;19113;0;0;0;0.00
200;CP;19138;0;0;0;0.00
200;CP;19108;0;0;0;0.00
200;CP;19259;0;0;0;0.00
200;CP;19223;0;0;0;0.00
200;CP;19422;0;0;0;0.00
200;CP;19105;0;0;0;0.00
200;CP;19539;0;0;0;0.00
200;CP;19703;0;0;0;0.00
200;CP;19312;0;0;0;0.00
200;CP;19331;0;0;0;0.00
200;CP;19349;0;0;0;0.00
200;CP;19048;0;0;0;0.00
200;SCP;21491;0;0;0;0.00
200;SCP;21286;0;0;0;0.00
200;SCP;20753;0;0;0;0.00
200;SCP;19782;0;0;0;0.00
200;SCP;21188;0;0;0;0.00
200;SCP;21271;0;0;0;0.00
200;SCP;21199;0;0;0;0.00
200;SCP;21242;0;0;0;0.00
200;SCP;21230;0;0;0;0.00
200;SCP;21236;0;0;0;0.00
200;SCP;21249;0;0;0;0.00
200;SCP;21260;0;0;0;0.00
200;SCP;21245;0;0;0;0.00
200;SCP;21283;0;0;0;0.00
200;SCP;21193;0;0;0;0.00
200;SCP;21126;0;0;0;0.00
200;SCP;21022;0;0;0;0.00
200;SCP;21135;0;0;0;0.00
200;SCP;21168;0;0;0;0.00
200;SCP;21134;0;0;0;0.00
200;SCP;15634;0;0;0;0.00
200;SCP;15193;0;0;0;0.00
200;SCP;15694;0;0;0;0.00
200;SCP;15254;0;0;0;0.00
200;SCP;15618;0;0;0;0.00
200;SCP;15167;0;0;0;0.00
200;SCP;15554;0;0;0;0.00
200;SCP;15115;0;0;0;0.00
200;SCP;15591;0;0;0;0.00
200;SCP;15135;0;0;0;0.00
200;SCP;15550;0;0;0;0.00
200;SCP;15195;0;0;0;0.00
200;SCP;15661;0;0;0;0.00
200;SCP;15124;0;0;0;0.00
200;SCP;15574;0;0;0;0.00
200;SCP;15138;0;0;0;0.00
200;SCP;15610;0;0;0;0.00
200;SCP;15196;0;0;0;0.00
200;SCP;15587;0;0;0;0.00
200;SCP;15106;0;0;0;0.00
200;KAB;83;0;0;0;0.00
200;KAB;16;0;0;0;0.00
200;KAB;14;0;0;0;0.00
200;KAB;13;0;0;0;0.00
200;KAB;12;0;0;0;0.00
200;KAB;12;0;0;0;0.00
200;KAB;11;0;0;0;0.00
200;KAB;11;0;0;0;0.00
200;KAB;11;0;0;0;0.00
200;KAB;10;0;0;0;0.00
200;KAB;10;0;0;0;0.00
200;KAB;10;0;0;0;0.00
200;KAB;10;0;0;0;0.00
200;KAB;10;0;0;0;0.00
200;KAB;10;0;0;0;0.00
200;KAB;10;0;0;0;0.00
200;KAB;10;0;0;0;0.00
200;KAB;10;0;0;0;0.00
200;KAB;10;0;0;0;0.00
200;KAB;10;0;0;0;0.00
200;KAB;80;0;0;0;0.00
200;KAB;13;0;0;0;0.00
200;KAB;11;0;0;0;0.00
200;KAB;10;0;0;0;0.00
200;KAB;10;0;0;0;0.00
200;KAB;9;0;0;0;0.00
200;KAB;9;0;0;0;0.00
200;KAB;9;0;0;0;0.00
200;KAB;8;0;0;0;0.00
200;KAB;8;0;0;0;0.00
200;KAB;8;0;0;0;0.00
200;KAB;8;0;0;0;0.00
200;KAB;8;0;0;0;0.00
200;KAB;8;0;0;0;0.00
200;KAB;8;0;0;0;0.00
200;KAB;8;0;0;0;0.00
200;KAB;8;0;0;0;0.00
200;KAB;8;0;0;0;0.00
200;KAB;8;0;0;0;0.00
200;KAB;8;0;0;0;0.00
200;BFDC;25;0;0;0;2.06
200;BFDC;25;0;0;0;2.06
200;BFDC;23;0;0;0;2.06
200;BFDC;23;0;0;0;2.06
200;BFDC;22;0;0;0;2.06
200;BFDC;22;0;0;0;2.06
200;BFDC;22;0;0;0;2.06
200;BFDC;22;0;0;0;2.06
200;BFDC;21;0;0;0;2.06
200;BFDC;21;0;0;0;2.06
200;BFDC;21;0;0;0;2.06
200;BFDC;21;0;0;0;2.06
200;BFDC;21;0;0;0;2.06
200;BFDC;21;0;0;0;2.06
200;BFDC;21;0;0;0;2.06
200;BFDC;21;0;0;0;2.06
200;BFDC;21;0;0;0;2.06
200;BFDC;21;0;0;0;2.06
200;BFDC;21;0;0;0;2.06
200;BFDC;21;0;0;0;2.06
200;BFDC;22;0;0;0;1.73
200;BFDC;21;0;0;0;1.73
200;BFDC;20;0;0;0;1.73
200;BFDC;19;0;0;0;1.73
200;BFDC;19;0;0;0;1.73
200;BFDC;18;0;0;0;1.73
200;BFDC;18;0;0;0;1.73
200;BFDC;18;0;0;0;1.73
200;BFDC;18;0;0;0;1.73
200;BFDC;18;0;0;0;1.73
200;BFDC;17;0;0;0;1.73
200;BFDC;18;0;0;0;1.73
200;BFDC;17;0;0;0;1.73
200;BFDC;17;0;0;0;1.73
200;BFDC;17;0;0;0;1.73
200;BFDC;17;0;0;0;1.73
200;BFDC;17;0;0;0;1.73
200;BFDC;17;0;0;0;1.73
200;BFDC;17;0;0;0;1.73
200;BFDC;17;0;0;0;1.73
200;CRA;18;0;0;0;1.59
200;CRA;13;0;0;0;1.59
200;CRA;11;0;0;0;1.59
200;CRA;10;0;0;0;1.59
200;CRA;10;0;0;0;1.59
200;CRA;9;0;0;0;1.59
200;CRA;9;0;0;0;1.59
200;CRA;9;0;0;0;1.59
200;CRA;9;0;0;0;1.59
200;CRA;9;0;0;0;1.59
200;CRA;9;0;0;0;1.59
200;CRA;9;0;0;0;1.59
200;CRA;9;0;0;0;1.59
200;CRA;9;0;0;0;1.59
200;CRA;9;0;0;0;1.59
200;CRA;9;0;0;0;1.59
200;CRA;9;0;0;0;1.59
200;CRA;9;0;0;0;1.59
200;CRA;9;0;0;0;1.59
200;CRA;9;0;0;0;1.59
200;CRA;12;0;0;0;0.97
200;CRA;8;0;0;0;0.97
200;CRA;7;0;0;0;0.97
200;CRA;6;0;0;0;0.97
200;CRA;6;0;0;0;0.97
200;CRA;6;0;0;0;0.97
200;CRA;5;0;0;0;0.97
200;CRA;6;0;0;0;0.97
200;CRA;5;0;0;0;0.97
200;CRA;6;0;0;0;0.97
200;CRA;5;0;0;0;0.97
200;CRA;5;0;0;0;0.97
200;CRA;5;0;0;0;0.97
200;CRA;5;0;0;0;0.97
200;CRA;5;0;0;0;0.97
200;CRA;5;0;0;0;0.97
200;CRA;5;0;0;0;0.97
200;CRA;6;0;0;0;0.97
200;CRA;5;0;0;0;0.97
200;CRA;5;0;0;0;0.97
3200;RULT;107;0;0;0;0.68
3200;RULT;104;0;0;0;0.68
3200;RULT;103;0;0;0;0.68
3200;RULT;103;0;0;0;0.68
3200;RULT;103;0;0;0;0.68
3200;RULT;103;0;0;0;0.68
3200;RULT;103;0;0;0;0.68
3200;RULT;103;0;0;0;0.68
3200;RULT;104;0;0;0;0.68
3200;RULT;105;0;0;0;0.68
3200;RULT;103;0;0;0;0.68
3200;RULT;104;0;0;0;0.68
3200;RULT;103;0;0;0;0.68
3200;RULT;103;0;0;0;0.68
3200;RULT;103;0;0;0;0.68
3200;RULT;103;0;0;0;0.68
3200;RULT;103;0;0;0;0.68
3200;RULT;103;0;0;0;0.68
3200;RULT;103;0;0;0;0.68
3200;RULT;103;0;0;0;0.68
3200;RULT;99;0;0;0;0.64
3200;RULT;99;0;0;0;0.64
3200;RULT;98;0;0;0;0.64
3200;RULT;104;0;0;0;0.64
3200;RULT;98;0;0;0;0.64
3200;RULT;99;0;0;0;0.64
3200;RULT;98;0;0;0;0.64
3200;RULT;98;0;0;0;0.64
3200;RULT;98;0;0;0;0.64
3200;RULT;99;0;0;0;0.64
3200;RULT;98;0;0;0;0.64
3200;RULT;98;0;0;0;0.64
3200;RULT;98;0;0;0;0.64
3200;RULT;104;0;0;0;0.64
3200;RULT;98;0;0;0;0.64
3200;RULT;99;0;0;0;0.64
3200;RULT;98;0;0;0;0.64
3200;RULT;98;0;0;0;0.64
3200;RULT;99;0;0;0;0.64
3200;RULT;98;0;0;0;0.64
3200;ILP;54473;0;0;0;0.00
3200;ILP;54426;0;0;0;0.00
3200;ILP;54390;0;0;0;0.00
3200;ILP;54271;0;0;0;0.00
3200;ILP;54304;0;0;0;0.00
3200;ILP;54426;0;0;0;0.00
3200;ILP;54165;0;0;0;0.00
3200;ILP;54540;0;0;0;0.00
3200;ILP;54321;0;0;0;0.00
3200;ILP;54287;0;0;0;0.00
3200;ILP;53982;0;0;0;0.00
3200;ILP;51160;0;0;0;0.00
3200;ILP;51814;0;0;0;0.00
3200;ILP;51793;0;0;0;0.00
3200;ILP;51741;0;0;0;0.00
3200;ILP;53798;0;0;0;0.00
3200;ILP;51875;0;0;0;0.00
3200;ILP;51828;0;0;0;0.00
3200;ILP;53306;0;0;0;0.00
3200;ILP;54154;0;0;0;0.00
3200;ILP;53643;0;0;0;0.00
3200;ILP;52933;0;0;0;0.00
3200;ILP;53366;0;0;0;0.00
3200;ILP;53727;0;0;0;0.00
3200;ILP;53439;0;0;0;0.00
3200;ILP;52898;0;0;0;0.00
3200;ILP;53965;0;0;0;0.00
3200;ILP;52992;0;0;0;0.00
3200;ILP;53492;0;0;0;0.00
3200;ILP;53297;0;0;0;0.00
3200;ILP;52891;0;0;0;0.00
3200;ILP;52657;0;0;0;0.00
3200;ILP;52837;0;0;0;0.00
3200;ILP;52109;0;0;0;0.00
3200;ILP;53678;0;0;0;0.00
3200;ILP;52862;0;0;0;0.00
3200;ILP;53564;0;0;0;0.00
3200;ILP;53533;0;0;0;0.00
3200;ILP;53874;0;0;0;0.00
3200;ILP;53251;0;0;0;0.00
3200;CP;269095;0;0;0;0.00
3200;CP;269660;0;0;0;0.00
3200;CP;269057;0;0;0;0.00
3200;CP;269490;0;0;0;0.00
3200;CP;270442;0;0;0;0.00
3200;CP;269240;0;0;0;0.00
3200;CP;246527;0;0;0;0.00
3200;CP;233436;0;0;0;0.00
3200;CP;232626;0;0;0;0.00
3200;CP;261432;0;0;0;0.00
3200;CP;268584;0;0;0;0.00
3200;CP;269735;0;0;0;0.00
3200;CP;269401;0;0;0;0.00
3200;CP;268299;0;0;0;0.00
3200;CP;269173;0;0;0;0.00
3200;CP;272566;0;0;0;0.00
3200;CP;233982;0;0;0;0.00
3200;CP;233254;0;0;0;0.00
3200;CP;232365;0;0;0;0.00
3200;CP;269393;0;0;0;0.00
3200;CP;235239;0;0;0;0.00
3200;CP;237919;0;0;0;0.00
3200;CP;237428;0;0;0;0.00
3200;CP;235157;0;0;0;0.00
3200;CP;233513;0;0;0;0.00
3200;CP;259525;0;0;0;0.00
3200;CP;267752;0;0;0;0.00
3200;CP;261469;0;0;0;0.00
3200;CP;266039;0;0;0;0.00
3200;CP;268275;0;0;0;0.00
3200;CP;269824;0;0;0;0.00
3200;CP;269400;0;0;0;0.00
3200;CP;254890;0;0;0;0.00
3200;CP;254586;0;0;0;0.00
3200;CP;255605;0;0;0;0.00
3200;CP;254457;0;0;0;0.00
3200;CP;247834;0;0;0;0.00
3200;CP;239189;0;0;0;0.00
3200;CP;239558;0;0;0;0.00
3200;CP;240555;0;0;0;0.00
3200;SCP;125578;0;0;0;0.00
3200;SCP;125730;0;0;0;0.00
3200;SCP;125549;0;0;0;0.00
3200;SCP;125372;0;0;0;0.00
3200;SCP;125526;0;0;0;0.00
3200;SCP;125346;0;0;0;0.00
3200;SCP;125752;0;0;0;0.00
3200;SCP;125413;0;0;0;0.00
3200;SCP;125508;0;0;0;0.00
3200;SCP;125683;0;0;0;0.00
3200;SCP;125455;0;0;0;0.00
3200;SCP;125671;0;0;0;0.00
3200;SCP;124443;0;0;0;0.00
3200;SCP;116594;0;0;0;0.00
3200;SCP;116899;0;0;0;0.00
3200;SCP;116693;0;0;0;0.00
3200;SCP;116412;0;0;0;0.00
3200;SCP;116723;0;0;0;0.00
3200;SCP;117994;0;0;0;0.00
3200;SCP;125344;0;0;0;0.00
3200;SCP;210224;0;0;0;0.00
3200;SCP;213012;0;0;0;0.00
3200;SCP;215011;0;0;0;0.00
3200;SCP;212534;0;0;0;0.00
3200;SCP;215811;0;0;0;0.00
3200;SCP;212945;0;0;0;0.00
3200;SCP;215062;0;0;0;0.00
3200;SCP;207538;0;0;0;0.00
3200;SCP;214936;0;0;0;0.00
3200;SCP;215303;0;0;0;0.00
3200;SCP;208433;0;0;0;0.00
3200;SCP;215298;0;0;0;0.00
3200;SCP;215170;0;0;0;0.00
3200;SCP;214851;0;0;0;0.00
3200;SCP;214712;0;0;0;0.00
3200;SCP;214807;0;0;0;0.00
3200;SCP;215007;0;0;0;0.00
3200;SCP;214851;0;0;0;0.00
3200;SCP;216971;0;0;0;0.00
3200;SCP;216446;0;0;0;0.00
3200;KAB;152;0;0;0;0.00
3200;KAB;127;0;0;0;0.00
3200;KAB;123;0;0;0;0.00
3200;KAB;126;0;0;0;0.00
3200;KAB;126;0;0;0;0.00
3200;KAB;125;0;0;0;0.00
3200;KAB;126;0;0;0;0.00
3200;KAB;126;0;0;0;0.00
3200;KAB;126;0;0;0;0.00
3200;KAB;125;0;0;0;0.00
3200;KAB;127;0;0;0;0.00
3200;KAB;124;0;0;0;0.00
3200;KAB;126;0;0;0;0.00
3200;KAB;124;0;0;0;0.00
3200;KAB;124;0;0;0;0.00
3200;KAB;125;0;0;0;0.00
3200;KAB;127;0;0;0;0.00
3200;KAB;125;0;0;0;0.00
3200;KAB;125;0;0;0;0.00
3200;KAB;124;0;0;0;0.00
3200;KAB;238;0;0;0;0.00
3200;KAB;210;0;0;0;0.00
3200;KAB;209;0;0;0;0.00
3200;KAB;204;0;0;0;0.00
3200;KAB;205;0;0;0;0.00
3200;KAB;224;0;0;0;0.00
3200;KAB;207;0;0;0;0.00
3200;KAB;207;0;0;0;0.00
3200;KAB;207;0;0;0;0.00
3200;KAB;201;0;0;0;0.00
3200;KAB;205;0;0;0;0.00
3200;KAB;203;0;0;0;0.00
3200;KAB;204;0;0;0;0.00
3200;KAB;203;0;0;0;0.00
3200;KAB;202;0;0;0;0.00
3200;KAB;203;0;0;0;0.00
3200;KAB;209;0;0;0;0.00
3200;KAB;202;0;0;0;0.00
3200;KAB;202;0;0;0;0.00
3200;KAB;203;0;0;0;0.00
3200;BFDC;188;0;0;0;0.82
3200;BFDC;185;0;0;0;0.82
3200;BFDC;185;0;0;0;0.82
3200;BFDC;184;0;0;0;0.82
3200;BFDC;184;0;0;0;0.82
3200;BFDC;188;0;0;0;0.82
3200;BFDC;189;0;0;0;0.82
3200;BFDC;188;0;0;0;0.82
3200;BFDC;189;0;0;0;0.82
3200;BFDC;189;0;0;0;0.82
3200;BFDC;184;0;0;0;0.82
3200;BFDC;185;0;0;0;0.82
3200;BFDC;184;0;0;0;0.82
3200;BFDC;185;0;0;0;0.82
3200;BFDC;184;0;0;0;0.82
3200;BFDC;184;0;0;0;0.82
3200;BFDC;184;0;0;0;0.82
3200;BFDC;185;0;0;0;0.82
3200;BFDC;184;0;0;0;0.82
3200;BFDC;185;0;0;0;0.82
3200;BFDC;179;0;0;0;0.76
3200;BFDC;177;0;0;0;0.76
3200;BFDC;176;0;0;0;0.76
3200;BFDC;175;0;0;0;0.76
3200;BFDC;175;0;0;0;0.76
3200;BFDC;176;0;0;0;0.76
3200;BFDC;176;0;0;0;0.76
3200;BFDC;175;0;0;0;0.76
3200;BFDC;175;0;0;0;0.76
3200;BFDC;175;0;0;0;0.76
3200;BFDC;175;0;0;0;0.76
3200;BFDC;176;0;0;0;0.76
3200;BFDC;174;0;0;0;0.76
3200;BFDC;175;0;0;0;0.76
3200;BFDC;175;0;0;0;0.76
3200;BFDC;175;0;0;0;0.76
3200;BFDC;177;0;0;0;0.76
3200;BFDC;175;0;0;0;0.76
3200;BFDC;175;0;0;0;0.76
3200;BFDC;176;0;0;0;0.76
3200;CRA;136;0;0;0;0.49
3200;CRA;122;0;0;0;0.49
3200;CRA;120;0;0;0;0.49
3200;CRA;121;0;0;0;0.49
3200;CRA;119;0;0;0;0.49
3200;CRA;119;0;0;0;0.49
3200;CRA;118;0;0;0;0.49
3200;CRA;118;0;0;0;0.49
3200;CRA;118;0;0;0;0.49
3200;CRA;117;0;0;0;0.49
3200;CRA;117;0;0;0;0.49
3200;CRA;122;0;0;0;0.49
3200;CRA;117;0;0;0;0.49
3200;CRA;117;0;0;0;0.49
3200;CRA;117;0;0;0;0.49
3200;CRA;117;0;0;0;0.49
3200;CRA;118;0;0;0;0.49
3200;CRA;117;0;0;0;0.49
3200;CRA;117;0;0;0;0.49
3200;CRA;116;0;0;0;0.49
3200;CRA;238;0;0;0;0.51
3200;CRA;126;0;0;0;0.51
3200;CRA;135;0;0;0;0.51
3200;CRA;125;0;0;0;0.51
3200;CRA;124;0;0;0;0.51
3200;CRA;126;0;0;0;0.51
3200;CRA;124;0;0;0;0.51
3200;CRA;124;0;0;0;0.51
3200;CRA;123;0;0;0;0.51
3200;CRA;123;0;0;0;0.51
3200;CRA;123;0;0;0;0.51
3200;CRA;123;0;0;0;0.51
3200;CRA;122;0;0;0;0.51
3200;CRA;123;0;0;0;0.51
3200;CRA;123;0;0;0;0.51
3200;CRA;123;0;0;0;0.51
3200;CRA;124;0;0;0;0.51
3200;CRA;123;0;0;0;0.51
3200;CRA;123;0;0;0;0.51
3200;CRA;123;0;0;0;0.51
400;ULT;51640;0;0;0;330.95
400;ULT;51540;0;0;0;330.95
400;ULT;51223;0;0;0;330.95
400;ULT;51222;0;0;0;330.95
400;ULT;51395;0;0;0;330.95
400;ULT;51660;0;0;0;330.95
400;ULT;51644;0;0;0;330.95
400;ULT;51734;0;0;0;330.95
400;ULT;51732;0;0;0;330.95
400;ULT;51047;0;0;0;330.95
400;ULT;55157;0;0;0;330.95
400;ULT;51164;0;0;0;330.95
400;ULT;51763;0;0;0;330.95
400;ULT;51718;0;0;0;330.95
400;ULT;51532;0;0;0;330.95
400;ULT;51358;0;0;0;330.95
400;ULT;51703;0;0;0;330.95
400;ULT;51726;0;0;0;330.95
400;ULT;51721;0;0;0;330.95
400;ULT;51776;0;0;0;330.95
400;ULT;2015;0;0;0;13.92
400;ULT;2019;0;0;0;13.92
400;ULT;2022;0;0;0;13.92
400;ULT;2015;0;0;0;13.92
400;ULT;2015;0;0;0;13.92
400;ULT;2036;0;0;0;13.92
400;ULT;2022;0;0;0;13.92
400;ULT;2020;0;0;0;13.92
400;ULT;2015;0;0;0;13.92
400;ULT;2033;0;0;0;13.92
400;ULT;2019;0;0;0;13.92
400;ULT;2015;0;0;0;13.92
400;ULT;2015;0;0;0;13.92
400;ULT;2019;0;0;0;13.92
400;ULT;2019;0;0;0;13.92
400;ULT;2015;0;0;0;13.92
400;ULT;2015;0;0;0;13.92
400;ULT;2019;0;0;0;13.92
400;ULT;2020;0;0;0;13.92
400;ULT;2015;0;0;0;13.92
400;RULT;36;0;0;0;2.03
400;RULT;35;0;0;0;2.03
400;RULT;35;0;0;0;2.03
400;RULT;35;0;0;0;2.03
400;RULT;35;0;0;0;2.03
400;RULT;35;0;0;0;2.03
400;RULT;35;0;0;0;2.03
400;RULT;35;0;0;0;2.03
400;RULT;35;0;0;0;2.03
400;RULT;35;0;0;0;2.03
400;RULT;35;0;0;0;2.03
400;RULT;35;0;0;0;2.03
400;RULT;35;0;0;0;2.03
400;RULT;35;0;0;0;2.03
400;RULT;35;0;0;0;2.03
400;RULT;35;0;0;0;2.03
400;RULT;35;0;0;0;2.03
400;RULT;35;0;0;0;2.03
400;RULT;35;0;0;0;2.03
400;RULT;35;0;0;0;2.03
400;RULT;12;0;0;0;0.62
400;RULT;11;0;0;0;0.62
400;RULT;11;0;0;0;0.62
400;RULT;12;0;0;0;0.62
400;RULT;12;0;0;0;0.62
400;RULT;12;0;0;0;0.62
400;RULT;12;0;0;0;0.62
400;RULT;12;0;0;0;0.62
400;RULT;12;0;0;0;0.62
400;RULT;12;0;0;0;0.62
400;RULT;11;0;0;0;0.62
400;RULT;11;0;0;0;0.62
400;RULT;12;0;0;0;0.62
400;RULT;12;0;0;0;0.62
400;RULT;12;0;0;0;0.62
400;RULT;12;0;0;0;0.62
400;RULT;12;0;0;0;0.62
400;RULT;11;0;0;0;0.62
400;RULT;12;0;0;0;0.62
400;RULT;12;0;0;0;0.62
400;ILP;6796;0;0;0;0.00
400;ILP;6568;0;0;0;0.00
400;ILP;6524;0;0;0;0.00
400;ILP;6526;0;0;0;0.00
400;ILP;6561;0;0;0;0.00
400;ILP;6502;0;0;0;0.00
400;ILP;6528;0;0;0;0.00
400;ILP;6521;0;0;0;0.00
400;ILP;6512;0;0;0;0.00
400;ILP;6504;0;0;0;0.00
400;ILP;6509;0;0;0;0.00
400;ILP;6494;0;0;0;0.00
400;ILP;6502;0;0;0;0.00
400;ILP;6533;0;0;0;0.00
400;ILP;6509;0;0;0;0.00
400;ILP;6484;0;0;0;0.00
400;ILP;6516;0;0;0;0.00
400;ILP;6532;0;0;0;0.00
400;ILP;6484;0;0;0;0.00
400;ILP;6496;0;0;0;0.00
400;ILP;7102;0;0;0;0.00
400;ILP;6559;0;0;0;0.00
400;ILP;6431;0;0;0;0.00
400;ILP;6411;0;0;0;0.00
400;ILP;6421;0;0;0;0.00
400;ILP;6464;0;0;0;0.00
400;ILP;6398;0;0;0;0.00
400;ILP;6599;0;0;0;0.00
400;ILP;6440;0;0;0;0.00
400;ILP;6452;0;0;0;0.00
400;ILP;6414;0;0;0;0.00
400;ILP;6416;0;0;0;0.00
400;ILP;6418;0;0;0;0.00
400;ILP;6546;0;0;0;0.00
400;ILP;6489;0;0;0;0.00
400;ILP;6477;0;0;0;0.00
400;ILP;6458;0;0;0;0.00
400;ILP;6382;0;0;0;0.00
400;ILP;6572;0;0;0;0.00
400;ILP;6591;0;0;0;0.00
400;CP;43500;0;0;0;0.00
400;CP;40414;0;0;0;0.00
400;CP;39856;0;0;0;0.00
400;CP;39056;0;0;0;0.00
400;CP;38767;0;0;0;0.00
400;CP;38968;0;0;0;0.00
400;CP;39330;0;0;0;0.00
400;CP;40003;0;0;0;0.00
400;CP;38686;0;0;0;0.00
400;CP;38991;0;0;0;0.00
400;CP;38744;0;0;0;0.00
400;CP;39195;0;0;0;0.00
400;CP;39799;0;0;0;0.00
400;CP;40739;0;0;0;0.00
400;CP;38661;0;0;0;0.00
400;CP;38887;0;0;0;0.00
400;CP;39294;0;0;0;0.00
400;CP;38753;0;0;0;0.00
400;CP;40334;0;0;0;0.00
400;CP;39603;0;0;0;0.00
400;CP;25182;0;0;0;0.00
400;CP;22108;0;0;0;0.00
400;CP;21478;0;0;0;0.00
400;CP;22264;0;0;0;0.00
400;CP;22626;0;0;0;0.00
400;CP;22247;0;0;0;0.00
400;CP;22615;0;0;0;0.00
400;CP;22272;0;0;0;0.00
400;CP;21720;0;0;0;0.00
400;CP;21621;0;0;0;0.00
400;CP;21615;0;0;0;0.00
400;CP;21945;0;0;0;0.00
400;CP;21888;0;0;0;0.00
400;CP;21921;0;0;0;0.00
400;CP;21886;0;0;0;0.00
400;CP;23326;0;0;0;0.00
400;CP;21806;0;0;0;0.00
400;CP;21759;0;0;0;0.00
400;CP;21885;0;0;0;0.00
400;CP;22031;0;0;0;0.00
400;SCP;58720;0;0;0;0.00
400;SCP;55991;0;0;0;0.00
400;SCP;55862;0;0;0;0.00
400;SCP;56099;0;0;0;0.00
400;SCP;55101;0;0;0;0.00
400;SCP;56255;0;0;0;0.00
400;SCP;55528;0;0;0;0.00
400;SCP;56464;0;0;0;0.00
400;SCP;55459;0;0;0;0.00
400;SCP;55047;0;0;0;0.00
400;SCP;55713;0;0;0;0.00
400;SCP;56200;0;0;0;0.00
400;SCP;55350;0;0;0;0.00
400;SCP;55824;0;0;0;0.00
400;SCP;55062;0;0;0;0.00
400;SCP;56400;0;0;0;0.00
400;SCP;56643;0;0;0;0.00
400;SCP;55185;0;0;0;0.00
400;SCP;55171;0;0;0;0.00
400;SCP;56092;0;0;0;0.00
400;SCP;19353;0;0;0;0.00
400;SCP;18430;0;0;0;0.00
400;SCP;17483;0;0;0;0.00
400;SCP;18040;0;0;0;0.00
400;SCP;17436;0;0;0;0.00
400;SCP;19116;0;0;0;0.00
400;SCP;18105;0;0;0;0.00
400;SCP;17492;0;0;0;0.00
400;SCP;17544;0;0;0;0.00
400;SCP;17516;0;0;0;0.00
400;SCP;17480;0;0;0;0.00
400;SCP;17462;0;0;0;0.00
400;SCP;17509;0;0;0;0.00
400;SCP;17393;0;0;0;0.00
400;SCP;17393;0;0;0;0.00
400;SCP;17418;0;0;0;0.00
400;SCP;17480;0;0;0;0.00
400;SCP;17430;0;0;0;0.00
400;SCP;17417;0;0;0;0.00
400;SCP;17442;0;0;0;0.00
400;KAB;172;0;0;0;0.00
400;KAB;36;0;0;0;0.00
400;KAB;35;0;0;0;0.00
400;KAB;34;0;0;0;0.00
400;KAB;33;0;0;0;0.00
400;KAB;32;0;0;0;0.00
400;KAB;32;0;0;0;0.00
400;KAB;31;0;0;0;0.00
400;KAB;31;0;0;0;0.00
400;KAB;31;0;0;0;0.00
400;KAB;31;0;0;0;0.00
400;KAB;38;0;0;0;0.00
400;KAB;31;0;0;0;0.00
400;KAB;30;0;0;0;0.00
400;KAB;30;0;0;0;0.00
400;KAB;30;0;0;0;0.00
400;KAB;30;0;0;0;0.00
400;KAB;30;0;0;0;0.00
400;KAB;30;0;0;0;0.00
400;KAB;30;0;0;0;0.00
400;KAB;152;0;0;0;0.00
400;KAB;17;0;0;0;0.00
400;KAB;16;0;0;0;0.00
400;KAB;15;0;0;0;0.00
400;KAB;14;0;0;0;0.00
400;KAB;13;0;0;0;0.00
400;KAB;12;0;0;0;0.00
400;KAB;12;0;0;0;0.00
400;KAB;12;0;0;0;0.00
400;KAB;11;0;0;0;0.00
400;KAB;11;0;0;0;0.00
400;KAB;11;0;0;0;0.00
400;KAB;11;0;0;0;0.00
400;KAB;11;0;0;0;0.00
400;KAB;11;0;0;0;0.00
400;KAB;11;0;0;0;0.00
400;KAB;11;0;0;0;0.00
400;KAB;10;0;0;0;0.00
400;KAB;11;0;0;0;0.00
400;KAB;11;0;0;0;0.00
400;BFDC;56;0;0;0;2.18
400;BFDC;55;0;0;0;2.18
400;BFDC;54;0;0;0;2.18
400;BFDC;53;0;0;0;2.18
400;BFDC;52;0;0;0;2.18
400;BFDC;52;0;0;0;2.18
400;BFDC;52;0;0;0;2.18
400;BFDC;51;0;0;0;2.18
400;BFDC;51;0;0;0;2.18
400;BFDC;51;0;0;0;2.18
400;BFDC;51;0;0;0;2.18
400;BFDC;51;0;0;0;2.18
400;BFDC;51;0;0;0;2.18
400;BFDC;51;0;0;0;2.18
400;BFDC;51;0;0;0;2.18
400;BFDC;51;0;0;0;2.18
400;BFDC;51;0;0;0;2.18
400;BFDC;51;0;0;0;2.18
400;BFDC;51;0;0;0;2.18
400;BFDC;51;0;0;0;2.18
400;BFDC;22;0;0;0;0.74
400;BFDC;20;0;0;0;0.74
400;BFDC;19;0;0;0;0.74
400;BFDC;19;0;0;0;0.74
400;BFDC;18;0;0;0;0.74
400;BFDC;18;0;0;0;0.74
400;BFDC;18;0;0;0;0.74
400;BFDC;18;0;0;0;0.74
400;BFDC;18;0;0;0;0.74
400;BFDC;18;0;0;0;0.74
400;BFDC;18;0;0;0;0.74
400;BFDC;18;0;0;0;0.74
400;BFDC;18;0;0;0;0.74
400;BFDC;18;0;0;0;0.74
400;BFDC;18;0;0;0;0.74
400;BFDC;18;0;0;0;0.74
400;BFDC;18;0;0;0;0.74
400;BFDC;18;0;0;0;0.74
400;BFDC;17;0;0;0;0.74
400;BFDC;18;0;0;0;0.74
400;CRA;44;0;0;0;1.92
400;CRA;37;0;0;0;1.92
400;CRA;33;0;0;0;1.92
400;CRA;31;0;0;0;1.92
400;CRA;30;0;0;0;1.92
400;CRA;29;0;0;0;1.92
400;CRA;29;0;0;0;1.92
400;CRA;28;0;0;0;1.92
400;CRA;27;0;0;0;1.92
400;CRA;27;0;0;0;1.92
400;CRA;27;0;0;0;1.92
400;CRA;27;0;0;0;1.92
400;CRA;27;0;0;0;1.92
400;CRA;27;0;0;0;1.92
400;CRA;27;0;0;0;1.92
400;CRA;27;0;0;0;1.92
400;CRA;27;0;0;0;1.92
400;CRA;27;0;0;0;1.92
400;CRA;27;0;0;0;1.92
400;CRA;26;0;0;0;1.92
400;CRA;9;0;0;0;0.19
400;CRA;6;0;0;0;0.19
400;CRA;5;0;0;0;0.19
400;CRA;4;0;0;0;0.19
400;CRA;4;0;0;0;0.19
400;CRA;4;0;0;0;0.19
400;CRA;4;0;0;0;0.19
400;CRA;4;0;0;0;0.19
400;CRA;4;0;0;0;0.19
400;CRA;4;0;0;0;0.19
400;CRA;4;0;0;0;0.19
400;CRA;4;0;0;0;0.19
400;CRA;4;0;0;0;0.19
400;CRA;4;0;0;0;0.19
400;CRA;4;0;0;0;0.19
400;CRA;4;0;0;0;0.19
400;CRA;4;0;0;0;0.19
400;CRA;4;0;0;0;0.19
400;CRA;4;0;0;0;0.19
400;CRA;4;0;0;0;0.19
6400;RULT;461;0;0;0;1.32
6400;RULT;463;0;0;0;1.32
6400;RULT;473;0;0;0;1.32
6400;RULT;466;0;0;0;1.32
6400;RULT;454;0;0;0;1.32
6400;RULT;447;0;0;0;1.32
6400;RULT;472;0;0;0;1.32
6400;RULT;469;0;0;0;1.32
6400;RULT;457;0;0;0;1.32
6400;RULT;446;0;0;0;1.32
6400;RULT;441;0;0;0;1.32
6400;RULT;449;0;0;0;1.32
6400;RULT;444;0;0;0;1.32
6400;RULT;444;0;0;0;1.32
6400;RULT;439;0;0;0;1.32
6400;RULT;446;0;0;0;1.32
6400;RULT;449;0;0;0;1.32
6400;RULT;441;0;0;0;1.32
6400;RULT;456;0;0;0;1.32
6400;RULT;446;0;0;0;1.32
6400;RULT;459;0;0;0;1.35
6400;RULT;456;0;0;0;1.35
6400;RULT;455;0;0;0;1.35
6400;RULT;460;0;0;0;1.35
6400;RULT;455;0;0;0;1.35
6400;RULT;455;0;0;0;1.35
6400;RULT;460;0;0;0;1.35
6400;RULT;454;0;0;0;1.35
6400;RULT;455;0;0;0;1.35
6400;RULT;456;0;0;0;1.35
6400;RULT;455;0;0;0;1.35
6400;RULT;455;0;0;0;1.35
6400;RULT;456;0;0;0;1.35
6400;RULT;454;0;0;0;1.35
6400;RULT;455;0;0;0;1.35
6400;RULT;454;0;0;0;1.35
6400;RULT;455;0;0;0;1.35
6400;RULT;456;0;0;0;1.35
6400;RULT;454;0;0;0;1.35
6400;RULT;456;0;0;0;1.35
6400;ILP;118400;0;0;0;0.00
6400;ILP;116062;0;0;0;0.00
6400;ILP;117720;0;0;0;0.00
6400;ILP;114808;0;0;0;0.00
6400;ILP;117829;0;0;0;0.00
6400;ILP;117205;0;0;0;0.00
6400;ILP;116787;0;0;0;0.00
6400;ILP;118100;0;0;0;0.00
6400;ILP;114436;0;0;0;0.00
6400;ILP;118030;0;0;0;0.00
6400;ILP;119658;0;0;0;0.00
6400;ILP;116737;0;0;0;0.00
6400;ILP;119169;0;0;0;0.00
6400;ILP;117123;0;0;0;0.00
6400;ILP;115499;0;0;0;0.00
6400;ILP;119949;0;0;0;0.00
6400;ILP;119871;0;0;0;0.00
6400;ILP;116674;0;0;0;0.00
6400;ILP;118078;0;0;0;0.00
6400;ILP;117256;0;0;0;0.00
6400;ILP;111812;0;0;0;0.00
6400;ILP;112770;0;0;0;0.00
6400;ILP;113247;0;0;0;0.00
6400;ILP;111724;0;0;0;0.00
6400;ILP;109361;0;0;0;0.00
6400;ILP;112883;0;0;0;0.00
6400;ILP;112064;0;0;0;0.00
6400;ILP;110267;0;0;0;0.00
6400;ILP;112375;0;0;0;0.00
6400;ILP;111566;0;0;0;0.00
6400;ILP;112041;0;0;0;0.00
6400;ILP;111082;0;0;0;0.00
6400;ILP;119419;0;0;0;0.00
6400;ILP;118788;0;0;0;0.00
6400;ILP;119022;0;0;0;0.00
6400;ILP;119026;0;0;0;0.00
6400;ILP;118902;0;0;0;0.00
6400;ILP;118764;0;0;0;0.00
6400;ILP;118704;0;0;0;0.00
6400;ILP;118721;0;0;0;0.00
6400;CP;1147026;0;0;0;0.00
6400;CP;1137254;0;0;0;0.00
6400;CP;1142919;0;0;0;0.00
6400;CP;1139990;0;0;0;0.00
6400;CP;1144886;0;0;0;0.00
6400;CP;1142107;0;0;0;0.00
6400;CP;1142312;0;0;0;0.00
6400;CP;1144983;0;0;0;0.00
6400;CP;1142026;0;0;0;0.00
6400;CP;1146822;0;0;0;0.00
6400;CP;1150270;0;0;0;0.00
6400;CP;1138214;0;0;0;0.00
6400;CP;1133618;0;0;0;0.00
6400;CP;1085140;0;0;0;0.00
6400;CP;1100265;0;0;0;0.00
6400;CP;1086325;0;0;0;0.00
6400;CP;1108359;0;0;0;0.00
6400;CP;1105325;0;0;0;0.00
6400;CP;1074886;0;0;0;0.00
6400;CP;1103245;0;0;0;0.00
6400;CP;1110094;0;0;0;0.00
6400;CP;1054491;0;0;0;0.00
6400;CP;1048236;0;0;0;0.00
6400;CP;1140608;0;0;0;0.00
6400;CP;1148105;0;0;0;0.00
6400;CP;1143006;0;0;0;0.00
6400;CP;1140214;0;0;0;0.00
6400;CP;1163464;0;0;0;0.00
6400;CP;1169275;0;0;0;0.00
6400;CP;1169554;0;0;0;0.00
6400;CP;1166276;0;0;0;0.00
6400;CP;1168465;0;0;0;0.00
6400;CP;1170756;0;0;0;0.00
6400;CP;1172742;0;0;0;0.00
6400;CP;1170103;0;0;0;0.00
6400;CP;1163701;0;0;0;0.00
6400;CP;1170296;0;0;0;0.00
6400;CP;1170035;0;0;0;0.00
6400;CP;1168141;0;0;0;0.00
6400;CP;1173298;0;0;0;0.00
6400;SCP;530118;0;0;0;0.00
6400;SCP;522034;0;0;0;0.00
6400;SCP;522417;0;0;0;0.00
6400;SCP;527709;0;0;0;0.00
6400;SCP;511680;0;0;0;0.00
6400;SCP;526398;0;0;0;0.00
6400;SCP;530782;0;0;0;0.00
6400;SCP;511728;0;0;0;0.00
6400;SCP;524387;0;0;0;0.00
6400;SCP;530172;0;0;0;0.00
6400;SCP;512650;0;0;0;0.00
6400;SCP;525517;0;0;0;0.00
6400;SCP;531375;0;0;0;0.00
6400;SCP;512915;0;0;0;0.00
6400;SCP;529371;0;0;0;0.00
6400;SCP;523283;0;0;0;0.00
6400;SCP;595838;0;0;0;0.00
6400;SCP;494262;0;0;0;0.00
6400;SCP;501895;0;0;0;0.00
6400;SCP;495086;0;0;0;0.00
6400;SCP;824623;0;0;0;0.00
6400;SCP;802837;0;0;0;0.00
6400;SCP;819715;0;0;0;0.00
6400;SCP;798521;0;0;0;0.00
6400;SCP;815882;0;0;0;0.00
6400;SCP;809709;0;0;0;0.00
6400;SCP;805967;0;0;0;0.00
6400;SCP;823787;0;0;0;0.00
6400;SCP;799250;0;0;0;0.00
6400;SCP;797856;0;0;0;0.00
6400;SCP;794739;0;0;0;0.00
6400;SCP;785894;0;0;0;0.00
6400;SCP;795323;0;0;0;0.00
6400;SCP;785838;0;0;0;0.00
6400;SCP;796185;0;0;0;0.00
6400;SCP;787207;0;0;0;0.00
6400;SCP;795796;0;0;0;0.00
6400;SCP;789261;0;0;0;0.00
6400;SCP;801744;0;0;0;0.00
6400;SCP;789986;0;0;0;0.00
6400;KAB;541;0;0;0;0.00
6400;KAB;491;0;0;0;0.00
6400;KAB;488;0;0;0;0.00
6400;KAB;489;0;0;0;0.00
6400;KAB;498;0;0;0;0.00
6400;KAB;486;0;0;0;0.00
6400;KAB;489;0;0;0;0.00
6400;KAB;489;0;0;0;0.00
6400;KAB;487;0;0;0;0.00
6400;KAB;487;0;0;0;0.00
6400;KAB;487;0;0;0;0.00
6400;KAB;486;0;0;0;0.00
6400;KAB;491;0;0;0;0.00
6400;KAB;488;0;0;0;0.00
6400;KAB;486;0;0;0;0.00
6400;KAB;489;0;0;0;0.00
6400;KAB;485;0;0;0;0.00
6400;KAB;487;0;0;0;0.00
6400;KAB;495;0;0;0;0.00
6400;KAB;485;0;0;0;0.00
6400;KAB;568;0;0;0;0.00
6400;KAB;436;0;0;0;0.00
6400;KAB;428;0;0;0;0.00
6400;KAB;426;0;0;0;0.00
6400;KAB;424;0;0;0;0.00
6400;KAB;437;0;0;0;0.00
6400;KAB;437;0;0;0;0.00
6400;KAB;431;0;0;0;0.00
6400;KAB;429;0;0;0;0.00
6400;KAB;430;0;0;0;0.00
6400;KAB;430;0;0;0;0.00
6400;KAB;426;0;0;0;0.00
6400;KAB;429;0;0;0;0.00
6400;KAB;430;0;0;0;0.00
6400;KAB;428;0;0;0;0.00
6400;KAB;428;0;0;0;0.00
6400;KAB;427;0;0;0;0.00
6400;KAB;436;0;0;0;0.00
6400;KAB;428;0;0;0;0.00
6400;KAB;427;0;0;0;0.00
6400;BFDC;893;0;0;0;1.86
6400;BFDC;889;0;0;0;1.86
6400;BFDC;889;0;0;0;1.86
6400;BFDC;888;0;0;0;1.86
6400;BFDC;894;0;0;0;1.86
6400;BFDC;889;0;0;0;1.86
6400;BFDC;890;0;0;0;1.86
6400;BFDC;888;0;0;0;1.86
6400;BFDC;889;0;0;0;1.86
6400;BFDC;890;0;0;0;1.86
6400;BFDC;891;0;0;0;1.86
6400;BFDC;889;0;0;0;1.86
6400;BFDC;889;0;0;0;1.86
6400;BFDC;889;0;0;0;1.86
6400;BFDC;890;0;0;0;1.86
6400;BFDC;889;0;0;0;1.86
6400;BFDC;890;0;0;0;1.86
6400;BFDC;888;0;0;0;1.86
6400;BFDC;888;0;0;0;1.86
6400;BFDC;890;0;0;0;1.86
6400;BFDC;930;0;0;0;1.91
6400;BFDC;925;0;0;0;1.91
6400;BFDC;942;0;0;0;1.91
6400;BFDC;925;0;0;0;1.91
6400;BFDC;926;0;0;0;1.91
6400;BFDC;944;0;0;0;1.91
6400;BFDC;924;0;0;0;1.91
6400;BFDC;923;0;0;0;1.91
6400;BFDC;929;0;0;0;1.91
6400;BFDC;930;0;0;0;1.91
6400;BFDC;929;0;0;0;1.91
6400;BFDC;924;0;0;0;1.91
6400;BFDC;923;0;0;0;1.91
6400;BFDC;924;0;0;0;1.91
6400;BFDC;923;0;0;0;1.91
6400;BFDC;924;0;0;0;1.91
6400;BFDC;924;0;0;0;1.91
6400;BFDC;924;0;0;0;1.91
6400;BFDC;925;0;0;0;1.91
6400;BFDC;924;0;0;0;1.91
6400;CRA;854;0;0;0;1.08
6400;CRA;522;0;0;0;1.08
6400;CRA;522;0;0;0;1.08
6400;CRA;521;0;0;0;1.08
6400;CRA;526;0;0;0;1.08
6400;CRA;521;0;0;0;1.08
6400;CRA;520;0;0;0;1.08
6400;CRA;528;0;0;0;1.08
6400;CRA;527;0;0;0;1.08
6400;CRA;520;0;0;0;1.08
6400;CRA;529;0;0;0;1.08
6400;CRA;526;0;0;0;1.08
6400;CRA;520;0;0;0;1.08
6400;CRA;519;0;0;0;1.08
6400;CRA;519;0;0;0;1.08
6400;CRA;519;0;0;0;1.08
6400;CRA;521;0;0;0;1.08
6400;CRA;520;0;0;0;1.08
6400;CRA;522;0;0;0;1.08
6400;CRA;521;0;0;0;1.08
6400;CRA;566;0;0;0;1.10
6400;CRA;538;0;0;0;1.10
6400;CRA;544;0;0;0;1.10
6400;CRA;537;0;0;0;1.10
6400;CRA;536;0;0;0;1.10
6400;CRA;542;0;0;0;1.10
6400;CRA;537;0;0;0;1.10
6400;CRA;537;0;0;0;1.10
6400;CRA;536;0;0;0;1.10
6400;CRA;537;0;0;0;1.10
6400;CRA;535;0;0;0;1.10
6400;CRA;542;0;0;0;1.10
6400;CRA;539;0;0;0;1.10
6400;CRA;537;0;0;0;1.10
6400;CRA;539;0;0;0;1.10
6400;CRA;538;0;0;0;1.10
6400;CRA;539;0;0;0;1.10
6400;CRA;540;0;0;0;1.10
6400;CRA;543;0;0;0;1.10
6400;CRA;536;0;0;0;1.10
25600;RULT;1645;0;0;0;1.07
25600;RULT;1538;0;0;0;1.07
25600;RULT;1505;0;0;0;1.07
25600;RULT;1508;0;0;0;1.07
25600;RULT;1504;0;0;0;1.07
25600;RULT;1495;0;0;0;1.07
25600;RULT;1505;0;0;0;1.07
25600;RULT;1507;0;0;0;1.07
25600;RULT;1496;0;0;0;1.07
25600;RULT;1548;0;0;0;1.07
25600;RULT;1509;0;0;0;1.07
25600;RULT;1510;0;0;0;1.07
25600;RULT;1497;0;0;0;1.07
25600;RULT;1501;0;0;0;1.07
25600;RULT;1506;0;0;0;1.07
25600;RULT;1495;0;0;0;1.07
25600;RULT;1495;0;0;0;1.07
25600;RULT;1496;0;0;0;1.07
25600;RULT;1489;0;0;0;1.07
25600;RULT;1491;0;0;0;1.07
25600;RULT;1078;0;0;0;0.71
25600;RULT;1013;0;0;0;0.71
25600;RULT;1000;0;0;0;0.71
25600;RULT;990;0;0;0;0.71
25600;RULT;992;0;0;0;0.71
25600;RULT;996;0;0;0;0.71
25600;RULT;986;0;0;0;0.71
25600;RULT;980;0;0;0;0.71
25600;RULT;987;0;0;0;0.71
25600;RULT;988;0;0;0;0.71
25600;RULT;991;0;0;0;0.71
25600;RULT;981;0;0;0;0.71
25600;RULT;981;0;0;0;0.71
25600;RULT;979;0;0;0;0.71
25600;RULT;984;0;0;0;0.71
25600;RULT;991;0;0;0;0.71
25600;RULT;993;0;0;0;0.71
25600;RULT;984;0;0;0;0.71
25600;RULT;981;0;0;0;0.71
25600;RULT;985;0;0;0;0.71
25600;ILP;516412;0;0;0;0.00
25600;ILP;506249;0;0;0;0.00
25600;ILP;511781;0;0;0;0.00
25600;ILP;509876;0;0;0;0.00
25600;ILP;505565;0;0;0;0.00
25600;ILP;502417;0;0;0;0.00
25600;ILP;504435;0;0;0;0.00
25600;ILP;502384;0;0;0;0.00
25600;ILP;503145;0;0;0;0.00
25600;ILP;508141;0;0;0;0.00
25600;ILP;504787;0;0;0;0.00
25600;ILP;510156;0;0;0;0.00
25600;ILP;511871;0;0;0;0.00
25600;ILP;513678;0;0;0;0.00
25600;ILP;509745;0;0;0;0.00
25600;ILP;509210;0;0;0;0.00
25600;ILP;509113;0;0;0;0.00
25600;ILP;508898;0;0;0;0.00
25600;ILP;504547;0;0;0;0.00
25600;ILP;511819;0;0;0;0.00
25600;ILP;504816;0;0;0;0.00
25600;ILP;506144;0;0;0;0.00
25600;ILP;505858;0;0;0;0.00
25600;ILP;512857;0;0;0;0.00
25600;ILP;515628;0;0;0;0.00
25600;ILP;505346;0;0;0;0.00
25600;ILP;507293;0;0;0;0.00
25600;ILP;517528;0;0;0;0.00
25600;ILP;513886;0;0;0;0.00
25600;ILP;516539;0;0;0;0.00
25600;ILP;510299;0;0;0;0.00
25600;ILP;509156;0;0;0;0.00
25600;ILP;511740;0;0;0;0.00
25600;ILP;518676;0;0;0;0.00
25600;ILP;516140;0;0;0;0.00
25600;ILP;517714;0;0;0;0.00
25600;ILP;510195;0;0;0;0.00
25600;ILP;510215;0;0;0;0.00
25600;ILP;508210;0;0;0;0.00
25600;ILP;512367;0;0;0;0.00
25600;SCP;1841204;0;0;0;0.00
25600;SCP;1858014;0;0;0;0.00
25600;SCP;1853034;0;0;0;0.00
25600;SCP;1853102;0;0;0;0.00
25600;SCP;1874144;0;0;0;0.00
25600;SCP;1856024;0;0;0;0.00
25600;SCP;1860192;0;0;0;0.00
25600;SCP;1857760;0;0;0;0.00
25600;SCP;1847129;0;0;0;0.00
25600;SCP;1851927;0;0;0;0.00
25600;SCP;1854040;0;0;0;0.00
25600;SCP;1857560;0;0;0;0.00
25600;SCP;1844947;0;0;0;0.00
25600;SCP;1851587;0;0;0;0.00
25600;SCP;1852901;0;0;0;0.00
25600;SCP;1845975;0;0;0;0.00
25600;SCP;1863820;0;0;0;0.00
25600;SCP;1854951;0;0;0;0.00
25600;SCP;1864031;0;0;0;0.00
25600;SCP;1846899;0;0;0;0.00
25600;SCP;1572467;0;0;0;0.00
25600;SCP;1585746;0;0;0;0.00
25600;SCP;1577517;0;0;0;0.00
25600;SCP;1577589;0;0;0;0.00
25600;SCP;1574650;0;0;0;0.00
25600;SCP;1579198;0;0;0;0.00
25600;SCP;1577577;0;0;0;0.00
25600;SCP;1579031;0;0;0;0.00
25600;SCP;1582510;0;0;0;0.00
25600;SCP;1577817;0;0;0;0.00
25600;SCP;1586308;0;0;0;0.00
25600;SCP;1576458;0;0;0;0.00
25600;SCP;1581347;0;0;0;0.00
25600;SCP;1576948;0;0;0;0.00
25600;SCP;1588895;0;0;0;0.00
25600;SCP;1573115;0;0;0;0.00
25600;SCP;1584848;0;0;0;0.00
25600;SCP;1570453;0;0;0;0.00
25600;SCP;1589185;0;0;0;0.00
25600;SCP;1577012;0;0;0;0.00
25600;KAB;1986;0;0;0;0.00
25600;KAB;1321;0;0;0;0.00
25600;KAB;1329;0;0;0;0.00
25600;KAB;1313;0;0;0;0.00
25600;KAB;1329;0;0;0;0.00
25600;KAB;1321;0;0;0;0.00
25600;KAB;1328;0;0;0;0.00
25600;KAB;1318;0;0;0;0.00
25600;KAB;1329;0;0;0;0.00
25600;KAB;1317;0;0;0;0.00
25600;KAB;1314;0;0;0;0.00
25600;KAB;1323;0;0;0;0.00
25600;KAB;1329;0;0;0;0.00
25600;KAB;1332;0;0;0;0.00
25600;KAB;1317;0;0;0;0.00
25600;KAB;1318;0;0;0;0.00
25600;KAB;1316;0;0;0;0.00
25600;KAB;1344;0;0;0;0.00
25600;KAB;1324;0;0;0;0.00
25600;KAB;1324;0;0;0;0.00
25600;KAB;2589;0;0;0;0.00
25600;KAB;1940;0;0;0;0.00
25600;KAB;1920;0;0;0;0.00
25600;KAB;1936;0;0;0;0.00
25600;KAB;1927;0;0;0;0.00
25600;KAB;1939;0;0;0;0.00
25600;KAB;1927;0;0;0;0.00
25600;KAB;1933;0;0;0;0.00
25600;KAB;1922;0;0;0;0.00
25600;KAB;1922;0;0;0;0.00
25600;KAB;1924;0;0;0;0.00
25600;KAB;1929;0;0;0;0.00
25600;KAB;1936;0;0;0;0.00
25600;KAB;1924;0;0;0;0.00
25600;KAB;1926;0;0;0;0.00
25600;KAB;1926;0;0;0;0.00
25600;KAB;1925;0;0;0;0.00
25600;KAB;1923;0;0;0;0.00
25600;KAB;1940;0;0;0;0.00
25600;KAB;1934;0;0;0;0.00
25600;BFDC;3157;0;0;0;1.44
25600;BFDC;3006;0;0;0;1.44
25600;BFDC;3007;0;0;0;1.44
25600;BFDC;3004;0;0;0;1.44
25600;BFDC;3009;0;0;0;1.44
25600;BFDC;3010;0;0;0;1.44
25600;BFDC;3002;0;0;0;1.44
25600;BFDC;3015;0;0;0;1.44
25600;BFDC;3014;0;0;0;1.44
25600;BFDC;3014;0;0;0;1.44
25600;BFDC;3010;0;0;0;1.44
25600;BFDC;3019;0;0;0;1.44
25600;BFDC;3014;0;0;0;1.44
25600;BFDC;3016;0;0;0;1.44
25600;BFDC;3009;0;0;0;1.44
25600;BFDC;3010;0;0;0;1.44
25600;BFDC;3019;0;0;0;1.44
25600;BFDC;3015;0;0;0;1.44
25600;BFDC;3017;0;0;0;1.44
25600;BFDC;3010;0;0;0;1.44
25600;BFDC;1945;0;0;0;0.87
25600;BFDC;1831;0;0;0;0.87
25600;BFDC;1826;0;0;0;0.87
25600;BFDC;1825;0;0;0;0.87
25600;BFDC;1821;0;0;0;0.87
25600;BFDC;1826;0;0;0;0.87
25600;BFDC;1825;0;0;0;0.87
25600;BFDC;1824;0;0;0;0.87
25600;BFDC;1826;0;0;0;0.87
25600;BFDC;1824;0;0;0;0.87
25600;BFDC;2539;0;0;0;0.87
25600;BFDC;1857;0;0;0;0.87
25600;BFDC;1826;0;0;0;0.87
25600;BFDC;1825;0;0;0;0.87
25600;BFDC;1825;0;0;0;0.87
25600;BFDC;1832;0;0;0;0.87
25600;BFDC;1823;0;0;0;0.87
25600;BFDC;1830;0;0;0;0.87
25600;BFDC;1820;0;0;0;0.87
25600;BFDC;1820;0;0;0;0.87
25600;CRA;2945;0;0;0;0.76
25600;CRA;1792;0;0;0;0.76
25600;CRA;1784;0;0;0;0.76
25600;CRA;1772;0;0;0;0.76
25600;CRA;1783;0;0;0;0.76
25600;CRA;1772;0;0;0;0.76
25600;CRA;1782;0;0;0;0.76
25600;CRA;1772;0;0;0;0.76
25600;CRA;1783;0;0;0;0.76
25600;CRA;1774;0;0;0;0.76
25600;CRA;1782;0;0;0;0.76
25600;CRA;1771;0;0;0;0.76
25600;CRA;1778;0;0;0;0.76
25600;CRA;1773;0;0;0;0.76
25600;CRA;1778;0;0;0;0.76
25600;CRA;1772;0;0;0;0.76
25600;CRA;1778;0;0;0;0.76
25600;CRA;1773;0;0;0;0.76
25600;CRA;1778;0;0;0;0.76
25600;CRA;1770;0;0;0;0.76
25600;CRA;2355;0;0;0;0.54
25600;CRA;1458;0;0;0;0.54
25600;CRA;1356;0;0;0;0.54
25600;CRA;1353;0;0;0;0.54
25600;CRA;1354;0;0;0;0.54
25600;CRA;1358;0;0;0;0.54
25600;CRA;1353;0;0;0;0.54
25600;CRA;1352;0;0;0;0.54
25600;CRA;1352;0;0;0;0.54
25600;CRA;1354;0;0;0;0.54
25600;CRA;1356;0;0;0;0.54
25600;CRA;1354;0;0;0;0.54
25600;CRA;1356;0;0;0;0.54
25600;CRA;1353;0;0;0;0.54
25600;CRA;1353;0;0;0;0.54
25600;CRA;1357;0;0;0;0.54
25600;CRA;1353;0;0;0;0.54
25600;CRA;1359;0;0;0;0.54
25600;CRA;1352;0;0;0;0.54
25600;CRA;1352;0;0;0;0.54
