Size;Method;Time;Status;Solution;Timeout;Scans
25600;RULT;83059;1;1;0;17.64
25600;RULT;81132;1;1;0;17.64
25600;RULT;81123;1;1;0;17.64
25600;RULT;81004;1;1;0;17.64
25600;RULT;80947;1;1;0;17.64
25600;RULT;80906;1;1;0;17.64
25600;RULT;80923;1;1;0;17.64
25600;RULT;80925;1;1;0;17.64
25600;RULT;88156;1;1;0;17.64
25600;RULT;81082;1;1;0;17.64
25600;RULT;80947;1;1;0;17.64
25600;RULT;80909;1;1;0;17.64
25600;RULT;80966;1;1;0;17.64
25600;RULT;81114;1;1;0;17.64
25600;RULT;81042;1;1;0;17.64
25600;RULT;80892;1;1;0;17.64
25600;RULT;80928;1;1;0;17.64
25600;RULT;80844;1;1;0;17.64
25600;RULT;80869;1;1;0;17.64
25600;RULT;88405;1;1;0;17.64
25600;RULT;93461;1;1;0;18.76
25600;RULT;91702;1;1;0;18.76
25600;RULT;91504;1;1;0;18.76
25600;RULT;91376;1;1;0;18.76
25600;RULT;91511;1;1;0;18.76
25600;RULT;91479;1;1;0;18.76
25600;RULT;91520;1;1;0;18.76
25600;RULT;92312;1;1;0;18.76
25600;RULT;91585;1;1;0;18.76
25600;RULT;91514;1;1;0;18.76
25600;RULT;91499;1;1;0;18.76
25600;RULT;91441;1;1;0;18.76
25600;RULT;91416;1;1;0;18.76
25600;RULT;91356;1;1;0;18.76
25600;RULT;91386;1;1;0;18.76
25600;RULT;91468;1;1;0;18.76
25600;RULT;100317;1;1;0;18.76
25600;RULT;91745;1;1;0;18.76
25600;RULT;91588;1;1;0;18.76
25600;RULT;91525;1;1;0;18.76
25600;RULT;87239;1;1;0;17.61
25600;RULT;86459;1;1;0;17.61
25600;RULT;85969;1;1;0;17.61
25600;RULT;85928;1;1;0;17.61
25600;RULT;85759;1;1;0;17.61
25600;RULT;85649;1;1;0;17.61
25600;RULT;85613;1;1;0;17.61
25600;RULT;85486;1;1;0;17.61
25600;RULT;85426;1;1;0;17.61
25600;RULT;86393;1;1;0;17.61
25600;RULT;87613;1;1;0;17.61
25600;RULT;85314;1;1;0;17.61
25600;RULT;85181;1;1;0;17.61
25600;RULT;85009;1;1;0;17.61
25600;RULT;84832;1;1;0;17.61
25600;RULT;84782;1;1;0;17.61
25600;RULT;84647;1;1;0;17.61
25600;RULT;85222;1;1;0;17.61
25600;RULT;92418;1;1;0;17.61
25600;RULT;84524;1;1;0;17.61
25600;ILP;1564969;1;1;0;0.00
25600;ILP;1569213;1;1;0;0.00
25600;ILP;1566227;1;1;0;0.00
25600;ILP;1553023;1;1;0;0.00
25600;ILP;1564916;1;1;0;0.00
25600;ILP;1566653;1;1;0;0.00
25600;ILP;1555244;1;1;0;0.00
25600;ILP;1570040;1;1;0;0.00
25600;ILP;1548358;1;1;0;0.00
25600;ILP;1560301;1;1;0;0.00
25600;ILP;1556771;1;1;0;0.00
25600;ILP;1571989;1;1;0;0.00
25600;ILP;1559260;1;1;0;0.00
25600;ILP;1564766;1;1;0;0.00
25600;ILP;1563206;1;1;0;0.00
25600;ILP;1564560;1;1;0;0.00
25600;ILP;1564884;1;1;0;0.00
25600;ILP;1568465;1;1;0;0.00
25600;ILP;1564920;1;1;0;0.00
25600;ILP;1568104;1;1;0;0.00
25600;ILP;1697883;1;1;0;0.00
25600;ILP;1691565;1;1;0;0.00
25600;ILP;1711459;1;1;0;0.00
25600;ILP;1701126;1;1;0;0.00
25600;ILP;1718398;1;1;0;0.00
25600;ILP;1697302;1;1;0;0.00
25600;ILP;1712712;1;1;0;0.00
25600;ILP;1715216;1;1;0;0.00
25600;ILP;1713733;1;1;0;0.00
25600;ILP;1716009;1;1;0;0.00
25600;ILP;1705969;1;1;0;0.00
25600;ILP;1710176;1;1;0;0.00
25600;ILP;1708856;1;1;0;0.00
25600;ILP;1719974;1;1;0;0.00
25600;ILP;1710858;1;1;0;0.00
25600;ILP;1709604;1;1;0;0.00
25600;ILP;1708506;1;1;0;0.00
25600;ILP;1710745;1;1;0;0.00
25600;ILP;1715880;1;1;0;0.00
25600;ILP;1710469;1;1;0;0.00
25600;ILP;1820540;1;1;0;0.00
25600;ILP;1867452;1;1;0;0.00
25600;ILP;1758349;1;1;0;0.00
25600;ILP;1733401;1;1;0;0.00
25600;ILP;1727290;1;1;0;0.00
25600;ILP;1724581;1;1;0;0.00
25600;ILP;1726810;1;1;0;0.00
25600;ILP;1725118;1;1;0;0.00
25600;ILP;1722216;1;1;0;0.00
25600;ILP;1719565;1;1;0;0.00
25600;ILP;1717479;1;1;0;0.00
25600;ILP;1723150;1;1;0;0.00
25600;ILP;1721980;1;1;0;0.00
25600;ILP;1730968;1;1;0;0.00
25600;ILP;1722882;1;1;0;0.00
25600;ILP;1723356;1;1;0;0.00
25600;ILP;1717350;1;1;0;0.00
25600;ILP;1706869;1;1;0;0.00
25600;ILP;1723016;1;1;0;0.00
25600;ILP;1723629;1;1;0;0.00
25600;BFDC;18941;1;1;0;6.84
25600;BFDC;18822;1;1;0;6.84
25600;BFDC;18796;1;1;0;6.84
25600;BFDC;18768;1;1;0;6.84
25600;BFDC;18759;1;1;0;6.84
25600;BFDC;18745;1;1;0;6.84
25600;BFDC;18736;1;1;0;6.84
25600;BFDC;18797;1;1;0;6.84
25600;BFDC;18753;1;1;0;6.84
25600;BFDC;18851;1;1;0;6.84
25600;BFDC;18772;1;1;0;6.84
25600;BFDC;18768;1;1;0;6.84
25600;BFDC;26167;1;1;0;6.84
25600;BFDC;18771;1;1;0;6.84
25600;BFDC;18746;1;1;0;6.84
25600;BFDC;18750;1;1;0;6.84
25600;BFDC;18861;1;1;0;6.84
25600;BFDC;18797;1;1;0;6.84
25600;BFDC;18782;1;1;0;6.84
25600;BFDC;18751;1;1;0;6.84
25600;BFDC;18642;1;1;0;6.74
25600;BFDC;18597;1;1;0;6.74
25600;BFDC;18581;1;1;0;6.74
25600;BFDC;18591;1;1;0;6.74
25600;BFDC;18671;1;1;0;6.74
25600;BFDC;18597;1;1;0;6.74
25600;BFDC;18603;1;1;0;6.74
25600;BFDC;18557;1;1;0;6.74
25600;BFDC;18644;1;1;0;6.74
25600;BFDC;18577;1;1;0;6.74
25600;BFDC;26667;1;1;0;6.74
25600;BFDC;18572;1;1;0;6.74
25600;BFDC;18577;1;1;0;6.74
25600;BFDC;18578;1;1;0;6.74
25600;BFDC;18583;1;1;0;6.74
25600;BFDC;18573;1;1;0;6.74
25600;BFDC;18588;1;1;0;6.74
25600;BFDC;18594;1;1;0;6.74
25600;BFDC;18631;1;1;0;6.74
25600;BFDC;18604;1;1;0;6.74
25600;BFDC;20114;1;1;0;6.79
25600;BFDC;19532;1;1;0;6.79
25600;BFDC;19445;1;1;0;6.79
25600;BFDC;19467;1;1;0;6.79
25600;BFDC;19450;1;1;0;6.79
25600;BFDC;19402;1;1;0;6.79
25600;BFDC;27978;1;1;0;6.79
25600;BFDC;19466;1;1;0;6.79
25600;BFDC;19434;1;1;0;6.79
25600;BFDC;19407;1;1;0;6.79
25600;BFDC;19457;1;1;0;6.79
25600;BFDC;19408;1;1;0;6.79
25600;BFDC;19418;1;1;0;6.79
25600;BFDC;19462;1;1;0;6.79
25600;BFDC;19463;1;1;0;6.79
25600;BFDC;19454;1;1;0;6.79
25600;BFDC;19382;1;1;0;6.79
25600;BFDC;19416;1;1;0;6.79
25600;BFDC;19440;1;1;0;6.79
25600;BFDC;19378;1;1;0;6.79
25600;CRA;706547;1;1;0;86.66
25600;CRA;712782;1;1;0;86.66
25600;CRA;712598;1;1;0;86.66
25600;CRA;704537;1;1;0;86.66
25600;CRA;712459;1;1;0;86.66
25600;CRA;704852;1;1;0;86.66
25600;CRA;707089;1;1;0;86.66
25600;CRA;713107;1;1;0;86.66
25600;CRA;704654;1;1;0;86.66
25600;CRA;712666;1;1;0;86.66
25600;CRA;712469;1;1;0;86.66
25600;CRA;704572;1;1;0;86.66
25600;CRA;712521;1;1;0;86.66
25600;CRA;712447;1;1;0;86.66
25600;CRA;704736;1;1;0;86.66
25600;CRA;712697;1;1;0;86.66
25600;CRA;704709;1;1;0;86.66
25600;CRA;712471;1;1;0;86.66
25600;CRA;707142;1;1;0;86.66
25600;CRA;704794;1;1;0;86.66
25600;CRA;1200215;1;1;0;141.70
25600;CRA;1197717;1;1;0;141.70
25600;CRA;1190862;1;1;0;141.70
25600;CRA;1197072;1;1;0;141.70
25600;CRA;1196799;1;1;0;141.70
25600;CRA;1196403;1;1;0;141.70
25600;CRA;1196560;1;1;0;141.70
25600;CRA;1196688;1;1;0;141.70
25600;CRA;1197480;1;1;0;141.70
25600;CRA;1197514;1;1;0;141.70
25600;CRA;1190902;1;1;0;141.70
25600;CRA;1196866;1;1;0;141.70
25600;CRA;1196838;1;1;0;141.70
25600;CRA;1196383;1;1;0;141.70
25600;CRA;1204902;1;1;0;141.70
25600;CRA;1197598;1;1;0;141.70
25600;CRA;1197292;1;1;0;141.70
25600;CRA;1190728;1;1;0;141.70
25600;CRA;1196848;1;1;0;141.70
25600;CRA;1196660;1;1;0;141.70
25600;CRA;758735;1;1;0;87.61
25600;CRA;762925;1;1;0;87.61
25600;CRA;755020;1;1;0;87.61
25600;CRA;762938;1;1;0;87.61
25600;CRA;752719;1;1;0;87.61
25600;CRA;760735;1;1;0;87.61
25600;CRA;758520;1;1;0;87.61
25600;CRA;749937;1;1;0;87.61
25600;CRA;757765;1;1;0;87.61
25600;CRA;747917;1;1;0;87.61
25600;CRA;755804;1;1;0;87.61
25600;CRA;752330;1;1;0;87.61
25600;CRA;745329;1;1;0;87.61
25600;CRA;753152;1;1;0;87.61
25600;CRA;747418;1;1;0;87.61
25600;CRA;750275;1;1;0;87.61
25600;CRA;742627;1;1;0;87.61
25600;CRA;750098;1;1;0;87.61
25600;CRA;740740;1;1;0;87.61
25600;CRA;747564;1;1;0;87.61
1600;RULT;3358;1;1;0;17.98
1600;RULT;3353;1;1;0;17.98
1600;RULT;3356;1;1;0;17.98
1600;RULT;3352;1;1;0;17.98
1600;RULT;3357;1;1;0;17.98
1600;RULT;3359;1;1;0;17.98
1600;RULT;3358;1;1;0;17.98
1600;RULT;3352;1;1;0;17.98
1600;RULT;3352;1;1;0;17.98
1600;RULT;3355;1;1;0;17.98
1600;RULT;3357;1;1;0;17.98
1600;RULT;3347;1;1;0;17.98
1600;RULT;3373;1;1;0;17.98
1600;RULT;3364;1;1;0;17.98
1600;RULT;3403;1;1;0;17.98
1600;RULT;3366;1;1;0;17.98
1600;RULT;3345;1;1;0;17.98
1600;RULT;3365;1;1;0;17.98
1600;RULT;3357;1;1;0;17.98
1600;RULT;3355;1;1;0;17.98
1600;RULT;3270;1;1;0;17.42
1600;RULT;3268;1;1;0;17.42
1600;RULT;3267;1;1;0;17.42
1600;RULT;3262;1;1;0;17.42
1600;RULT;3266;1;1;0;17.42
1600;RULT;3266;1;1;0;17.42
1600;RULT;3264;1;1;0;17.42
1600;RULT;3273;1;1;0;17.42
1600;RULT;3270;1;1;0;17.42
1600;RULT;3271;1;1;0;17.42
1600;RULT;3271;1;1;0;17.42
1600;RULT;3265;1;1;0;17.42
1600;RULT;3271;1;1;0;17.42
1600;RULT;3270;1;1;0;17.42
1600;RULT;3276;1;1;0;17.42
1600;RULT;3274;1;1;0;17.42
1600;RULT;3273;1;1;0;17.42
1600;RULT;3266;1;1;0;17.42
1600;RULT;3273;1;1;0;17.42
1600;RULT;3271;1;1;0;17.42
1600;RULT;2852;1;1;0;14.83
1600;RULT;2847;1;1;0;14.83
1600;RULT;2844;1;1;0;14.83
1600;RULT;2839;1;1;0;14.83
1600;RULT;2831;1;1;0;14.83
1600;RULT;2842;1;1;0;14.83
1600;RULT;2841;1;1;0;14.83
1600;RULT;2845;1;1;0;14.83
1600;RULT;2842;1;1;0;14.83
1600;RULT;2842;1;1;0;14.83
1600;RULT;2835;1;1;0;14.83
1600;RULT;2838;1;1;0;14.83
1600;RULT;2843;1;1;0;14.83
1600;RULT;2848;1;1;0;14.83
1600;RULT;2839;1;1;0;14.83
1600;RULT;2842;1;1;0;14.83
1600;RULT;2840;1;1;0;14.83
1600;RULT;2840;1;1;0;14.83
1600;RULT;2833;1;1;0;14.83
1600;RULT;2839;1;1;0;14.83
1600;ILP;77872;1;1;0;0.00
1600;ILP;76662;1;1;0;0.00
1600;ILP;75795;1;1;0;0.00
1600;ILP;77467;1;1;0;0.00
1600;ILP;76182;1;1;0;0.00
1600;ILP;74872;1;1;0;0.00
1600;ILP;77403;1;1;0;0.00
1600;ILP;77223;1;1;0;0.00
1600;ILP;75791;1;1;0;0.00
1600;ILP;76498;1;1;0;0.00
1600;ILP;76190;1;1;0;0.00
1600;ILP;77812;1;1;0;0.00
1600;ILP;75752;1;1;0;0.00
1600;ILP;76617;1;1;0;0.00
1600;ILP;76774;1;1;0;0.00
1600;ILP;75222;1;1;0;0.00
1600;ILP;77197;1;1;0;0.00
1600;ILP;75674;1;1;0;0.00
1600;ILP;77896;1;1;0;0.00
1600;ILP;76588;1;1;0;0.00
1600;ILP;69355;1;1;0;0.00
1600;ILP;68826;1;1;0;0.00
1600;ILP;68026;1;1;0;0.00
1600;ILP;68084;1;1;0;0.00
1600;ILP;69528;1;1;0;0.00
1600;ILP;69565;1;1;0;0.00
1600;ILP;70557;1;1;0;0.00
1600;ILP;67803;1;1;0;0.00
1600;ILP;70497;1;1;0;0.00
1600;ILP;68550;1;1;0;0.00
1600;ILP;68346;1;1;0;0.00
1600;ILP;68769;1;1;0;0.00
1600;ILP;67714;1;1;0;0.00
1600;ILP;68463;1;1;0;0.00
1600;ILP;68495;1;1;0;0.00
1600;ILP;68829;1;1;0;0.00
1600;ILP;69231;1;1;0;0.00
1600;ILP;68566;1;1;0;0.00
1600;ILP;68904;1;1;0;0.00
1600;ILP;70088;1;1;0;0.00
1600;ILP;69257;1;1;0;0.00
1600;ILP;67202;1;1;0;0.00
1600;ILP;69565;1;1;0;0.00
1600;ILP;67173;1;1;0;0.00
1600;ILP;69187;1;1;0;0.00
1600;ILP;68801;1;1;0;0.00
1600;ILP;69607;1;1;0;0.00
1600;ILP;67913;1;1;0;0.00
1600;ILP;69493;1;1;0;0.00
1600;ILP;67888;1;1;0;0.00
1600;ILP;67040;1;1;0;0.00
1600;ILP;66823;1;1;0;0.00
1600;ILP;69410;1;1;0;0.00
1600;ILP;66926;1;1;0;0.00
1600;ILP;69538;1;1;0;0.00
1600;ILP;69146;1;1;0;0.00
1600;ILP;69154;1;1;0;0.00
1600;ILP;68851;1;1;0;0.00
1600;ILP;68065;1;1;0;0.00
1600;ILP;69092;1;1;0;0.00
1600;CP;260030;1;1;0;0.00
1600;CP;260565;1;1;0;0.00
1600;CP;260000;1;1;0;0.00
1600;CP;260685;1;1;0;0.00
1600;CP;260908;1;1;0;0.00
1600;CP;261154;1;1;0;0.00
1600;CP;261393;1;1;0;0.00
1600;CP;261321;1;1;0;0.00
1600;CP;261636;1;1;0;0.00
1600;CP;262049;1;1;0;0.00
1600;CP;261884;1;1;0;0.00
1600;CP;253836;1;1;0;0.00
1600;CP;248348;1;1;0;0.00
1600;CP;248534;1;1;0;0.00
1600;CP;248698;1;1;0;0.00
1600;CP;248389;1;1;0;0.00
1600;CP;246957;1;1;0;0.00
1600;CP;247582;1;1;0;0.00
1600;CP;247262;1;1;0;0.00
1600;CP;248131;1;1;0;0.00
1600;CP;232586;1;1;0;0.00
1600;CP;246654;1;1;0;0.00
1600;CP;246196;1;1;0;0.00
1600;CP;243155;1;1;0;0.00
1600;CP;246710;1;1;0;0.00
1600;CP;243751;1;1;0;0.00
1600;CP;245487;1;1;0;0.00
1600;CP;246867;1;1;0;0.00
1600;CP;246681;1;1;0;0.00
1600;CP;262652;1;1;0;0.00
1600;CP;261813;1;1;0;0.00
1600;CP;261932;1;1;0;0.00
1600;CP;260472;1;1;0;0.00
1600;CP;262208;1;1;0;0.00
1600;CP;261148;1;1;0;0.00
1600;CP;260617;1;1;0;0.00
1600;CP;261272;1;1;0;0.00
1600;CP;261602;1;1;0;0.00
1600;CP;261619;1;1;0;0.00
1600;CP;261081;1;1;0;0.00
1600;CP;268137;1;1;0;0.00
1600;CP;267805;1;1;0;0.00
1600;CP;267011;1;1;0;0.00
1600;CP;267778;1;1;0;0.00
1600;CP;267120;1;1;0;0.00
1600;CP;267673;1;1;0;0.00
1600;CP;267412;1;1;0;0.00
1600;CP;267853;1;1;0;0.00
1600;CP;267467;1;1;0;0.00
1600;CP;267276;1;1;0;0.00
1600;CP;267183;1;1;0;0.00
1600;CP;266380;1;1;0;0.00
1600;CP;268601;1;1;0;0.00
1600;CP;265960;1;1;0;0.00
1600;CP;268753;1;1;0;0.00
1600;CP;272950;1;1;0;0.00
1600;CP;291538;1;1;0;0.00
1600;CP;292505;1;1;0;0.00
1600;CP;294837;1;1;0;0.00
1600;CP;293365;1;1;0;0.00
1600;SCP;168241;1;1;0;0.00
1600;SCP;166041;1;1;0;0.00
1600;SCP;167268;1;1;0;0.00
1600;SCP;168012;1;1;0;0.00
1600;SCP;167742;1;1;0;0.00
1600;SCP;167567;1;1;0;0.00
1600;SCP;168205;1;1;0;0.00
1600;SCP;168529;1;1;0;0.00
1600;SCP;168654;1;1;0;0.00
1600;SCP;168016;1;1;0;0.00
1600;SCP;166811;1;1;0;0.00
1600;SCP;167128;1;1;0;0.00
1600;SCP;167475;1;1;0;0.00
1600;SCP;166472;1;1;0;0.00
1600;SCP;167121;1;1;0;0.00
1600;SCP;167504;1;1;0;0.00
1600;SCP;166742;1;1;0;0.00
1600;SCP;164476;1;1;0;0.00
1600;SCP;163681;1;1;0;0.00
1600;SCP;165621;1;1;0;0.00
1600;SCP;261670;1;1;0;0.00
1600;SCP;257027;1;1;0;0.00
1600;SCP;256814;1;1;0;0.00
1600;SCP;256963;1;1;0;0.00
1600;SCP;256540;1;1;0;0.00
1600;SCP;256542;1;1;0;0.00
1600;SCP;256457;1;1;0;0.00
1600;SCP;256329;1;1;0;0.00
1600;SCP;252590;1;1;0;0.00
1600;SCP;256936;1;1;0;0.00
1600;SCP;254522;1;1;0;0.00
1600;SCP;254830;1;1;0;0.00
1600;SCP;253373;1;1;0;0.00
1600;SCP;255378;1;1;0;0.00
1600;SCP;253649;1;1;0;0.00
1600;SCP;254318;1;1;0;0.00
1600;SCP;253269;1;1;0;0.00
1600;SCP;255052;1;1;0;0.00
1600;SCP;252219;1;1;0;0.00
1600;SCP;256392;1;1;0;0.00
1600;SCP;234559;1;1;0;0.00
1600;SCP;219696;1;1;0;0.00
1600;SCP;221189;1;1;0;0.00
1600;SCP;219915;1;1;0;0.00
1600;SCP;221199;1;1;0;0.00
1600;SCP;220813;1;1;0;0.00
1600;SCP;219003;1;1;0;0.00
1600;SCP;218328;1;1;0;0.00
1600;SCP;219224;1;1;0;0.00
1600;SCP;218796;1;1;0;0.00
1600;SCP;219118;1;1;0;0.00
1600;SCP;220433;1;1;0;0.00
1600;SCP;219112;1;1;0;0.00
1600;SCP;218227;1;1;0;0.00
1600;SCP;218709;1;1;0;0.00
1600;SCP;219642;1;1;0;0.00
1600;SCP;221846;1;1;0;0.00
1600;SCP;220233;1;1;0;0.00
1600;SCP;219976;1;1;0;0.00
1600;SCP;218876;1;1;0;0.00
1600;KAB;1402405;1;1;0;0.00
1600;KAB;1425543;1;1;0;0.00
1600;KAB;1427730;1;1;0;0.00
1600;KAB;1427588;1;1;0;0.00
1600;KAB;1427717;1;1;0;0.00
1600;KAB;1426978;1;1;0;0.00
1600;KAB;1425819;1;1;0;0.00
1600;KAB;1427224;1;1;0;0.00
1600;KAB;1424505;1;1;0;0.00
1600;KAB;1426653;1;1;0;0.00
1600;KAB;1425353;1;1;0;0.00
1600;KAB;1426944;1;1;0;0.00
1600;KAB;1424296;1;1;0;0.00
1600;KAB;1425928;1;1;0;0.00
1600;KAB;1429230;1;1;0;0.00
1600;KAB;1426685;1;1;0;0.00
1600;KAB;1428472;1;1;0;0.00
1600;KAB;1427942;1;1;0;0.00
1600;KAB;1427674;1;1;0;0.00
1600;KAB;1425058;1;1;0;0.00
1600;KAB;1191852;1;1;0;0.00
1600;KAB;1191801;1;1;0;0.00
1600;KAB;1194579;1;1;0;0.00
1600;KAB;1195935;1;1;0;0.00
1600;KAB;1196249;1;1;0;0.00
1600;KAB;1194880;1;1;0;0.00
1600;KAB;1193410;1;1;0;0.00
1600;KAB;1193119;1;1;0;0.00
1600;KAB;1193119;1;1;0;0.00
1600;KAB;1194791;1;1;0;0.00
1600;KAB;1194716;1;1;0;0.00
1600;KAB;1192551;1;1;0;0.00
1600;KAB;1192704;1;1;0;0.00
1600;KAB;1195170;1;1;0;0.00
1600;KAB;1196930;1;1;0;0.00
1600;KAB;1193668;1;1;0;0.00
1600;KAB;1192503;1;1;0;0.00
1600;KAB;1196461;1;1;0;0.00
1600;KAB;1195890;1;1;0;0.00
1600;KAB;1197276;1;1;0;0.00
1600;KAB;1174981;1;1;0;0.00
1600;KAB;1166188;1;1;0;0.00
1600;KAB;1168023;1;1;0;0.00
1600;KAB;1166051;1;1;0;0.00
1600;KAB;1168348;1;1;0;0.00
1600;KAB;1166579;1;1;0;0.00
1600;KAB;1167612;1;1;0;0.00
1600;KAB;1168596;1;1;0;0.00
1600;KAB;1169855;1;1;0;0.00
1600;KAB;1168767;1;1;0;0.00
1600;KAB;1168938;1;1;0;0.00
1600;KAB;1169259;1;1;0;0.00
1600;KAB;1166711;1;1;0;0.00
1600;KAB;1169667;1;1;0;0.00
1600;KAB;1167330;1;1;0;0.00
1600;KAB;1169353;1;1;0;0.00
1600;KAB;1167075;1;1;0;0.00
1600;KAB;1168003;1;1;0;0.00
1600;KAB;1165640;1;1;0;0.00
1600;KAB;1168360;1;1;0;0.00
1600;BFDC;806;1;1;0;6.47
1600;BFDC;812;1;1;0;6.47
1600;BFDC;805;1;1;0;6.47
1600;BFDC;806;1;1;0;6.47
1600;BFDC;804;1;1;0;6.47
1600;BFDC;811;1;1;0;6.47
1600;BFDC;805;1;1;0;6.47
1600;BFDC;807;1;1;0;6.47
1600;BFDC;804;1;1;0;6.47
1600;BFDC;815;1;1;0;6.47
1600;BFDC;803;1;1;0;6.47
1600;BFDC;807;1;1;0;6.47
1600;BFDC;806;1;1;0;6.47
1600;BFDC;810;1;1;0;6.47
1600;BFDC;804;1;1;0;6.47
1600;BFDC;805;1;1;0;6.47
1600;BFDC;805;1;1;0;6.47
1600;BFDC;810;1;1;0;6.47
1600;BFDC;805;1;1;0;6.47
1600;BFDC;804;1;1;0;6.47
1600;BFDC;762;1;1;0;6.08
1600;BFDC;760;1;1;0;6.08
1600;BFDC;761;1;1;0;6.08
1600;BFDC;767;1;1;0;6.08
1600;BFDC;760;1;1;0;6.08
1600;BFDC;760;1;1;0;6.08
1600;BFDC;760;1;1;0;6.08
1600;BFDC;759;1;1;0;6.08
1600;BFDC;769;1;1;0;6.08
1600;BFDC;763;1;1;0;6.08
1600;BFDC;763;1;1;0;6.08
1600;BFDC;764;1;1;0;6.08
1600;BFDC;766;1;1;0;6.08
1600;BFDC;759;1;1;0;6.08
1600;BFDC;760;1;1;0;6.08
1600;BFDC;761;1;1;0;6.08
1600;BFDC;763;1;1;0;6.08
1600;BFDC;759;1;1;0;6.08
1600;BFDC;761;1;1;0;6.08
1600;BFDC;760;1;1;0;6.08
1600;BFDC;725;1;1;0;5.83
1600;BFDC;724;1;1;0;5.83
1600;BFDC;730;1;1;0;5.83
1600;BFDC;728;1;1;0;5.83
1600;BFDC;730;1;1;0;5.83
1600;BFDC;724;1;1;0;5.83
1600;BFDC;724;1;1;0;5.83
1600;BFDC;742;1;1;0;5.83
1600;BFDC;725;1;1;0;5.83
1600;BFDC;724;1;1;0;5.83
1600;BFDC;723;1;1;0;5.83
1600;BFDC;728;1;1;0;5.83
1600;BFDC;724;1;1;0;5.83
1600;BFDC;725;1;1;0;5.83
1600;BFDC;723;1;1;0;5.83
1600;BFDC;726;1;1;0;5.83
1600;BFDC;729;1;1;0;5.83
1600;BFDC;722;1;1;0;5.83
1600;BFDC;724;1;1;0;5.83
1600;BFDC;724;1;1;0;5.83
1600;CRA;2772;1;1;0;11.66
1600;CRA;2661;1;1;0;11.66
1600;CRA;2652;1;1;0;11.66
1600;CRA;2652;1;1;0;11.66
1600;CRA;2659;1;1;0;11.66
1600;CRA;2654;1;1;0;11.66
1600;CRA;2662;1;1;0;11.66
1600;CRA;2653;1;1;0;11.66
1600;CRA;2651;1;1;0;11.66
1600;CRA;2651;1;1;0;11.66
1600;CRA;2655;1;1;0;11.66
1600;CRA;2654;1;1;0;11.66
1600;CRA;2649;1;1;0;11.66
1600;CRA;2654;1;1;0;11.66
1600;CRA;2656;1;1;0;11.66
1600;CRA;2652;1;1;0;11.66
1600;CRA;2655;1;1;0;11.66
1600;CRA;2657;1;1;0;11.66
1600;CRA;2655;1;1;0;11.66
1600;CRA;2658;1;1;0;11.66
1600;CRA;9904;1;1;0;29.37
1600;CRA;9838;1;1;0;29.37
1600;CRA;9844;1;1;0;29.37
1600;CRA;9838;1;1;0;29.37
1600;CRA;9845;1;1;0;29.37
1600;CRA;9836;1;1;0;29.37
1600;CRA;9853;1;1;0;29.37
1600;CRA;9844;1;1;0;29.37
1600;CRA;9865;1;1;0;29.37
1600;CRA;9837;1;1;0;29.37
1600;CRA;9854;1;1;0;29.37
1600;CRA;9835;1;1;0;29.37
1600;CRA;9854;1;1;0;29.37
1600;CRA;9831;1;1;0;29.37
1600;CRA;9833;1;1;0;29.37
1600;CRA;9833;1;1;0;29.37
1600;CRA;9853;1;1;0;29.37
1600;CRA;9837;1;1;0;29.37
1600;CRA;9839;1;1;0;29.37
1600;CRA;9842;1;1;0;29.37
1600;CRA;7806;1;1;0;23.36
1600;CRA;7716;1;1;0;23.36
1600;CRA;7702;1;1;0;23.36
1600;CRA;7702;1;1;0;23.36
1600;CRA;7703;1;1;0;23.36
1600;CRA;7701;1;1;0;23.36
1600;CRA;7707;1;1;0;23.36
1600;CRA;7702;1;1;0;23.36
1600;CRA;7699;1;1;0;23.36
1600;CRA;7704;1;1;0;23.36
1600;CRA;7701;1;1;0;23.36
1600;CRA;7709;1;1;0;23.36
1600;CRA;7720;1;1;0;23.36
1600;CRA;7712;1;1;0;23.36
1600;CRA;7703;1;1;0;23.36
1600;CRA;7714;1;1;0;23.36
1600;CRA;7708;1;1;0;23.36
1600;CRA;7706;1;1;0;23.36
1600;CRA;7696;1;1;0;23.36
1600;CRA;7705;1;1;0;23.36
200;ULT;34654;1;1;0;831.52
200;ULT;34511;1;1;0;831.52
200;ULT;33039;1;1;0;831.52
200;ULT;33121;1;1;0;831.52
200;ULT;33069;1;1;0;831.52
200;ULT;34489;1;1;0;831.52
200;ULT;34820;1;1;0;831.52
200;ULT;34824;1;1;0;831.52
200;ULT;34529;1;1;0;831.52
200;ULT;33297;1;1;0;831.52
200;ULT;33213;1;1;0;831.52
200;ULT;33161;1;1;0;831.52
200;ULT;33215;1;1;0;831.52
200;ULT;33293;1;1;0;831.52
200;ULT;33086;1;1;0;831.52
200;ULT;33343;1;1;0;831.52
200;ULT;33207;1;1;0;831.52
200;ULT;33206;1;1;0;831.52
200;ULT;33298;1;1;0;831.52
200;ULT;33186;1;1;0;831.52
200;ULT;34828;1;1;0;831.44
200;ULT;34477;1;1;0;831.44
200;ULT;34584;1;1;0;831.44
200;ULT;34579;1;1;0;831.44
200;ULT;34006;1;1;0;831.44
200;ULT;34098;1;1;0;831.44
200;ULT;34536;1;1;0;831.44
200;ULT;34559;1;1;0;831.44
200;ULT;34650;1;1;0;831.44
200;ULT;34082;1;1;0;831.44
200;ULT;34548;1;1;0;831.44
200;ULT;34541;1;1;0;831.44
200;ULT;34588;1;1;0;831.44
200;ULT;34547;1;1;0;831.44
200;ULT;34649;1;1;0;831.44
200;ULT;34590;1;1;0;831.44
200;ULT;34554;1;1;0;831.44
200;ULT;34589;1;1;0;831.44
200;ULT;34584;1;1;0;831.44
200;ULT;34542;1;1;0;831.44
200;ULT;33935;1;1;0;831.50
200;ULT;33645;1;1;0;831.50
200;ULT;33397;1;1;0;831.50
200;ULT;33307;1;1;0;831.50
200;ULT;33435;1;1;0;831.50
200;ULT;33390;1;1;0;831.50
200;ULT;33515;1;1;0;831.50
200;ULT;33343;1;1;0;831.50
200;ULT;33394;1;1;0;831.50
200;ULT;33347;1;1;0;831.50
200;ULT;33316;1;1;0;831.50
200;ULT;33380;1;1;0;831.50
200;ULT;33463;1;1;0;831.50
200;ULT;33485;1;1;0;831.50
200;ULT;33500;1;1;0;831.50
200;ULT;33491;1;1;0;831.50
200;ULT;33479;1;1;0;831.50
200;ULT;33340;1;1;0;831.50
200;ULT;33387;1;1;0;831.50
200;ULT;33390;1;1;0;831.50
200;RULT;298;1;1;0;12.75
200;RULT;284;1;1;0;12.75
200;RULT;283;1;1;0;12.75
200;RULT;281;1;1;0;12.75
200;RULT;281;1;1;0;12.75
200;RULT;279;1;1;0;12.75
200;RULT;279;1;1;0;12.75
200;RULT;280;1;1;0;12.75
200;RULT;282;1;1;0;12.75
200;RULT;280;1;1;0;12.75
200;RULT;281;1;1;0;12.75
200;RULT;282;1;1;0;12.75
200;RULT;286;1;1;0;12.75
200;RULT;281;1;1;0;12.75
200;RULT;281;1;1;0;12.75
200;RULT;281;1;1;0;12.75
200;RULT;279;1;1;0;12.75
200;RULT;280;1;1;0;12.75
200;RULT;280;1;1;0;12.75
200;RULT;280;1;1;0;12.75
200;RULT;281;1;1;0;12.41
200;RULT;272;1;1;0;12.41
200;RULT;272;1;1;0;12.41
200;RULT;274;1;1;0;12.41
200;RULT;272;1;1;0;12.41
200;RULT;270;1;1;0;12.41
200;RULT;277;1;1;0;12.41
200;RULT;271;1;1;0;12.41
200;RULT;273;1;1;0;12.41
200;RULT;272;1;1;0;12.41
200;RULT;273;1;1;0;12.41
200;RULT;272;1;1;0;12.41
200;RULT;270;1;1;0;12.41
200;RULT;272;1;1;0;12.41
200;RULT;274;1;1;0;12.41
200;RULT;271;1;1;0;12.41
200;RULT;273;1;1;0;12.41
200;RULT;273;1;1;0;12.41
200;RULT;271;1;1;0;12.41
200;RULT;271;1;1;0;12.41
200;RULT;317;1;1;0;13.44
200;RULT;309;1;1;0;13.44
200;RULT;308;1;1;0;13.44
200;RULT;306;1;1;0;13.44
200;RULT;307;1;1;0;13.44
200;RULT;306;1;1;0;13.44
200;RULT;306;1;1;0;13.44
200;RULT;307;1;1;0;13.44
200;RULT;305;1;1;0;13.44
200;RULT;313;1;1;0;13.44
200;RULT;305;1;1;0;13.44
200;RULT;308;1;1;0;13.44
200;RULT;306;1;1;0;13.44
200;RULT;307;1;1;0;13.44
200;RULT;304;1;1;0;13.44
200;RULT;306;1;1;0;13.44
200;RULT;306;1;1;0;13.44
200;RULT;308;1;1;0;13.44
200;RULT;306;1;1;0;13.44
200;RULT;304;1;1;0;13.44
200;ILP;12822;1;1;0;0.00
200;ILP;8727;1;1;0;0.00
200;ILP;8641;1;1;0;0.00
200;ILP;8465;1;1;0;0.00
200;ILP;8226;1;1;0;0.00
200;ILP;8613;1;1;0;0.00
200;ILP;8180;1;1;0;0.00
200;ILP;8473;1;1;0;0.00
200;ILP;8441;1;1;0;0.00
200;ILP;8252;1;1;0;0.00
200;ILP;8391;1;1;0;0.00
200;ILP;8638;1;1;0;0.00
200;ILP;8619;1;1;0;0.00
200;ILP;8476;1;1;0;0.00
200;ILP;8500;1;1;0;0.00
200;ILP;8532;1;1;0;0.00
200;ILP;8264;1;1;0;0.00
200;ILP;8894;1;1;0;0.00
200;ILP;8661;1;1;0;0.00
200;ILP;8187;1;1;0;0.00
200;ILP;13727;1;1;0;0.00
200;ILP;8573;1;1;0;0.00
200;ILP;8441;1;1;0;0.00
200;ILP;8459;1;1;0;0.00
200;ILP;8468;1;1;0;0.00
200;ILP;8120;1;1;0;0.00
200;ILP;8463;1;1;0;0.00
200;ILP;8162;1;1;0;0.00
200;ILP;8468;1;1;0;0.00
200;ILP;8175;1;1;0;0.00
200;ILP;8523;1;1;0;0.00
200;ILP;8141;1;1;0;0.00
200;ILP;8218;1;1;0;0.00
200;ILP;8436;1;1;0;0.00
200;ILP;8385;1;1;0;0.00
200;ILP;8214;1;1;0;0.00
200;ILP;8428;1;1;0;0.00
200;ILP;8203;1;1;0;0.00
200;ILP;8410;1;1;0;0.00
200;ILP;8167;1;1;0;0.00
200;ILP;13189;1;1;0;0.00
200;ILP;9014;1;1;0;0.00
200;ILP;8592;1;1;0;0.00
200;ILP;8912;1;1;0;0.00
200;ILP;8652;1;1;0;0.00
200;ILP;8946;1;1;0;0.00
200;ILP;8906;1;1;0;0.00
200;ILP;8890;1;1;0;0.00
200;ILP;8905;1;1;0;0.00
200;ILP;8865;1;1;0;0.00
200;ILP;8941;1;1;0;0.00
200;ILP;9030;1;1;0;0.00
200;ILP;8628;1;1;0;0.00
200;ILP;9088;1;1;0;0.00
200;ILP;9019;1;1;0;0.00
200;ILP;8688;1;1;0;0.00
200;ILP;9022;1;1;0;0.00
200;ILP;8986;1;1;0;0.00
200;ILP;8750;1;1;0;0.00
200;ILP;9084;1;1;0;0.00
200;CP;28313;1;1;0;0.00
200;CP;28836;1;1;0;0.00
200;CP;28556;1;1;0;0.00
200;CP;28720;1;1;0;0.00
200;CP;28752;1;1;0;0.00
200;CP;28665;1;1;0;0.00
200;CP;28727;1;1;0;0.00
200;CP;28720;1;1;0;0.00
200;CP;28640;1;1;0;0.00
200;CP;28625;1;1;0;0.00
200;CP;28662;1;1;0;0.00
200;CP;28609;1;1;0;0.00
200;CP;28554;1;1;0;0.00
200;CP;28629;1;1;0;0.00
200;CP;28513;1;1;0;0.00
200;CP;28714;1;1;0;0.00
200;CP;28842;1;1;0;0.00
200;CP;28668;1;1;0;0.00
200;CP;28742;1;1;0;0.00
200;CP;28833;1;1;0;0.00
200;CP;31787;1;1;0;0.00
200;CP;29931;1;1;0;0.00
200;CP;30024;1;1;0;0.00
200;CP;29938;1;1;0;0.00
200;CP;29978;1;1;0;0.00
200;CP;29820;1;1;0;0.00
200;CP;29749;1;1;0;0.00
200;CP;29756;1;1;0;0.00
200;CP;29768;1;1;0;0.00
200;CP;29687;1;1;0;0.00
200;CP;29949;1;1;0;0.00
200;CP;29728;1;1;0;0.00
200;CP;29855;1;1;0;0.00
200;CP;29637;1;1;0;0.00
200;CP;29637;1;1;0;0.00
200;CP;29589;1;1;0;0.00
200;CP;30078;1;1;0;0.00
200;CP;29913;1;1;0;0.00
200;CP;29729;1;1;0;0.00
200;CP;29594;1;1;0;0.00
200;CP;28206;1;1;0;0.00
200;CP;27689;1;1;0;0.00
200;CP;27801;1;1;0;0.00
200;CP;27671;1;1;0;0.00
200;CP;27569;1;1;0;0.00
200;CP;27859;1;1;0;0.00
200;CP;28272;1;1;0;0.00
200;CP;28238;1;1;0;0.00
200;CP;28316;1;1;0;0.00
200;CP;28100;1;1;0;0.00
200;CP;28163;1;1;0;0.00
200;CP;28424;1;1;0;0.00
200;CP;28213;1;1;0;0.00
200;CP;28131;1;1;0;0.00
200;CP;28188;1;1;0;0.00
200;CP;28052;1;1;0;0.00
200;CP;27915;1;1;0;0.00
200;CP;28239;1;1;0;0.00
200;CP;28461;1;1;0;0.00
200;CP;27994;1;1;0;0.00
200;SCP;30476;1;1;0;0.00
200;SCP;30856;1;1;0;0.00
200;SCP;30851;1;1;0;0.00
200;SCP;30896;1;1;0;0.00
200;SCP;30813;1;1;0;0.00
200;SCP;30763;1;1;0;0.00
200;SCP;31158;1;1;0;0.00
200;SCP;31200;1;1;0;0.00
200;SCP;31286;1;1;0;0.00
200;SCP;31224;1;1;0;0.00
200;SCP;31298;1;1;0;0.00
200;SCP;31193;1;1;0;0.00
200;SCP;31306;1;1;0;0.00
200;SCP;31288;1;1;0;0.00
200;SCP;31148;1;1;0;0.00
200;SCP;31178;1;1;0;0.00
200;SCP;31217;1;1;0;0.00
200;SCP;31173;1;1;0;0.00
200;SCP;31165;1;1;0;0.00
200;SCP;31199;1;1;0;0.00
200;SCP;23406;1;1;0;0.00
200;SCP;23038;1;1;0;0.00
200;SCP;23021;1;1;0;0.00
200;SCP;22285;1;1;0;0.00
200;SCP;22313;1;1;0;0.00
200;SCP;22416;1;1;0;0.00
200;SCP;22269;1;1;0;0.00
200;SCP;23291;1;1;0;0.00
200;SCP;23026;1;1;0;0.00
200;SCP;22567;1;1;0;0.00
200;SCP;22391;1;1;0;0.00
200;SCP;23396;1;1;0;0.00
200;SCP;23069;1;1;0;0.00
200;SCP;23225;1;1;0;0.00
200;SCP;23007;1;1;0;0.00
200;SCP;23267;1;1;0;0.00
200;SCP;23208;1;1;0;0.00
200;SCP;23006;1;1;0;0.00
200;SCP;22250;1;1;0;0.00
200;SCP;23118;1;1;0;0.00
200;SCP;33187;1;1;0;0.00
200;SCP;33789;1;1;0;0.00
200;SCP;32589;1;1;0;0.00
200;SCP;33740;1;1;0;0.00
200;SCP;32928;1;1;0;0.00
200;SCP;34123;1;1;0;0.00
200;SCP;32607;1;1;0;0.00
200;SCP;32695;1;1;0;0.00
200;SCP;32903;1;1;0;0.00
200;SCP;32716;1;1;0;0.00
200;SCP;32754;1;1;0;0.00
200;SCP;32738;1;1;0;0.00
200;SCP;32806;1;1;0;0.00
200;SCP;32785;1;1;0;0.00
200;SCP;32680;1;1;0;0.00
200;SCP;32637;1;1;0;0.00
200;SCP;32785;1;1;0;0.00
200;SCP;32884;1;1;0;0.00
200;SCP;32630;1;1;0;0.00
200;SCP;32781;1;1;0;0.00
200;KAB;9728;1;1;0;0.00
200;KAB;9605;1;1;0;0.00
200;KAB;9610;1;1;0;0.00
200;KAB;9612;1;1;0;0.00
200;KAB;9607;1;1;0;0.00
200;KAB;9655;1;1;0;0.00
200;KAB;9714;1;1;0;0.00
200;KAB;9665;1;1;0;0.00
200;KAB;9607;1;1;0;0.00
200;KAB;9611;1;1;0;0.00
200;KAB;9590;1;1;0;0.00
200;KAB;9717;1;1;0;0.00
200;KAB;9597;1;1;0;0.00
200;KAB;9585;1;1;0;0.00
200;KAB;9597;1;1;0;0.00
200;KAB;9601;1;1;0;0.00
200;KAB;9596;1;1;0;0.00
200;KAB;9596;1;1;0;0.00
200;KAB;9602;1;1;0;0.00
200;KAB;9611;1;1;0;0.00
200;KAB;10165;1;1;0;0.00
200;KAB;10220;1;1;0;0.00
200;KAB;10071;1;1;0;0.00
200;KAB;10077;1;1;0;0.00
200;KAB;10204;1;1;0;0.00
200;KAB;10069;1;1;0;0.00
200;KAB;10087;1;1;0;0.00
200;KAB;10074;1;1;0;0.00
200;KAB;10206;1;1;0;0.00
200;KAB;10072;1;1;0;0.00
200;KAB;10082;1;1;0;0.00
200;KAB;10198;1;1;0;0.00
200;KAB;10073;1;1;0;0.00
200;KAB;10081;1;1;0;0.00
200;KAB;10069;1;1;0;0.00
200;KAB;10073;1;1;0;0.00
200;KAB;10086;1;1;0;0.00
200;KAB;10078;1;1;0;0.00
200;KAB;10083;1;1;0;0.00
200;KAB;10136;1;1;0;0.00
200;KAB;10586;1;1;0;0.00
200;KAB;10538;1;1;0;0.00
200;KAB;10518;1;1;0;0.00
200;KAB;10572;1;1;0;0.00
200;KAB;10536;1;1;0;0.00
200;KAB;10534;1;1;0;0.00
200;KAB;10524;1;1;0;0.00
200;KAB;10549;1;1;0;0.00
200;KAB;10522;1;1;0;0.00
200;KAB;10534;1;1;0;0.00
200;KAB;10548;1;1;0;0.00
200;KAB;10525;1;1;0;0.00
200;KAB;10574;1;1;0;0.00
200;KAB;10559;1;1;0;0.00
200;KAB;10536;1;1;0;0.00
200;KAB;10548;1;1;0;0.00
200;KAB;10517;1;1;0;0.00
200;KAB;10538;1;1;0;0.00
200;KAB;10612;1;1;0;0.00
200;KAB;10532;1;1;0;0.00
200;BFDC;52;1;1;0;4.14
200;BFDC;51;1;1;0;4.14
200;BFDC;50;1;1;0;4.14
200;BFDC;50;1;1;0;4.14
200;BFDC;50;1;1;0;4.14
200;BFDC;49;1;1;0;4.14
200;BFDC;49;1;1;0;4.14
200;BFDC;49;1;1;0;4.14
200;BFDC;49;1;1;0;4.14
200;BFDC;49;1;1;0;4.14
200;BFDC;49;1;1;0;4.14
200;BFDC;49;1;1;0;4.14
200;BFDC;49;1;1;0;4.14
200;BFDC;49;1;1;0;4.14
200;BFDC;49;1;1;0;4.14
200;BFDC;49;1;1;0;4.14
200;BFDC;49;1;1;0;4.14
200;BFDC;49;1;1;0;4.14
200;BFDC;49;1;1;0;4.14
200;BFDC;49;1;1;0;4.14
200;BFDC;62;1;1;0;4.78
200;BFDC;60;1;1;0;4.78
200;BFDC;60;1;1;0;4.78
200;BFDC;59;1;1;0;4.78
200;BFDC;58;1;1;0;4.78
200;BFDC;58;1;1;0;4.78
200;BFDC;58;1;1;0;4.78
200;BFDC;58;1;1;0;4.78
200;BFDC;58;1;1;0;4.78
200;BFDC;58;1;1;0;4.78
200;BFDC;58;1;1;0;4.78
200;BFDC;58;1;1;0;4.78
200;BFDC;58;1;1;0;4.78
200;BFDC;58;1;1;0;4.78
200;BFDC;58;1;1;0;4.78
200;BFDC;57;1;1;0;4.78
200;BFDC;57;1;1;0;4.78
200;BFDC;58;1;1;0;4.78
200;BFDC;58;1;1;0;4.78
200;BFDC;58;1;1;0;4.78
200;BFDC;62;1;1;0;4.81
200;BFDC;61;1;1;0;4.81
200;BFDC;60;1;1;0;4.81
200;BFDC;59;1;1;0;4.81
200;BFDC;59;1;1;0;4.81
200;BFDC;59;1;1;0;4.81
200;BFDC;59;1;1;0;4.81
200;BFDC;59;1;1;0;4.81
200;BFDC;58;1;1;0;4.81
200;BFDC;59;1;1;0;4.81
200;BFDC;59;1;1;0;4.81
200;BFDC;59;1;1;0;4.81
200;BFDC;59;1;1;0;4.81
200;BFDC;59;1;1;0;4.81
200;BFDC;59;1;1;0;4.81
200;BFDC;58;1;1;0;4.81
200;BFDC;58;1;1;0;4.81
200;BFDC;59;1;1;0;4.81
200;BFDC;58;1;1;0;4.81
200;BFDC;58;1;1;0;4.81
200;CRA;488;1;1;0;15.02
200;CRA;477;1;1;0;15.02
200;CRA;474;1;1;0;15.02
200;CRA;477;1;1;0;15.02
200;CRA;471;1;1;0;15.02
200;CRA;472;1;1;0;15.02
200;CRA;473;1;1;0;15.02
200;CRA;468;1;1;0;15.02
200;CRA;470;1;1;0;15.02
200;CRA;472;1;1;0;15.02
200;CRA;470;1;1;0;15.02
200;CRA;475;1;1;0;15.02
200;CRA;472;1;1;0;15.02
200;CRA;469;1;1;0;15.02
200;CRA;472;1;1;0;15.02
200;CRA;470;1;1;0;15.02
200;CRA;473;1;1;0;15.02
200;CRA;473;1;1;0;15.02
200;CRA;470;1;1;0;15.02
200;CRA;474;1;1;0;15.02
200;CRA;212;1;1;0;8.37
200;CRA;204;1;1;0;8.37
200;CRA;201;1;1;0;8.37
200;CRA;201;1;1;0;8.37
200;CRA;199;1;1;0;8.37
200;CRA;200;1;1;0;8.37
200;CRA;198;1;1;0;8.37
200;CRA;202;1;1;0;8.37
200;CRA;199;1;1;0;8.37
200;CRA;199;1;1;0;8.37
200;CRA;198;1;1;0;8.37
200;CRA;198;1;1;0;8.37
200;CRA;197;1;1;0;8.37
200;CRA;199;1;1;0;8.37
200;CRA;198;1;1;0;8.37
200;CRA;198;1;1;0;8.37
200;CRA;198;1;1;0;8.37
200;CRA;198;1;1;0;8.37
200;CRA;197;1;1;0;8.37
200;CRA;197;1;1;0;8.37
200;CRA;328;1;1;0;11.19
200;CRA;318;1;1;0;11.19
200;CRA;318;1;1;0;11.19
200;CRA;320;1;1;0;11.19
200;CRA;325;1;1;0;11.19
200;CRA;317;1;1;0;11.19
200;CRA;315;1;1;0;11.19
200;CRA;316;1;1;0;11.19
200;CRA;314;1;1;0;11.19
200;CRA;318;1;1;0;11.19
200;CRA;318;1;1;0;11.19
200;CRA;318;1;1;0;11.19
200;CRA;316;1;1;0;11.19
200;CRA;317;1;1;0;11.19
200;CRA;316;1;1;0;11.19
200;CRA;316;1;1;0;11.19
200;CRA;323;1;1;0;11.19
200;CRA;318;1;1;0;11.19
200;CRA;316;1;1;0;11.19
200;CRA;315;1;1;0;11.19
3200;RULT;6702;1;1;0;16.51
3200;RULT;6703;1;1;0;16.51
3200;RULT;6695;1;1;0;16.51
3200;RULT;6697;1;1;0;16.51
3200;RULT;6689;1;1;0;16.51
3200;RULT;6731;1;1;0;16.51
3200;RULT;6878;1;1;0;16.51
3200;RULT;6694;1;1;0;16.51
3200;RULT;6697;1;1;0;16.51
3200;RULT;6703;1;1;0;16.51
3200;RULT;6691;1;1;0;16.51
3200;RULT;6693;1;1;0;16.51
3200;RULT;6693;1;1;0;16.51
3200;RULT;6686;1;1;0;16.51
3200;RULT;6696;1;1;0;16.51
3200;RULT;6699;1;1;0;16.51
3200;RULT;6695;1;1;0;16.51
3200;RULT;6692;1;1;0;16.51
3200;RULT;6681;1;1;0;16.51
3200;RULT;6700;1;1;0;16.51
3200;RULT;7351;1;1;0;17.41
3200;RULT;7349;1;1;0;17.41
3200;RULT;7346;1;1;0;17.41
3200;RULT;7336;1;1;0;17.41
3200;RULT;7350;1;1;0;17.41
3200;RULT;7344;1;1;0;17.41
3200;RULT;7341;1;1;0;17.41
3200;RULT;7332;1;1;0;17.41
3200;RULT;7337;1;1;0;17.41
3200;RULT;7343;1;1;0;17.41
3200;RULT;7345;1;1;0;17.41
3200;RULT;7355;1;1;0;17.41
3200;RULT;7346;1;1;0;17.41
3200;RULT;9231;1;1;0;17.41
3200;RULT;7342;1;1;0;17.41
3200;RULT;7357;1;1;0;17.41
3200;RULT;7348;1;1;0;17.41
3200;RULT;7338;1;1;0;17.41
3200;RULT;7342;1;1;0;17.41
3200;RULT;7336;1;1;0;17.41
3200;RULT;7747;1;1;0;17.45
3200;RULT;7201;1;1;0;17.45
3200;RULT;7196;1;1;0;17.45
3200;RULT;7192;1;1;0;17.45
3200;RULT;7211;1;1;0;17.45
3200;RULT;7194;1;1;0;17.45
3200;RULT;7187;1;1;0;17.45
3200;RULT;7184;1;1;0;17.45
3200;RULT;7182;1;1;0;17.45
3200;RULT;7193;1;1;0;17.45
3200;RULT;7187;1;1;0;17.45
3200;RULT;7198;1;1;0;17.45
3200;RULT;7193;1;1;0;17.45
3200;RULT;7180;1;1;0;17.45
3200;RULT;7177;1;1;0;17.45
3200;RULT;7181;1;1;0;17.45
3200;RULT;7189;1;1;0;17.45
3200;RULT;7166;1;1;0;17.45
3200;RULT;7176;1;1;0;17.45
3200;RULT;7185;1;1;0;17.45
3200;ILP;142567;1;1;0;0.00
3200;ILP;143749;1;1;0;0.00
3200;ILP;143391;1;1;0;0.00
3200;ILP;143916;1;1;0;0.00
3200;ILP;141877;1;1;0;0.00
3200;ILP;145019;1;1;0;0.00
3200;ILP;143614;1;1;0;0.00
3200;ILP;144797;1;1;0;0.00
3200;ILP;141173;1;1;0;0.00
3200;ILP;145496;1;1;0;0.00
3200;ILP;145183;1;1;0;0.00
3200;ILP;146300;1;1;0;0.00
3200;ILP;141418;1;1;0;0.00
3200;ILP;145889;1;1;0;0.00
3200;ILP;142670;1;1;0;0.00
3200;ILP;142228;1;1;0;0.00
3200;ILP;143323;1;1;0;0.00
3200;ILP;142502;1;1;0;0.00
3200;ILP;146045;1;1;0;0.00
3200;ILP;141956;1;1;0;0.00
3200;ILP;149201;1;1;0;0.00
3200;ILP;149821;1;1;0;0.00
3200;ILP;153414;1;1;0;0.00
3200;ILP;152759;1;1;0;0.00
3200;ILP;156129;1;1;0;0.00
3200;ILP;154961;1;1;0;0.00
3200;ILP;154495;1;1;0;0.00
3200;ILP;154226;1;1;0;0.00
3200;ILP;152614;1;1;0;0.00
3200;ILP;157198;1;1;0;0.00
3200;ILP;152283;1;1;0;0.00
3200;ILP;155089;1;1;0;0.00
3200;ILP;158002;1;1;0;0.00
3200;ILP;155170;1;1;0;0.00
3200;ILP;147126;1;1;0;0.00
3200;ILP;149002;1;1;0;0.00
3200;ILP;150056;1;1;0;0.00
3200;ILP;149306;1;1;0;0.00
3200;ILP;150242;1;1;0;0.00
3200;ILP;148809;1;1;0;0.00
3200;ILP;152357;1;1;0;0.00
3200;ILP;147569;1;1;0;0.00
3200;ILP;146555;1;1;0;0.00
3200;ILP;144738;1;1;0;0.00
3200;ILP;143238;1;1;0;0.00
3200;ILP;147902;1;1;0;0.00
3200;ILP;150843;1;1;0;0.00
3200;ILP;150489;1;1;0;0.00
3200;ILP;150626;1;1;0;0.00
3200;ILP;150926;1;1;0;0.00
3200;ILP;153838;1;1;0;0.00
3200;ILP;151049;1;1;0;0.00
3200;ILP;149552;1;1;0;0.00
3200;ILP;151111;1;1;0;0.00
3200;ILP;150117;1;1;0;0.00
3200;ILP;155813;1;1;0;0.00
3200;ILP;145149;1;1;0;0.00
3200;ILP;147105;1;1;0;0.00
3200;ILP;144595;1;1;0;0.00
3200;ILP;145948;1;1;0;0.00
3200;CP;581583;1;1;0;0.00
3200;CP;582702;1;1;0;0.00
3200;CP;583924;1;1;0;0.00
3200;CP;582716;1;1;0;0.00
3200;CP;581494;1;1;0;0.00
3200;CP;580841;1;1;0;0.00
3200;CP;586769;1;1;0;0.00
3200;CP;582211;1;1;0;0.00
3200;CP;583342;1;1;0;0.00
3200;CP;582274;1;1;0;0.00
3200;CP;583265;1;1;0;0.00
3200;CP;582163;1;1;0;0.00
3200;CP;583326;1;1;0;0.00
3200;CP;592661;1;1;0;0.00
3200;CP;582361;1;1;0;0.00
3200;CP;581793;1;1;0;0.00
3200;CP;588054;1;1;0;0.00
3200;CP;583537;1;1;0;0.00
3200;CP;582575;1;1;0;0.00
3200;CP;587430;1;1;0;0.00
3200;CP;592179;1;1;0;0.00
3200;CP;587324;1;1;0;0.00
3200;CP;581378;1;1;0;0.00
3200;CP;667942;1;1;0;0.00
3200;CP;697449;1;1;0;0.00
3200;CP;692723;1;1;0;0.00
3200;CP;647101;1;1;0;0.00
3200;CP;594119;1;1;0;0.00
3200;CP;592042;1;1;0;0.00
3200;CP;585486;1;1;0;0.00
3200;CP;587555;1;1;0;0.00
3200;CP;594814;1;1;0;0.00
3200;CP;697296;1;1;0;0.00
3200;CP;692017;1;1;0;0.00
3200;CP;706539;1;1;0;0.00
3200;CP;594540;1;1;0;0.00
3200;CP;594308;1;1;0;0.00
3200;CP;590884;1;1;0;0.00
3200;CP;585136;1;1;0;0.00
3200;CP;578883;1;1;0;0.00
3200;CP;685400;1;1;0;0.00
3200;CP;685820;1;1;0;0.00
3200;CP;676330;1;1;0;0.00
3200;CP;564085;1;1;0;0.00
3200;CP;675934;1;1;0;0.00
3200;CP;683545;1;1;0;0.00
3200;CP;686637;1;1;0;0.00
3200;CP;564291;1;1;0;0.00
3200;CP;660768;1;1;0;0.00
3200;CP;685037;1;1;0;0.00
3200;CP;684409;1;1;0;0.00
3200;CP;576318;1;1;0;0.00
3200;CP;645865;1;1;0;0.00
3200;CP;683401;1;1;0;0.00
3200;CP;684019;1;1;0;0.00
3200;CP;586840;1;1;0;0.00
3200;CP;619036;1;1;0;0.00
3200;CP;690492;1;1;0;0.00
3200;CP;682415;1;1;0;0.00
3200;CP;611828;1;1;0;0.00
3200;SCP;343884;1;1;0;0.00
3200;SCP;343762;1;1;0;0.00
3200;SCP;344770;1;1;0;0.00
3200;SCP;345266;1;1;0;0.00
3200;SCP;349272;1;1;0;0.00
3200;SCP;349764;1;1;0;0.00
3200;SCP;363829;1;1;0;0.00
3200;SCP;362850;1;1;0;0.00
3200;SCP;364092;1;1;0;0.00
3200;SCP;365629;1;1;0;0.00
3200;SCP;361658;1;1;0;0.00
3200;SCP;358617;1;1;0;0.00
3200;SCP;356961;1;1;0;0.00
3200;SCP;356640;1;1;0;0.00
3200;SCP;353425;1;1;0;0.00
3200;SCP;347969;1;1;0;0.00
3200;SCP;348773;1;1;0;0.00
3200;SCP;345475;1;1;0;0.00
3200;SCP;346004;1;1;0;0.00
3200;SCP;345515;1;1;0;0.00
3200;SCP;374766;1;1;0;0.00
3200;SCP;378975;1;1;0;0.00
3200;SCP;379914;1;1;0;0.00
3200;SCP;377545;1;1;0;0.00
3200;SCP;380973;1;1;0;0.00
3200;SCP;389375;1;1;0;0.00
3200;SCP;364244;1;1;0;0.00
3200;SCP;362726;1;1;0;0.00
3200;SCP;363358;1;1;0;0.00
3200;SCP;361047;1;1;0;0.00
3200;SCP;360867;1;1;0;0.00
3200;SCP;357882;1;1;0;0.00
3200;SCP;362209;1;1;0;0.00
3200;SCP;363711;1;1;0;0.00
3200;SCP;361542;1;1;0;0.00
3200;SCP;380086;1;1;0;0.00
3200;SCP;379976;1;1;0;0.00
3200;SCP;379119;1;1;0;0.00
3200;SCP;380006;1;1;0;0.00
3200;SCP;378712;1;1;0;0.00
3200;SCP;339226;1;1;0;0.00
3200;SCP;357401;1;1;0;0.00
3200;SCP;357015;1;1;0;0.00
3200;SCP;356823;1;1;0;0.00
3200;SCP;358180;1;1;0;0.00
3200;SCP;356058;1;1;0;0.00
3200;SCP;352968;1;1;0;0.00
3200;SCP;338827;1;1;0;0.00
3200;SCP;338005;1;1;0;0.00
3200;SCP;359121;1;1;0;0.00
3200;SCP;356120;1;1;0;0.00
3200;SCP;356275;1;1;0;0.00
3200;SCP;358673;1;1;0;0.00
3200;SCP;356696;1;1;0;0.00
3200;SCP;347368;1;1;0;0.00
3200;SCP;341741;1;1;0;0.00
3200;SCP;344165;1;1;0;0.00
3200;SCP;356469;1;1;0;0.00
3200;SCP;358971;1;1;0;0.00
3200;SCP;356116;1;1;0;0.00
3200;BFDC;1617;1;1;0;6.12
3200;BFDC;1621;1;1;0;6.12
3200;BFDC;1615;1;1;0;6.12
3200;BFDC;1621;1;1;0;6.12
3200;BFDC;1614;1;1;0;6.12
3200;BFDC;1617;1;1;0;6.12
3200;BFDC;1613;1;1;0;6.12
3200;BFDC;1613;1;1;0;6.12
3200;BFDC;1612;1;1;0;6.12
3200;BFDC;1613;1;1;0;6.12
3200;BFDC;1613;1;1;0;6.12
3200;BFDC;1613;1;1;0;6.12
3200;BFDC;1613;1;1;0;6.12
3200;BFDC;1611;1;1;0;6.12
3200;BFDC;1616;1;1;0;6.12
3200;BFDC;1612;1;1;0;6.12
3200;BFDC;1617;1;1;0;6.12
3200;BFDC;1614;1;1;0;6.12
3200;BFDC;1618;1;1;0;6.12
3200;BFDC;1615;1;1;0;6.12
3200;BFDC;1662;1;1;0;6.26
3200;BFDC;1660;1;1;0;6.26
3200;BFDC;1664;1;1;0;6.26
3200;BFDC;1649;1;1;0;6.26
3200;BFDC;1652;1;1;0;6.26
3200;BFDC;1648;1;1;0;6.26
3200;BFDC;1653;1;1;0;6.26
3200;BFDC;1649;1;1;0;6.26
3200;BFDC;1653;1;1;0;6.26
3200;BFDC;1646;1;1;0;6.26
3200;BFDC;1653;1;1;0;6.26
3200;BFDC;1650;1;1;0;6.26
3200;BFDC;1652;1;1;0;6.26
3200;BFDC;1647;1;1;0;6.26
3200;BFDC;1652;1;1;0;6.26
3200;BFDC;1648;1;1;0;6.26
3200;BFDC;1652;1;1;0;6.26
3200;BFDC;1647;1;1;0;6.26
3200;BFDC;1652;1;1;0;6.26
3200;BFDC;1649;1;1;0;6.26
3200;BFDC;2025;1;1;0;7.42
3200;BFDC;2018;1;1;0;7.42
3200;BFDC;2024;1;1;0;7.42
3200;BFDC;2018;1;1;0;7.42
3200;BFDC;2021;1;1;0;7.42
3200;BFDC;2022;1;1;0;7.42
3200;BFDC;2019;1;1;0;7.42
3200;BFDC;2025;1;1;0;7.42
3200;BFDC;2016;1;1;0;7.42
3200;BFDC;2020;1;1;0;7.42
3200;BFDC;2021;1;1;0;7.42
3200;BFDC;2026;1;1;0;7.42
3200;BFDC;2027;1;1;0;7.42
3200;BFDC;2028;1;1;0;7.42
3200;BFDC;2021;1;1;0;7.42
3200;BFDC;2015;1;1;0;7.42
3200;BFDC;2015;1;1;0;7.42
3200;BFDC;2018;1;1;0;7.42
3200;BFDC;2017;1;1;0;7.42
3200;BFDC;2045;1;1;0;7.42
3200;CRA;19629;1;1;0;27.08
3200;CRA;19474;1;1;0;27.08
3200;CRA;19511;1;1;0;27.08
3200;CRA;19560;1;1;0;27.08
3200;CRA;19540;1;1;0;27.08
3200;CRA;19590;1;1;0;27.08
3200;CRA;19629;1;1;0;27.08
3200;CRA;19562;1;1;0;27.08
3200;CRA;19503;1;1;0;27.08
3200;CRA;19471;1;1;0;27.08
3200;CRA;19521;1;1;0;27.08
3200;CRA;19553;1;1;0;27.08
3200;CRA;19626;1;1;0;27.08
3200;CRA;19565;1;1;0;27.08
3200;CRA;19506;1;1;0;27.08
3200;CRA;19494;1;1;0;27.08
3200;CRA;19676;1;1;0;27.08
3200;CRA;19666;1;1;0;27.08
3200;CRA;19501;1;1;0;27.08
3200;CRA;19474;1;1;0;27.08
3200;CRA;19717;1;1;0;26.86
3200;CRA;19487;1;1;0;26.86
3200;CRA;19488;1;1;0;26.86
3200;CRA;19478;1;1;0;26.86
3200;CRA;19484;1;1;0;26.86
3200;CRA;19486;1;1;0;26.86
3200;CRA;19482;1;1;0;26.86
3200;CRA;19476;1;1;0;26.86
3200;CRA;19473;1;1;0;26.86
3200;CRA;19481;1;1;0;26.86
3200;CRA;19470;1;1;0;26.86
3200;CRA;19478;1;1;0;26.86
3200;CRA;19475;1;1;0;26.86
3200;CRA;19493;1;1;0;26.86
3200;CRA;19488;1;1;0;26.86
3200;CRA;19475;1;1;0;26.86
3200;CRA;19469;1;1;0;26.86
3200;CRA;19491;1;1;0;26.86
3200;CRA;19499;1;1;0;26.86
3200;CRA;19505;1;1;0;26.86
3200;CRA;6802;1;1;0;12.53
3200;CRA;6613;1;1;0;12.53
3200;CRA;6613;1;1;0;12.53
3200;CRA;6638;1;1;0;12.53
3200;CRA;6619;1;1;0;12.53
3200;CRA;6605;1;1;0;12.53
3200;CRA;6601;1;1;0;12.53
3200;CRA;6625;1;1;0;12.53
3200;CRA;6612;1;1;0;12.53
3200;CRA;6616;1;1;0;12.53
3200;CRA;6612;1;1;0;12.53
3200;CRA;6625;1;1;0;12.53
3200;CRA;6622;1;1;0;12.53
3200;CRA;6606;1;1;0;12.53
3200;CRA;6636;1;1;0;12.53
3200;CRA;6648;1;1;0;12.53
3200;CRA;6616;1;1;0;12.53
3200;CRA;6627;1;1;0;12.53
3200;CRA;6609;1;1;0;12.53
3200;CRA;6598;1;1;0;12.53
400;ULT;295907;1;1;0;2039.76
400;ULT;297449;1;1;0;2039.76
400;ULT;297197;1;1;0;2039.76
400;ULT;297076;1;1;0;2039.76
400;ULT;297591;1;1;0;2039.76
400;ULT;296684;1;1;0;2039.76
400;ULT;297570;1;1;0;2039.76
400;ULT;297180;1;1;0;2039.76
400;ULT;298175;1;1;0;2039.76
400;ULT;297451;1;1;0;2039.76
400;ULT;297919;1;1;0;2039.76
400;ULT;294349;1;1;0;2039.76
400;ULT;298172;1;1;0;2039.76
400;ULT;297688;1;1;0;2039.76
400;ULT;297419;1;1;0;2039.76
400;ULT;295768;1;1;0;2039.76
400;ULT;298211;1;1;0;2039.76
400;ULT;296149;1;1;0;2039.76
400;ULT;297457;1;1;0;2039.76
400;ULT;294740;1;1;0;2039.76
400;ULT;235205;1;1;0;1631.76
400;ULT;234955;1;1;0;1631.76
400;ULT;234918;1;1;0;1631.76
400;ULT;234841;1;1;0;1631.76
400;ULT;235095;1;1;0;1631.76
400;ULT;234832;1;1;0;1631.76
400;ULT;234748;1;1;0;1631.76
400;ULT;237723;1;1;0;1631.76
400;ULT;237116;1;1;0;1631.76
400;ULT;236828;1;1;0;1631.76
400;ULT;238170;1;1;0;1631.76
400;ULT;237685;1;1;0;1631.76
400;ULT;236837;1;1;0;1631.76
400;ULT;235363;1;1;0;1631.76
400;ULT;235973;1;1;0;1631.76
400;ULT;236288;1;1;0;1631.76
400;ULT;236965;1;1;0;1631.76
400;ULT;236740;1;1;0;1631.76
400;ULT;237156;1;1;0;1631.76
400;ULT;237983;1;1;0;1631.76
400;ULT;235662;1;1;0;1631.72
400;ULT;238770;1;1;0;1631.72
400;ULT;238578;1;1;0;1631.72
400;ULT;236822;1;1;0;1631.72
400;ULT;236899;1;1;0;1631.72
400;ULT;238580;1;1;0;1631.72
400;ULT;238390;1;1;0;1631.72
400;ULT;237572;1;1;0;1631.72
400;ULT;236615;1;1;0;1631.72
400;ULT;239027;1;1;0;1631.72
400;ULT;238487;1;1;0;1631.72
400;ULT;238093;1;1;0;1631.72
400;ULT;238840;1;1;0;1631.72
400;ULT;238619;1;1;0;1631.72
400;ULT;237667;1;1;0;1631.72
400;ULT;237401;1;1;0;1631.72
400;ULT;236252;1;1;0;1631.72
400;ULT;238903;1;1;0;1631.72
400;ULT;237458;1;1;0;1631.72
400;ULT;236360;1;1;0;1631.72
400;RULT;813;1;1;0;17.27
400;RULT;818;1;1;0;17.27
400;RULT;812;1;1;0;17.27
400;RULT;811;1;1;0;17.27
400;RULT;815;1;1;0;17.27
400;RULT;814;1;1;0;17.27
400;RULT;819;1;1;0;17.27
400;RULT;811;1;1;0;17.27
400;RULT;813;1;1;0;17.27
400;RULT;814;1;1;0;17.27
400;RULT;815;1;1;0;17.27
400;RULT;810;1;1;0;17.27
400;RULT;812;1;1;0;17.27
400;RULT;815;1;1;0;17.27
400;RULT;818;1;1;0;17.27
400;RULT;812;1;1;0;17.27
400;RULT;815;1;1;0;17.27
400;RULT;814;1;1;0;17.27
400;RULT;817;1;1;0;17.27
400;RULT;808;1;1;0;17.27
400;RULT;717;1;1;0;14.87
400;RULT;717;1;1;0;14.87
400;RULT;716;1;1;0;14.87
400;RULT;714;1;1;0;14.87
400;RULT;719;1;1;0;14.87
400;RULT;714;1;1;0;14.87
400;RULT;713;1;1;0;14.87
400;RULT;713;1;1;0;14.87
400;RULT;712;1;1;0;14.87
400;RULT;713;1;1;0;14.87
400;RULT;716;1;1;0;14.87
400;RULT;714;1;1;0;14.87
400;RULT;715;1;1;0;14.87
400;RULT;714;1;1;0;14.87
400;RULT;713;1;1;0;14.87
400;RULT;712;1;1;0;14.87
400;RULT;711;1;1;0;14.87
400;RULT;711;1;1;0;14.87
400;RULT;719;1;1;0;14.87
400;RULT;714;1;1;0;14.87
400;RULT;645;1;1;0;13.62
400;RULT;647;1;1;0;13.62
400;RULT;649;1;1;0;13.62
400;RULT;644;1;1;0;13.62
400;RULT;641;1;1;0;13.62
400;RULT;644;1;1;0;13.62
400;RULT;641;1;1;0;13.62
400;RULT;651;1;1;0;13.62
400;RULT;644;1;1;0;13.62
400;RULT;643;1;1;0;13.62
400;RULT;644;1;1;0;13.62
400;RULT;640;1;1;0;13.62
400;RULT;646;1;1;0;13.62
400;RULT;645;1;1;0;13.62
400;RULT;643;1;1;0;13.62
400;RULT;642;1;1;0;13.62
400;RULT;643;1;1;0;13.62
400;RULT;642;1;1;0;13.62
400;RULT;643;1;1;0;13.62
400;RULT;645;1;1;0;13.62
400;ILP;22386;1;1;0;0.00
400;ILP;17068;1;1;0;0.00
400;ILP;17343;1;1;0;0.00
400;ILP;17337;1;1;0;0.00
400;ILP;17231;1;1;0;0.00
400;ILP;17321;1;1;0;0.00
400;ILP;17238;1;1;0;0.00
400;ILP;17338;1;1;0;0.00
400;ILP;17413;1;1;0;0.00
400;ILP;17187;1;1;0;0.00
400;ILP;17177;1;1;0;0.00
400;ILP;17276;1;1;0;0.00
400;ILP;17181;1;1;0;0.00
400;ILP;17331;1;1;0;0.00
400;ILP;17155;1;1;0;0.00
400;ILP;17165;1;1;0;0.00
400;ILP;17265;1;1;0;0.00
400;ILP;17271;1;1;0;0.00
400;ILP;17489;1;1;0;0.00
400;ILP;17211;1;1;0;0.00
400;ILP;22346;1;1;0;0.00
400;ILP;17373;1;1;0;0.00
400;ILP;17672;1;1;0;0.00
400;ILP;17059;1;1;0;0.00
400;ILP;17514;1;1;0;0.00
400;ILP;17092;1;1;0;0.00
400;ILP;17010;1;1;0;0.00
400;ILP;17012;1;1;0;0.00
400;ILP;17135;1;1;0;0.00
400;ILP;17574;1;1;0;0.00
400;ILP;16915;1;1;0;0.00
400;ILP;17506;1;1;0;0.00
400;ILP;17546;1;1;0;0.00
400;ILP;17105;1;1;0;0.00
400;ILP;17462;1;1;0;0.00
400;ILP;16979;1;1;0;0.00
400;ILP;17179;1;1;0;0.00
400;ILP;17481;1;1;0;0.00
400;ILP;17263;1;1;0;0.00
400;ILP;17340;1;1;0;0.00
400;ILP;21698;1;1;0;0.00
400;ILP;16504;1;1;0;0.00
400;ILP;16603;1;1;0;0.00
400;ILP;16112;1;1;0;0.00
400;ILP;16492;1;1;0;0.00
400;ILP;16600;1;1;0;0.00
400;ILP;16794;1;1;0;0.00
400;ILP;16508;1;1;0;0.00
400;ILP;16558;1;1;0;0.00
400;ILP;16533;1;1;0;0.00
400;ILP;16460;1;1;0;0.00
400;ILP;16556;1;1;0;0.00
400;ILP;16444;1;1;0;0.00
400;ILP;16601;1;1;0;0.00
400;ILP;16698;1;1;0;0.00
400;ILP;16193;1;1;0;0.00
400;ILP;16807;1;1;0;0.00
400;ILP;16286;1;1;0;0.00
400;ILP;16098;1;1;0;0.00
400;ILP;16839;1;1;0;0.00
400;CP;57040;1;1;0;0.00
400;CP;56783;1;1;0;0.00
400;CP;56523;1;1;0;0.00
400;CP;56554;1;1;0;0.00
400;CP;56294;1;1;0;0.00
400;CP;56579;1;1;0;0.00
400;CP;56611;1;1;0;0.00
400;CP;56630;1;1;0;0.00
400;CP;56198;1;1;0;0.00
400;CP;56220;1;1;0;0.00
400;CP;56243;1;1;0;0.00
400;CP;55956;1;1;0;0.00
400;CP;56444;1;1;0;0.00
400;CP;56324;1;1;0;0.00
400;CP;56676;1;1;0;0.00
400;CP;56308;1;1;0;0.00
400;CP;56345;1;1;0;0.00
400;CP;56414;1;1;0;0.00
400;CP;56323;1;1;0;0.00
400;CP;56453;1;1;0;0.00
400;CP;56697;1;1;0;0.00
400;CP;54572;1;1;0;0.00
400;CP;54716;1;1;0;0.00
400;CP;54013;1;1;0;0.00
400;CP;54196;1;1;0;0.00
400;CP;54053;1;1;0;0.00
400;CP;54209;1;1;0;0.00
400;CP;54936;1;1;0;0.00
400;CP;54748;1;1;0;0.00
400;CP;53965;1;1;0;0.00
400;CP;54226;1;1;0;0.00
400;CP;54563;1;1;0;0.00
400;CP;54321;1;1;0;0.00
400;CP;53961;1;1;0;0.00
400;CP;54677;1;1;0;0.00
400;CP;54168;1;1;0;0.00
400;CP;53748;1;1;0;0.00
400;CP;53984;1;1;0;0.00
400;CP;54190;1;1;0;0.00
400;CP;54159;1;1;0;0.00
400;CP;65016;1;1;0;0.00
400;CP;63523;1;1;0;0.00
400;CP;63427;1;1;0;0.00
400;CP;62991;1;1;0;0.00
400;CP;63077;1;1;0;0.00
400;CP;63007;1;1;0;0.00
400;CP;62627;1;1;0;0.00
400;CP;63026;1;1;0;0.00
400;CP;62635;1;1;0;0.00
400;CP;63194;1;1;0;0.00
400;CP;62873;1;1;0;0.00
400;CP;62867;1;1;0;0.00
400;CP;62896;1;1;0;0.00
400;CP;62674;1;1;0;0.00
400;CP;62523;1;1;0;0.00
400;CP;62704;1;1;0;0.00
400;CP;62683;1;1;0;0.00
400;CP;62716;1;1;0;0.00
400;CP;64004;1;1;0;0.00
400;CP;63116;1;1;0;0.00
400;SCP;45123;1;1;0;0.00
400;SCP;43888;1;1;0;0.00
400;SCP;43466;1;1;0;0.00
400;SCP;43609;1;1;0;0.00
400;SCP;43670;1;1;0;0.00
400;SCP;43856;1;1;0;0.00
400;SCP;43935;1;1;0;0.00
400;SCP;44073;1;1;0;0.00
400;SCP;43967;1;1;0;0.00
400;SCP;43485;1;1;0;0.00
400;SCP;43984;1;1;0;0.00
400;SCP;43434;1;1;0;0.00
400;SCP;43562;1;1;0;0.00
400;SCP;43625;1;1;0;0.00
400;SCP;43613;1;1;0;0.00
400;SCP;43653;1;1;0;0.00
400;SCP;43632;1;1;0;0.00
400;SCP;43604;1;1;0;0.00
400;SCP;43834;1;1;0;0.00
400;SCP;43505;1;1;0;0.00
400;SCP;36309;1;1;0;0.00
400;SCP;36913;1;1;0;0.00
400;SCP;36947;1;1;0;0.00
400;SCP;36974;1;1;0;0.00
400;SCP;36601;1;1;0;0.00
400;SCP;37116;1;1;0;0.00
400;SCP;36884;1;1;0;0.00
400;SCP;36806;1;1;0;0.00
400;SCP;36791;1;1;0;0.00
400;SCP;36900;1;1;0;0.00
400;SCP;36791;1;1;0;0.00
400;SCP;37248;1;1;0;0.00
400;SCP;36956;1;1;0;0.00
400;SCP;36887;1;1;0;0.00
400;SCP;36878;1;1;0;0.00
400;SCP;37002;1;1;0;0.00
400;SCP;36484;1;1;0;0.00
400;SCP;36819;1;1;0;0.00
400;SCP;36989;1;1;0;0.00
400;SCP;36949;1;1;0;0.00
400;SCP;47075;1;1;0;0.00
400;SCP;46030;1;1;0;0.00
400;SCP;46005;1;1;0;0.00
400;SCP;45997;1;1;0;0.00
400;SCP;45872;1;1;0;0.00
400;SCP;46008;1;1;0;0.00
400;SCP;46100;1;1;0;0.00
400;SCP;45959;1;1;0;0.00
400;SCP;46060;1;1;0;0.00
400;SCP;45912;1;1;0;0.00
400;SCP;45851;1;1;0;0.00
400;SCP;45930;1;1;0;0.00
400;SCP;45969;1;1;0;0.00
400;SCP;45815;1;1;0;0.00
400;SCP;45826;1;1;0;0.00
400;SCP;45942;1;1;0;0.00
400;SCP;46105;1;1;0;0.00
400;SCP;45792;1;1;0;0.00
400;SCP;45930;1;1;0;0.00
400;SCP;45817;1;1;0;0.00
400;KAB;53487;1;1;0;0.00
400;KAB;53218;1;1;0;0.00
400;KAB;53202;1;1;0;0.00
400;KAB;53226;1;1;0;0.00
400;KAB;53205;1;1;0;0.00
400;KAB;53231;1;1;0;0.00
400;KAB;53510;1;1;0;0.00
400;KAB;53237;1;1;0;0.00
400;KAB;53234;1;1;0;0.00
400;KAB;53273;1;1;0;0.00
400;KAB;53482;1;1;0;0.00
400;KAB;53151;1;1;0;0.00
400;KAB;53279;1;1;0;0.00
400;KAB;53146;1;1;0;0.00
400;KAB;53282;1;1;0;0.00
400;KAB;53149;1;1;0;0.00
400;KAB;53271;1;1;0;0.00
400;KAB;53130;1;1;0;0.00
400;KAB;53217;1;1;0;0.00
400;KAB;53225;1;1;0;0.00
400;KAB;53167;1;1;0;0.00
400;KAB;53136;1;1;0;0.00
400;KAB;53175;1;1;0;0.00
400;KAB;53066;1;1;0;0.00
400;KAB;52973;1;1;0;0.00
400;KAB;53089;1;1;0;0.00
400;KAB;53210;1;1;0;0.00
400;KAB;53238;1;1;0;0.00
400;KAB;53060;1;1;0;0.00
400;KAB;53035;1;1;0;0.00
400;KAB;53070;1;1;0;0.00
400;KAB;53071;1;1;0;0.00
400;KAB;52960;1;1;0;0.00
400;KAB;53231;1;1;0;0.00
400;KAB;53189;1;1;0;0.00
400;KAB;53070;1;1;0;0.00
400;KAB;53061;1;1;0;0.00
400;KAB;53083;1;1;0;0.00
400;KAB;53166;1;1;0;0.00
400;KAB;53054;1;1;0;0.00
400;KAB;46282;1;1;0;0.00
400;KAB;46442;1;1;0;0.00
400;KAB;46033;1;1;0;0.00
400;KAB;46018;1;1;0;0.00
400;KAB;46031;1;1;0;0.00
400;KAB;46011;1;1;0;0.00
400;KAB;46033;1;1;0;0.00
400;KAB;46386;1;1;0;0.00
400;KAB;46139;1;1;0;0.00
400;KAB;46015;1;1;0;0.00
400;KAB;46276;1;1;0;0.00
400;KAB;46024;1;1;0;0.00
400;KAB;46018;1;1;0;0.00
400;KAB;46141;1;1;0;0.00
400;KAB;46125;1;1;0;0.00
400;KAB;46039;1;1;0;0.00
400;KAB;46066;1;1;0;0.00
400;KAB;46025;1;1;0;0.00
400;KAB;46197;1;1;0;0.00
400;KAB;46081;1;1;0;0.00
400;BFDC;182;1;1;0;6.73
400;BFDC;180;1;1;0;6.73
400;BFDC;179;1;1;0;6.73
400;BFDC;179;1;1;0;6.73
400;BFDC;179;1;1;0;6.73
400;BFDC;179;1;1;0;6.73
400;BFDC;178;1;1;0;6.73
400;BFDC;179;1;1;0;6.73
400;BFDC;178;1;1;0;6.73
400;BFDC;178;1;1;0;6.73
400;BFDC;179;1;1;0;6.73
400;BFDC;179;1;1;0;6.73
400;BFDC;184;1;1;0;6.73
400;BFDC;179;1;1;0;6.73
400;BFDC;178;1;1;0;6.73
400;BFDC;179;1;1;0;6.73
400;BFDC;179;1;1;0;6.73
400;BFDC;179;1;1;0;6.73
400;BFDC;179;1;1;0;6.73
400;BFDC;178;1;1;0;6.73
400;BFDC;139;1;1;0;5.43
400;BFDC;137;1;1;0;5.43
400;BFDC;137;1;1;0;5.43
400;BFDC;137;1;1;0;5.43
400;BFDC;136;1;1;0;5.43
400;BFDC;136;1;1;0;5.43
400;BFDC;136;1;1;0;5.43
400;BFDC;136;1;1;0;5.43
400;BFDC;136;1;1;0;5.43
400;BFDC;136;1;1;0;5.43
400;BFDC;135;1;1;0;5.43
400;BFDC;135;1;1;0;5.43
400;BFDC;135;1;1;0;5.43
400;BFDC;135;1;1;0;5.43
400;BFDC;136;1;1;0;5.43
400;BFDC;136;1;1;0;5.43
400;BFDC;135;1;1;0;5.43
400;BFDC;136;1;1;0;5.43
400;BFDC;136;1;1;0;5.43
400;BFDC;135;1;1;0;5.43
400;BFDC;135;1;1;0;5.20
400;BFDC;134;1;1;0;5.20
400;BFDC;134;1;1;0;5.20
400;BFDC;134;1;1;0;5.20
400;BFDC;134;1;1;0;5.20
400;BFDC;135;1;1;0;5.20
400;BFDC;142;1;1;0;5.20
400;BFDC;135;1;1;0;5.20
400;BFDC;134;1;1;0;5.20
400;BFDC;134;1;1;0;5.20
400;BFDC;134;1;1;0;5.20
400;BFDC;135;1;1;0;5.20
400;BFDC;134;1;1;0;5.20
400;BFDC;135;1;1;0;5.20
400;BFDC;134;1;1;0;5.20
400;BFDC;135;1;1;0;5.20
400;BFDC;134;1;1;0;5.20
400;BFDC;134;1;1;0;5.20
400;BFDC;134;1;1;0;5.20
400;BFDC;133;1;1;0;5.20
400;CRA;454;1;1;0;8.94
400;CRA;440;1;1;0;8.94
400;CRA;437;1;1;0;8.94
400;CRA;438;1;1;0;8.94
400;CRA;442;1;1;0;8.94
400;CRA;437;1;1;0;8.94
400;CRA;437;1;1;0;8.94
400;CRA;437;1;1;0;8.94
400;CRA;438;1;1;0;8.94
400;CRA;438;1;1;0;8.94
400;CRA;438;1;1;0;8.94
400;CRA;438;1;1;0;8.94
400;CRA;437;1;1;0;8.94
400;CRA;444;1;1;0;8.94
400;CRA;435;1;1;0;8.94
400;CRA;438;1;1;0;8.94
400;CRA;438;1;1;0;8.94
400;CRA;438;1;1;0;8.94
400;CRA;439;1;1;0;8.94
400;CRA;437;1;1;0;8.94
400;CRA;1253;1;1;0;18.11
400;CRA;1227;1;1;0;18.11
400;CRA;1236;1;1;0;18.11
400;CRA;1226;1;1;0;18.11
400;CRA;1225;1;1;0;18.11
400;CRA;1232;1;1;0;18.11
400;CRA;1226;1;1;0;18.11
400;CRA;1226;1;1;0;18.11
400;CRA;1226;1;1;0;18.11
400;CRA;1232;1;1;0;18.11
400;CRA;1230;1;1;0;18.11
400;CRA;1228;1;1;0;18.11
400;CRA;1236;1;1;0;18.11
400;CRA;1227;1;1;0;18.11
400;CRA;1226;1;1;0;18.11
400;CRA;1233;1;1;0;18.11
400;CRA;1227;1;1;0;18.11
400;CRA;1227;1;1;0;18.11
400;CRA;1232;1;1;0;18.11
400;CRA;1227;1;1;0;18.11
400;CRA;632;1;1;0;10.98
400;CRA;622;1;1;0;10.98
400;CRA;623;1;1;0;10.98
400;CRA;617;1;1;0;10.98
400;CRA;617;1;1;0;10.98
400;CRA;621;1;1;0;10.98
400;CRA;619;1;1;0;10.98
400;CRA;619;1;1;0;10.98
400;CRA;622;1;1;0;10.98
400;CRA;615;1;1;0;10.98
400;CRA;618;1;1;0;10.98
400;CRA;616;1;1;0;10.98
400;CRA;615;1;1;0;10.98
400;CRA;617;1;1;0;10.98
400;CRA;626;1;1;0;10.98
400;CRA;620;1;1;0;10.98
400;CRA;619;1;1;0;10.98
400;CRA;617;1;1;0;10.98
400;CRA;616;1;1;0;10.98
400;CRA;618;1;1;0;10.98
100;ULT;6421;1;1;0;538.66
100;ULT;6379;1;1;0;538.66
100;ULT;6400;1;1;0;538.66
100;ULT;6369;1;1;0;538.66
100;ULT;6419;1;1;0;538.66
100;ULT;6384;1;1;0;538.66
100;ULT;6408;1;1;0;538.66
100;ULT;6370;1;1;0;538.66
100;ULT;6376;1;1;0;538.66
100;ULT;6393;1;1;0;538.66
100;ULT;6378;1;1;0;538.66
100;ULT;6377;1;1;0;538.66
100;ULT;6382;1;1;0;538.66
100;ULT;6376;1;1;0;538.66
100;ULT;6371;1;1;0;538.66
100;ULT;6370;1;1;0;538.66
100;ULT;6393;1;1;0;538.66
100;ULT;6382;1;1;0;538.66
100;ULT;6396;1;1;0;538.66
100;ULT;6397;1;1;0;538.66
100;ULT;5186;1;1;0;431.05
100;ULT;5190;1;1;0;431.05
100;ULT;5255;1;1;0;431.05
100;ULT;5157;1;1;0;431.05
100;ULT;5172;1;1;0;431.05
100;ULT;5171;1;1;0;431.05
100;ULT;5170;1;1;0;431.05
100;ULT;5187;1;1;0;431.05
100;ULT;5173;1;1;0;431.05
100;ULT;5218;1;1;0;431.05
100;ULT;5163;1;1;0;431.05
100;ULT;5192;1;1;0;431.05
100;ULT;5227;1;1;0;431.05
100;ULT;5155;1;1;0;431.05
100;ULT;5217;1;1;0;431.05
100;ULT;5149;1;1;0;431.05
100;ULT;5150;1;1;0;431.05
100;ULT;5216;1;1;0;431.05
100;ULT;5150;1;1;0;431.05
100;ULT;5146;1;1;0;431.05
100;ULT;8441;1;1;0;646.40
100;ULT;7626;1;1;0;646.40
100;ULT;7628;1;1;0;646.40
100;ULT;7627;1;1;0;646.40
100;ULT;7646;1;1;0;646.40
100;ULT;7666;1;1;0;646.40
100;ULT;7652;1;1;0;646.40
100;ULT;7657;1;1;0;646.40
100;ULT;7675;1;1;0;646.40
100;ULT;7651;1;1;0;646.40
100;ULT;7668;1;1;0;646.40
100;ULT;7620;1;1;0;646.40
100;ULT;7622;1;1;0;646.40
100;ULT;7622;1;1;0;646.40
100;ULT;7647;1;1;0;646.40
100;ULT;7637;1;1;0;646.40
100;ULT;7625;1;1;0;646.40
100;ULT;7630;1;1;0;646.40
100;ULT;7664;1;1;0;646.40
100;ULT;7700;1;1;0;646.40
100;RULT;141;1;1;0;12.33
100;RULT;127;1;1;0;12.33
100;RULT;124;1;1;0;12.33
100;RULT;122;1;1;0;12.33
100;RULT;118;1;1;0;12.33
100;RULT;119;1;1;0;12.33
100;RULT;117;1;1;0;12.33
100;RULT;117;1;1;0;12.33
100;RULT;116;1;1;0;12.33
100;RULT;115;1;1;0;12.33
100;RULT;116;1;1;0;12.33
100;RULT;115;1;1;0;12.33
100;RULT;115;1;1;0;12.33
100;RULT;116;1;1;0;12.33
100;RULT;115;1;1;0;12.33
100;RULT;113;1;1;0;12.33
100;RULT;113;1;1;0;12.33
100;RULT;114;1;1;0;12.33
100;RULT;113;1;1;0;12.33
100;RULT;114;1;1;0;12.33
100;RULT;141;1;1;0;12.32
100;RULT;130;1;1;0;12.32
100;RULT;134;1;1;0;12.32
100;RULT;128;1;1;0;12.32
100;RULT;126;1;1;0;12.32
100;RULT;126;1;1;0;12.32
100;RULT;125;1;1;0;12.32
100;RULT;125;1;1;0;12.32
100;RULT;125;1;1;0;12.32
100;RULT;125;1;1;0;12.32
100;RULT;125;1;1;0;12.32
100;RULT;124;1;1;0;12.32
100;RULT;124;1;1;0;12.32
100;RULT;124;1;1;0;12.32
100;RULT;123;1;1;0;12.32
100;RULT;124;1;1;0;12.32
100;RULT;123;1;1;0;12.32
100;RULT;124;1;1;0;12.32
100;RULT;123;1;1;0;12.32
100;RULT;124;1;1;0;12.32
100;RULT;168;1;1;0;13.73
100;RULT;155;1;1;0;13.73
100;RULT;152;1;1;0;13.73
100;RULT;151;1;1;0;13.73
100;RULT;150;1;1;0;13.73
100;RULT;150;1;1;0;13.73
100;RULT;149;1;1;0;13.73
100;RULT;149;1;1;0;13.73
100;RULT;149;1;1;0;13.73
100;RULT;148;1;1;0;13.73
100;RULT;147;1;1;0;13.73
100;RULT;153;1;1;0;13.73
100;RULT;148;1;1;0;13.73
100;RULT;147;1;1;0;13.73
100;RULT;148;1;1;0;13.73
100;RULT;148;1;1;0;13.73
100;RULT;147;1;1;0;13.73
100;RULT;148;1;1;0;13.73
100;RULT;146;1;1;0;13.73
100;RULT;147;1;1;0;13.73
100;ILP;8351;1;1;0;0.00
100;ILP;5725;1;1;0;0.00
100;ILP;5335;1;1;0;0.00
100;ILP;5171;1;1;0;0.00
100;ILP;5213;1;1;0;0.00
100;ILP;5098;1;1;0;0.00
100;ILP;5148;1;1;0;0.00
100;ILP;5180;1;1;0;0.00
100;ILP;5164;1;1;0;0.00
100;ILP;5176;1;1;0;0.00
100;ILP;5123;1;1;0;0.00
100;ILP;5127;1;1;0;0.00
100;ILP;5125;1;1;0;0.00
100;ILP;5143;1;1;0;0.00
100;ILP;5148;1;1;0;0.00
100;ILP;5152;1;1;0;0.00
100;ILP;5147;1;1;0;0.00
100;ILP;5132;1;1;0;0.00
100;ILP;5119;1;1;0;0.00
100;ILP;5161;1;1;0;0.00
100;ILP;9047;1;1;0;0.00
100;ILP;5806;1;1;0;0.00
100;ILP;5034;1;1;0;0.00
100;ILP;4791;1;1;0;0.00
100;ILP;4811;1;1;0;0.00
100;ILP;4840;1;1;0;0.00
100;ILP;4780;1;1;0;0.00
100;ILP;4839;1;1;0;0.00
100;ILP;4871;1;1;0;0.00
100;ILP;4945;1;1;0;0.00
100;ILP;5005;1;1;0;0.00
100;ILP;4992;1;1;0;0.00
100;ILP;4913;1;1;0;0.00
100;ILP;4909;1;1;0;0.00
100;ILP;4764;1;1;0;0.00
100;ILP;4781;1;1;0;0.00
100;ILP;4794;1;1;0;0.00
100;ILP;4799;1;1;0;0.00
100;ILP;4983;1;1;0;0.00
100;ILP;4992;1;1;0;0.00
100;ILP;7846;1;1;0;0.00
100;ILP;5374;1;1;0;0.00
100;ILP;4931;1;1;0;0.00
100;ILP;4822;1;1;0;0.00
100;ILP;4894;1;1;0;0.00
100;ILP;4775;1;1;0;0.00
100;ILP;4822;1;1;0;0.00
100;ILP;4797;1;1;0;0.00
100;ILP;4841;1;1;0;0.00
100;ILP;4868;1;1;0;0.00
100;ILP;4769;1;1;0;0.00
100;ILP;4821;1;1;0;0.00
100;ILP;4782;1;1;0;0.00
100;ILP;4797;1;1;0;0.00
100;ILP;4798;1;1;0;0.00
100;ILP;4775;1;1;0;0.00
100;ILP;4781;1;1;0;0.00
100;ILP;4824;1;1;0;0.00
100;ILP;4760;1;1;0;0.00
100;ILP;4804;1;1;0;0.00
100;CP;17403;1;1;0;0.00
100;CP;16103;1;1;0;0.00
100;CP;16185;1;1;0;0.00
100;CP;16162;1;1;0;0.00
100;CP;16341;1;1;0;0.00
100;CP;16119;1;1;0;0.00
100;CP;16191;1;1;0;0.00
100;CP;16359;1;1;0;0.00
100;CP;16218;1;1;0;0.00
100;CP;16225;1;1;0;0.00
100;CP;16344;1;1;0;0.00
100;CP;16130;1;1;0;0.00
100;CP;16173;1;1;0;0.00
100;CP;16277;1;1;0;0.00
100;CP;16288;1;1;0;0.00
100;CP;16158;1;1;0;0.00
100;CP;16314;1;1;0;0.00
100;CP;16201;1;1;0;0.00
100;CP;16157;1;1;0;0.00
100;CP;16376;1;1;0;0.00
100;CP;16270;1;1;0;0.00
100;CP;15812;1;1;0;0.00
100;CP;16062;1;1;0;0.00
100;CP;15881;1;1;0;0.00
100;CP;15787;1;1;0;0.00
100;CP;16121;1;1;0;0.00
100;CP;16113;1;1;0;0.00
100;CP;15991;1;1;0;0.00
100;CP;16093;1;1;0;0.00
100;CP;15775;1;1;0;0.00
100;CP;15881;1;1;0;0.00
100;CP;16085;1;1;0;0.00
100;CP;16164;1;1;0;0.00
100;CP;16163;1;1;0;0.00
100;CP;16098;1;1;0;0.00
100;CP;15976;1;1;0;0.00
100;CP;15834;1;1;0;0.00
100;CP;16078;1;1;0;0.00
100;CP;16191;1;1;0;0.00
100;CP;15992;1;1;0;0.00
100;CP;17305;1;1;0;0.00
100;CP;16881;1;1;0;0.00
100;CP;16894;1;1;0;0.00
100;CP;16839;1;1;0;0.00
100;CP;16842;1;1;0;0.00
100;CP;16775;1;1;0;0.00
100;CP;16772;1;1;0;0.00
100;CP;16792;1;1;0;0.00
100;CP;16787;1;1;0;0.00
100;CP;16821;1;1;0;0.00
100;CP;16833;1;1;0;0.00
100;CP;16841;1;1;0;0.00
100;CP;16740;1;1;0;0.00
100;CP;16724;1;1;0;0.00
100;CP;16815;1;1;0;0.00
100;CP;16742;1;1;0;0.00
100;CP;16832;1;1;0;0.00
100;CP;16812;1;1;0;0.00
100;CP;16838;1;1;0;0.00
100;CP;16925;1;1;0;0.00
100;SCP;18578;1;1;0;0.00
100;SCP;18122;1;1;0;0.00
100;SCP;18095;1;1;0;0.00
100;SCP;18094;1;1;0;0.00
100;SCP;18214;1;1;0;0.00
100;SCP;18214;1;1;0;0.00
100;SCP;17808;1;1;0;0.00
100;SCP;18113;1;1;0;0.00
100;SCP;17834;1;1;0;0.00
100;SCP;18104;1;1;0;0.00
100;SCP;18252;1;1;0;0.00
100;SCP;17893;1;1;0;0.00
100;SCP;18227;1;1;0;0.00
100;SCP;18211;1;1;0;0.00
100;SCP;18259;1;1;0;0.00
100;SCP;18114;1;1;0;0.00
100;SCP;18139;1;1;0;0.00
100;SCP;18065;1;1;0;0.00
100;SCP;18096;1;1;0;0.00
100;SCP;18243;1;1;0;0.00
100;SCP;12274;1;1;0;0.00
100;SCP;11896;1;1;0;0.00
100;SCP;11872;1;1;0;0.00
100;SCP;12026;1;1;0;0.00
100;SCP;12032;1;1;0;0.00
100;SCP;11871;1;1;0;0.00
100;SCP;12059;1;1;0;0.00
100;SCP;12068;1;1;0;0.00
100;SCP;12006;1;1;0;0.00
100;SCP;11841;1;1;0;0.00
100;SCP;12019;1;1;0;0.00
100;SCP;12116;1;1;0;0.00
100;SCP;11888;1;1;0;0.00
100;SCP;12065;1;1;0;0.00
100;SCP;12033;1;1;0;0.00
100;SCP;11877;1;1;0;0.00
100;SCP;12051;1;1;0;0.00
100;SCP;11944;1;1;0;0.00
100;SCP;12064;1;1;0;0.00
100;SCP;12052;1;1;0;0.00
100;SCP;17481;1;1;0;0.00
100;SCP;16539;1;1;0;0.00
100;SCP;16571;1;1;0;0.00
100;SCP;16611;1;1;0;0.00
100;SCP;16594;1;1;0;0.00
100;SCP;16622;1;1;0;0.00
100;SCP;16515;1;1;0;0.00
100;SCP;16195;1;1;0;0.00
100;SCP;16528;1;1;0;0.00
100;SCP;16503;1;1;0;0.00
100;SCP;16478;1;1;0;0.00
100;SCP;16491;1;1;0;0.00
100;SCP;16537;1;1;0;0.00
100;SCP;16482;1;1;0;0.00
100;SCP;16550;1;1;0;0.00
100;SCP;16476;1;1;0;0.00
100;SCP;16594;1;1;0;0.00
100;SCP;16510;1;1;0;0.00
100;SCP;16466;1;1;0;0.00
100;SCP;16558;1;1;0;0.00
100;KAB;1988;1;1;0;0.00
100;KAB;1962;1;1;0;0.00
100;KAB;1948;1;1;0;0.00
100;KAB;1954;1;1;0;0.00
100;KAB;1947;1;1;0;0.00
100;KAB;1955;1;1;0;0.00
100;KAB;1950;1;1;0;0.00
100;KAB;1952;1;1;0;0.00
100;KAB;1952;1;1;0;0.00
100;KAB;1955;1;1;0;0.00
100;KAB;1949;1;1;0;0.00
100;KAB;1953;1;1;0;0.00
100;KAB;1953;1;1;0;0.00
100;KAB;1954;1;1;0;0.00
100;KAB;1952;1;1;0;0.00
100;KAB;1956;1;1;0;0.00
100;KAB;1949;1;1;0;0.00
100;KAB;1954;1;1;0;0.00
100;KAB;1948;1;1;0;0.00
100;KAB;1954;1;1;0;0.00
100;KAB;2142;1;1;0;0.00
100;KAB;2094;1;1;0;0.00
100;KAB;2089;1;1;0;0.00
100;KAB;2104;1;1;0;0.00
100;KAB;2090;1;1;0;0.00
100;KAB;2095;1;1;0;0.00
100;KAB;2087;1;1;0;0.00
100;KAB;2108;1;1;0;0.00
100;KAB;2087;1;1;0;0.00
100;KAB;2092;1;1;0;0.00
100;KAB;2090;1;1;0;0.00
100;KAB;2111;1;1;0;0.00
100;KAB;2087;1;1;0;0.00
100;KAB;2096;1;1;0;0.00
100;KAB;2086;1;1;0;0.00
100;KAB;2090;1;1;0;0.00
100;KAB;2088;1;1;0;0.00
100;KAB;2092;1;1;0;0.00
100;KAB;2089;1;1;0;0.00
100;KAB;2102;1;1;0;0.00
100;KAB;1941;1;1;0;0.00
100;KAB;1879;1;1;0;0.00
100;KAB;1884;1;1;0;0.00
100;KAB;1882;1;1;0;0.00
100;KAB;1884;1;1;0;0.00
100;KAB;1874;1;1;0;0.00
100;KAB;1877;1;1;0;0.00
100;KAB;1881;1;1;0;0.00
100;KAB;1875;1;1;0;0.00
100;KAB;1883;1;1;0;0.00
100;KAB;1885;1;1;0;0.00
100;KAB;1878;1;1;0;0.00
100;KAB;1873;1;1;0;0.00
100;KAB;1881;1;1;0;0.00
100;KAB;1879;1;1;0;0.00
100;KAB;1877;1;1;0;0.00
100;KAB;1881;1;1;0;0.00
100;KAB;1881;1;1;0;0.00
100;KAB;1879;1;1;0;0.00
100;KAB;1881;1;1;0;0.00
100;BFDC;22;1;1;0;3.80
100;BFDC;21;1;1;0;3.80
100;BFDC;20;1;1;0;3.80
100;BFDC;20;1;1;0;3.80
100;BFDC;19;1;1;0;3.80
100;BFDC;19;1;1;0;3.80
100;BFDC;18;1;1;0;3.80
100;BFDC;18;1;1;0;3.80
100;BFDC;18;1;1;0;3.80
100;BFDC;18;1;1;0;3.80
100;BFDC;18;1;1;0;3.80
100;BFDC;17;1;1;0;3.80
100;BFDC;18;1;1;0;3.80
100;BFDC;17;1;1;0;3.80
100;BFDC;17;1;1;0;3.80
100;BFDC;17;1;1;0;3.80
100;BFDC;17;1;1;0;3.80
100;BFDC;17;1;1;0;3.80
100;BFDC;17;1;1;0;3.80
100;BFDC;17;1;1;0;3.80
100;BFDC;23;1;1;0;3.78
100;BFDC;22;1;1;0;3.78
100;BFDC;21;1;1;0;3.78
100;BFDC;20;1;1;0;3.78
100;BFDC;20;1;1;0;3.78
100;BFDC;19;1;1;0;3.78
100;BFDC;19;1;1;0;3.78
100;BFDC;19;1;1;0;3.78
100;BFDC;19;1;1;0;3.78
100;BFDC;18;1;1;0;3.78
100;BFDC;18;1;1;0;3.78
100;BFDC;18;1;1;0;3.78
100;BFDC;18;1;1;0;3.78
100;BFDC;18;1;1;0;3.78
100;BFDC;18;1;1;0;3.78
100;BFDC;18;1;1;0;3.78
100;BFDC;18;1;1;0;3.78
100;BFDC;18;1;1;0;3.78
100;BFDC;18;1;1;0;3.78
100;BFDC;18;1;1;0;3.78
100;BFDC;27;1;1;0;4.24
100;BFDC;25;1;1;0;4.24
100;BFDC;24;1;1;0;4.24
100;BFDC;23;1;1;0;4.24
100;BFDC;23;1;1;0;4.24
100;BFDC;23;1;1;0;4.24
100;BFDC;23;1;1;0;4.24
100;BFDC;22;1;1;0;4.24
100;BFDC;22;1;1;0;4.24
100;BFDC;22;1;1;0;4.24
100;BFDC;22;1;1;0;4.24
100;BFDC;21;1;1;0;4.24
100;BFDC;22;1;1;0;4.24
100;BFDC;22;1;1;0;4.24
100;BFDC;21;1;1;0;4.24
100;BFDC;21;1;1;0;4.24
100;BFDC;22;1;1;0;4.24
100;BFDC;22;1;1;0;4.24
100;BFDC;21;1;1;0;4.24
100;BFDC;21;1;1;0;4.24
100;CRA;307;1;1;0;19.04
100;CRA;290;1;1;0;19.04
100;CRA;288;1;1;0;19.04
100;CRA;286;1;1;0;19.04
100;CRA;287;1;1;0;19.04
100;CRA;286;1;1;0;19.04
100;CRA;286;1;1;0;19.04
100;CRA;285;1;1;0;19.04
100;CRA;286;1;1;0;19.04
100;CRA;290;1;1;0;19.04
100;CRA;285;1;1;0;19.04
100;CRA;287;1;1;0;19.04
100;CRA;284;1;1;0;19.04
100;CRA;284;1;1;0;19.04
100;CRA;285;1;1;0;19.04
100;CRA;286;1;1;0;19.04
100;CRA;285;1;1;0;19.04
100;CRA;284;1;1;0;19.04
100;CRA;286;1;1;0;19.04
100;CRA;286;1;1;0;19.04
100;CRA;151;1;1;0;10.59
100;CRA;141;1;1;0;10.59
100;CRA;141;1;1;0;10.59
100;CRA;133;1;1;0;10.59
100;CRA;134;1;1;0;10.59
100;CRA;132;1;1;0;10.59
100;CRA;132;1;1;0;10.59
100;CRA;131;1;1;0;10.59
100;CRA;131;1;1;0;10.59
100;CRA;130;1;1;0;10.59
100;CRA;129;1;1;0;10.59
100;CRA;129;1;1;0;10.59
100;CRA;128;1;1;0;10.59
100;CRA;127;1;1;0;10.59
100;CRA;129;1;1;0;10.59
100;CRA;128;1;1;0;10.59
100;CRA;128;1;1;0;10.59
100;CRA;128;1;1;0;10.59
100;CRA;129;1;1;0;10.59
100;CRA;127;1;1;0;10.59
100;CRA;117;1;1;0;8.94
100;CRA;107;1;1;0;8.94
100;CRA;104;1;1;0;8.94
100;CRA;101;1;1;0;8.94
100;CRA;99;1;1;0;8.94
100;CRA;98;1;1;0;8.94
100;CRA;98;1;1;0;8.94
100;CRA;96;1;1;0;8.94
100;CRA;95;1;1;0;8.94
100;CRA;96;1;1;0;8.94
100;CRA;95;1;1;0;8.94
100;CRA;94;1;1;0;8.94
100;CRA;93;1;1;0;8.94
100;CRA;92;1;1;0;8.94
100;CRA;93;1;1;0;8.94
100;CRA;92;1;1;0;8.94
100;CRA;91;1;1;0;8.94
100;CRA;91;1;1;0;8.94
100;CRA;92;1;1;0;8.94
100;CRA;92;1;1;0;8.94
800;ULT;1762140;1;1;0;3231.87
800;ULT;1768480;1;1;0;3231.87
800;ULT;1758500;1;1;0;3231.87
800;ULT;1755280;1;1;0;3231.87
800;ULT;1758216;1;1;0;3231.87
800;ULT;1758630;1;1;0;3231.87
800;ULT;1756593;1;1;0;3231.87
800;ULT;1759237;1;1;0;3231.87
800;ULT;1758900;1;1;0;3231.87
800;ULT;1755441;1;1;0;3231.87
800;ULT;1762288;1;1;0;3231.87
800;ULT;1755218;1;1;0;3231.87
800;ULT;1755928;1;1;0;3231.87
800;ULT;1756641;1;1;0;3231.87
800;ULT;1758858;1;1;0;3231.87
800;ULT;1757314;1;1;0;3231.87
800;ULT;1757981;1;1;0;3231.87
800;ULT;1756384;1;1;0;3231.87
800;ULT;1756870;1;1;0;3231.87
800;ULT;1755726;1;1;0;3231.87
800;ULT;2000000;0;0;1;3683.44
800;ULT;2000000;0;0;1;3688.69
800;ULT;2000000;0;0;1;3679.81
800;ULT;2000000;0;0;1;3684.02
800;ULT;2000000;0;0;1;3687.92
800;ULT;2000000;0;0;1;3686.34
800;ULT;2000000;0;0;1;3683.74
800;ULT;2000000;0;0;1;3686.40
800;ULT;2000000;0;0;1;3678.56
800;ULT;2000000;0;0;1;3686.38
800;ULT;2000000;0;0;1;3689.13
800;ULT;2000000;0;0;1;3689.90
800;ULT;2000000;0;0;1;3677.66
800;ULT;2000000;0;0;1;3683.43
800;ULT;2000000;0;0;1;3683.97
800;ULT;2000000;0;0;1;3685.57
800;ULT;2000000;0;0;1;3685.24
800;ULT;2000000;0;0;1;3684.70
800;ULT;2000000;0;0;1;3699.54
800;ULT;2000000;0;0;1;3698.88
800;ULT;1753617;1;1;0;3231.85
800;ULT;1757280;1;1;0;3231.85
800;ULT;1754564;1;1;0;3231.85
800;ULT;1757403;1;1;0;3231.85
800;ULT;1758715;1;1;0;3231.85
800;ULT;1755479;1;1;0;3231.85
800;ULT;1756499;1;1;0;3231.85
800;ULT;1756825;1;1;0;3231.85
800;ULT;1757070;1;1;0;3231.85
800;ULT;1755505;1;1;0;3231.85
800;ULT;1753985;1;1;0;3231.85
800;ULT;1756901;1;1;0;3231.85
800;ULT;1755908;1;1;0;3231.85
800;ULT;1754884;1;1;0;3231.85
800;ULT;1758866;1;1;0;3231.85
800;ULT;1757495;1;1;0;3231.85
800;ULT;1753796;1;1;0;3231.85
800;ULT;1756864;1;1;0;3231.85
800;ULT;1755380;1;1;0;3231.85
800;ULT;1757374;1;1;0;3231.85
800;RULT;1448;1;1;0;16.43
800;RULT;1446;1;1;0;16.43
800;RULT;1446;1;1;0;16.43
800;RULT;1441;1;1;0;16.43
800;RULT;1444;1;1;0;16.43
800;RULT;1442;1;1;0;16.43
800;RULT;1445;1;1;0;16.43
800;RULT;1440;1;1;0;16.43
800;RULT;1446;1;1;0;16.43
800;RULT;1443;1;1;0;16.43
800;RULT;1442;1;1;0;16.43
800;RULT;1444;1;1;0;16.43
800;RULT;1445;1;1;0;16.43
800;RULT;1447;1;1;0;16.43
800;RULT;1444;1;1;0;16.43
800;RULT;1445;1;1;0;16.43
800;RULT;1437;1;1;0;16.43
800;RULT;1442;1;1;0;16.43
800;RULT;1443;1;1;0;16.43
800;RULT;1443;1;1;0;16.43
800;RULT;1713;1;1;0;17.74
800;RULT;1716;1;1;0;17.74
800;RULT;1714;1;1;0;17.74
800;RULT;1719;1;1;0;17.74
800;RULT;1711;1;1;0;17.74
800;RULT;1716;1;1;0;17.74
800;RULT;1712;1;1;0;17.74
800;RULT;1719;1;1;0;17.74
800;RULT;1710;1;1;0;17.74
800;RULT;1718;1;1;0;17.74
800;RULT;1710;1;1;0;17.74
800;RULT;1719;1;1;0;17.74
800;RULT;1709;1;1;0;17.74
800;RULT;1715;1;1;0;17.74
800;RULT;1712;1;1;0;17.74
800;RULT;1720;1;1;0;17.74
800;RULT;1712;1;1;0;17.74
800;RULT;1719;1;1;0;17.74
800;RULT;1710;1;1;0;17.74
800;RULT;1714;1;1;0;17.74
800;RULT;1517;1;1;0;15.13
800;RULT;1513;1;1;0;15.13
800;RULT;1514;1;1;0;15.13
800;RULT;1521;1;1;0;15.13
800;RULT;1517;1;1;0;15.13
800;RULT;1520;1;1;0;15.13
800;RULT;1517;1;1;0;15.13
800;RULT;1522;1;1;0;15.13
800;RULT;1517;1;1;0;15.13
800;RULT;1524;1;1;0;15.13
800;RULT;1518;1;1;0;15.13
800;RULT;1519;1;1;0;15.13
800;RULT;1514;1;1;0;15.13
800;RULT;1514;1;1;0;15.13
800;RULT;1521;1;1;0;15.13
800;RULT;1513;1;1;0;15.13
800;RULT;1517;1;1;0;15.13
800;RULT;1517;1;1;0;15.13
800;RULT;1516;1;1;0;15.13
800;RULT;1519;1;1;0;15.13
800;ILP;35873;1;1;0;0.00
800;ILP;34949;1;1;0;0.00
800;ILP;34477;1;1;0;0.00
800;ILP;34700;1;1;0;0.00
800;ILP;34183;1;1;0;0.00
800;ILP;35146;1;1;0;0.00
800;ILP;35741;1;1;0;0.00
800;ILP;34478;1;1;0;0.00
800;ILP;34195;1;1;0;0.00
800;ILP;34901;1;1;0;0.00
800;ILP;35444;1;1;0;0.00
800;ILP;34644;1;1;0;0.00
800;ILP;34734;1;1;0;0.00
800;ILP;35003;1;1;0;0.00
800;ILP;34559;1;1;0;0.00
800;ILP;34191;1;1;0;0.00
800;ILP;34975;1;1;0;0.00
800;ILP;34826;1;1;0;0.00
800;ILP;34081;1;1;0;0.00
800;ILP;34465;1;1;0;0.00
800;ILP;34188;1;1;0;0.00
800;ILP;32975;1;1;0;0.00
800;ILP;32295;1;1;0;0.00
800;ILP;32157;1;1;0;0.00
800;ILP;32926;1;1;0;0.00
800;ILP;32301;1;1;0;0.00
800;ILP;33135;1;1;0;0.00
800;ILP;33403;1;1;0;0.00
800;ILP;33217;1;1;0;0.00
800;ILP;32269;1;1;0;0.00
800;ILP;33184;1;1;0;0.00
800;ILP;33015;1;1;0;0.00
800;ILP;33141;1;1;0;0.00
800;ILP;32951;1;1;0;0.00
800;ILP;33305;1;1;0;0.00
800;ILP;33341;1;1;0;0.00
800;ILP;32798;1;1;0;0.00
800;ILP;31858;1;1;0;0.00
800;ILP;33009;1;1;0;0.00
800;ILP;32876;1;1;0;0.00
800;ILP;36378;1;1;0;0.00
800;ILP;33599;1;1;0;0.00
800;ILP;33625;1;1;0;0.00
800;ILP;34623;1;1;0;0.00
800;ILP;33889;1;1;0;0.00
800;ILP;34127;1;1;0;0.00
800;ILP;33732;1;1;0;0.00
800;ILP;33817;1;1;0;0.00
800;ILP;34081;1;1;0;0.00
800;ILP;33628;1;1;0;0.00
800;ILP;33434;1;1;0;0.00
800;ILP;34191;1;1;0;0.00
800;ILP;34635;1;1;0;0.00
800;ILP;34097;1;1;0;0.00
800;ILP;33361;1;1;0;0.00
800;ILP;33656;1;1;0;0.00
800;ILP;34242;1;1;0;0.00
800;ILP;33918;1;1;0;0.00
800;ILP;34058;1;1;0;0.00
800;ILP;34007;1;1;0;0.00
800;CP;118443;1;1;0;0.00
800;CP;117037;1;1;0;0.00
800;CP;117419;1;1;0;0.00
800;CP;118169;1;1;0;0.00
800;CP;116022;1;1;0;0.00
800;CP;115841;1;1;0;0.00
800;CP;117741;1;1;0;0.00
800;CP;117790;1;1;0;0.00
800;CP;116326;1;1;0;0.00
800;CP;113903;1;1;0;0.00
800;CP;113253;1;1;0;0.00
800;CP;117401;1;1;0;0.00
800;CP;118385;1;1;0;0.00
800;CP;117729;1;1;0;0.00
800;CP;117851;1;1;0;0.00
800;CP;116171;1;1;0;0.00
800;CP;116277;1;1;0;0.00
800;CP;117345;1;1;0;0.00
800;CP;113094;1;1;0;0.00
800;CP;117369;1;1;0;0.00
800;CP;114031;1;1;0;0.00
800;CP;110575;1;1;0;0.00
800;CP;109855;1;1;0;0.00
800;CP;109424;1;1;0;0.00
800;CP;109537;1;1;0;0.00
800;CP;109053;1;1;0;0.00
800;CP;108968;1;1;0;0.00
800;CP;109568;1;1;0;0.00
800;CP;108810;1;1;0;0.00
800;CP;110291;1;1;0;0.00
800;CP;108763;1;1;0;0.00
800;CP;109607;1;1;0;0.00
800;CP;108585;1;1;0;0.00
800;CP;108879;1;1;0;0.00
800;CP;108843;1;1;0;0.00
800;CP;108496;1;1;0;0.00
800;CP;109608;1;1;0;0.00
800;CP;109676;1;1;0;0.00
800;CP;109120;1;1;0;0.00
800;CP;109615;1;1;0;0.00
800;CP;112915;1;1;0;0.00
800;CP;109476;1;1;0;0.00
800;CP;109553;1;1;0;0.00
800;CP;108985;1;1;0;0.00
800;CP;109584;1;1;0;0.00
800;CP;109977;1;1;0;0.00
800;CP;109268;1;1;0;0.00
800;CP;109308;1;1;0;0.00
800;CP;109394;1;1;0;0.00
800;CP;108744;1;1;0;0.00
800;CP;109350;1;1;0;0.00
800;CP;109828;1;1;0;0.00
800;CP;109647;1;1;0;0.00
800;CP;109385;1;1;0;0.00
800;CP;109778;1;1;0;0.00
800;CP;110131;1;1;0;0.00
800;CP;110660;1;1;0;0.00
800;CP;109602;1;1;0;0.00
800;CP;110635;1;1;0;0.00
800;CP;110120;1;1;0;0.00
800;SCP;90668;1;1;0;0.00
800;SCP;83833;1;1;0;0.00
800;SCP;82886;1;1;0;0.00
800;SCP;82610;1;1;0;0.00
800;SCP;82478;1;1;0;0.00
800;SCP;82544;1;1;0;0.00
800;SCP;82656;1;1;0;0.00
800;SCP;82784;1;1;0;0.00
800;SCP;82618;1;1;0;0.00
800;SCP;82613;1;1;0;0.00
800;SCP;82768;1;1;0;0.00
800;SCP;82628;1;1;0;0.00
800;SCP;84081;1;1;0;0.00
800;SCP;84599;1;1;0;0.00
800;SCP;83636;1;1;0;0.00
800;SCP;82567;1;1;0;0.00
800;SCP;83579;1;1;0;0.00
800;SCP;83923;1;1;0;0.00
800;SCP;83335;1;1;0;0.00
800;SCP;83964;1;1;0;0.00
800;SCP;133178;1;1;0;0.00
800;SCP;129400;1;1;0;0.00
800;SCP;133875;1;1;0;0.00
800;SCP;128686;1;1;0;0.00
800;SCP;128665;1;1;0;0.00
800;SCP;134567;1;1;0;0.00
800;SCP;134413;1;1;0;0.00
800;SCP;134296;1;1;0;0.00
800;SCP;134071;1;1;0;0.00
800;SCP;134515;1;1;0;0.00
800;SCP;134230;1;1;0;0.00
800;SCP;134778;1;1;0;0.00
800;SCP;134625;1;1;0;0.00
800;SCP;134251;1;1;0;0.00
800;SCP;134112;1;1;0;0.00
800;SCP;128925;1;1;0;0.00
800;SCP;134819;1;1;0;0.00
800;SCP;134730;1;1;0;0.00
800;SCP;134314;1;1;0;0.00
800;SCP;134452;1;1;0;0.00
800;SCP;53903;1;1;0;0.00
800;SCP;53291;1;1;0;0.00
800;SCP;53258;1;1;0;0.00
800;SCP;53187;1;1;0;0.00
800;SCP;53596;1;1;0;0.00
800;SCP;53560;1;1;0;0.00
800;SCP;53604;1;1;0;0.00
800;SCP;53335;1;1;0;0.00
800;SCP;52983;1;1;0;0.00
800;SCP;53256;1;1;0;0.00
800;SCP;53561;1;1;0;0.00
800;SCP;53277;1;1;0;0.00
800;SCP;53474;1;1;0;0.00
800;SCP;53998;1;1;0;0.00
800;SCP;53446;1;1;0;0.00
800;SCP;53467;1;1;0;0.00
800;SCP;53096;1;1;0;0.00
800;SCP;53824;1;1;0;0.00
800;SCP;53747;1;1;0;0.00
800;SCP;53136;1;1;0;0.00
800;KAB;294092;1;1;0;0.00
800;KAB;294054;1;1;0;0.00
800;KAB;294419;1;1;0;0.00
800;KAB;293054;1;1;0;0.00
800;KAB;292802;1;1;0;0.00
800;KAB;293375;1;1;0;0.00
800;KAB;293153;1;1;0;0.00
800;KAB;292859;1;1;0;0.00
800;KAB;293099;1;1;0;0.00
800;KAB;293805;1;1;0;0.00
800;KAB;294368;1;1;0;0.00
800;KAB;294641;1;1;0;0.00
800;KAB;294885;1;1;0;0.00
800;KAB;295001;1;1;0;0.00
800;KAB;294447;1;1;0;0.00
800;KAB;294400;1;1;0;0.00
800;KAB;294973;1;1;0;0.00
800;KAB;294616;1;1;0;0.00
800;KAB;295013;1;1;0;0.00
800;KAB;294427;1;1;0;0.00
800;KAB;266981;1;1;0;0.00
800;KAB;266934;1;1;0;0.00
800;KAB;267400;1;1;0;0.00
800;KAB;266559;1;1;0;0.00
800;KAB;266065;1;1;0;0.00
800;KAB;267429;1;1;0;0.00
800;KAB;267450;1;1;0;0.00
800;KAB;265823;1;1;0;0.00
800;KAB;265887;1;1;0;0.00
800;KAB;265932;1;1;0;0.00
800;KAB;265600;1;1;0;0.00
800;KAB;266343;1;1;0;0.00
800;KAB;266130;1;1;0;0.00
800;KAB;267461;1;1;0;0.00
800;KAB;266840;1;1;0;0.00
800;KAB;266009;1;1;0;0.00
800;KAB;266414;1;1;0;0.00
800;KAB;265873;1;1;0;0.00
800;KAB;266169;1;1;0;0.00
800;KAB;266162;1;1;0;0.00
800;KAB;232240;1;1;0;0.00
800;KAB;231641;1;1;0;0.00
800;KAB;232355;1;1;0;0.00
800;KAB;232592;1;1;0;0.00
800;KAB;232368;1;1;0;0.00
800;KAB;232154;1;1;0;0.00
800;KAB;232789;1;1;0;0.00
800;KAB;232980;1;1;0;0.00
800;KAB;233060;1;1;0;0.00
800;KAB;232968;1;1;0;0.00
800;KAB;232964;1;1;0;0.00
800;KAB;233197;1;1;0;0.00
800;KAB;233332;1;1;0;0.00
800;KAB;232713;1;1;0;0.00
800;KAB;232947;1;1;0;0.00
800;KAB;232970;1;1;0;0.00
800;KAB;232938;1;1;0;0.00
800;KAB;233194;1;1;0;0.00
800;KAB;233053;1;1;0;0.00
800;KAB;232634;1;1;0;0.00
800;BFDC;394;1;1;0;6.93
800;BFDC;392;1;1;0;6.93
800;BFDC;405;1;1;0;6.93
800;BFDC;400;1;1;0;6.93
800;BFDC;402;1;1;0;6.93
800;BFDC;392;1;1;0;6.93
800;BFDC;392;1;1;0;6.93
800;BFDC;393;1;1;0;6.93
800;BFDC;390;1;1;0;6.93
800;BFDC;390;1;1;0;6.93
800;BFDC;389;1;1;0;6.93
800;BFDC;391;1;1;0;6.93
800;BFDC;391;1;1;0;6.93
800;BFDC;390;1;1;0;6.93
800;BFDC;390;1;1;0;6.93
800;BFDC;390;1;1;0;6.93
800;BFDC;390;1;1;0;6.93
800;BFDC;390;1;1;0;6.93
800;BFDC;390;1;1;0;6.93
800;BFDC;402;1;1;0;6.93
800;BFDC;331;1;1;0;5.93
800;BFDC;329;1;1;0;5.93
800;BFDC;330;1;1;0;5.93
800;BFDC;329;1;1;0;5.93
800;BFDC;330;1;1;0;5.93
800;BFDC;332;1;1;0;5.93
800;BFDC;332;1;1;0;5.93
800;BFDC;329;1;1;0;5.93
800;BFDC;329;1;1;0;5.93
800;BFDC;337;1;1;0;5.93
800;BFDC;329;1;1;0;5.93
800;BFDC;329;1;1;0;5.93
800;BFDC;331;1;1;0;5.93
800;BFDC;329;1;1;0;5.93
800;BFDC;329;1;1;0;5.93
800;BFDC;329;1;1;0;5.93
800;BFDC;329;1;1;0;5.93
800;BFDC;328;1;1;0;5.93
800;BFDC;329;1;1;0;5.93
800;BFDC;335;1;1;0;5.93
800;BFDC;311;1;1;0;5.60
800;BFDC;308;1;1;0;5.60
800;BFDC;309;1;1;0;5.60
800;BFDC;308;1;1;0;5.60
800;BFDC;308;1;1;0;5.60
800;BFDC;308;1;1;0;5.60
800;BFDC;307;1;1;0;5.60
800;BFDC;315;1;1;0;5.60
800;BFDC;308;1;1;0;5.60
800;BFDC;308;1;1;0;5.60
800;BFDC;308;1;1;0;5.60
800;BFDC;307;1;1;0;5.60
800;BFDC;308;1;1;0;5.60
800;BFDC;307;1;1;0;5.60
800;BFDC;308;1;1;0;5.60
800;BFDC;308;1;1;0;5.60
800;BFDC;308;1;1;0;5.60
800;BFDC;308;1;1;0;5.60
800;BFDC;313;1;1;0;5.60
800;BFDC;308;1;1;0;5.60
800;CRA;672;1;1;0;9.00
800;CRA;664;1;1;0;9.00
800;CRA;663;1;1;0;9.00
800;CRA;664;1;1;0;9.00
800;CRA;671;1;1;0;9.00
800;CRA;663;1;1;0;9.00
800;CRA;664;1;1;0;9.00
800;CRA;663;1;1;0;9.00
800;CRA;661;1;1;0;9.00
800;CRA;665;1;1;0;9.00
800;CRA;669;1;1;0;9.00
800;CRA;666;1;1;0;9.00
800;CRA;663;1;1;0;9.00
800;CRA;665;1;1;0;9.00
800;CRA;661;1;1;0;9.00
800;CRA;668;1;1;0;9.00
800;CRA;664;1;1;0;9.00
800;CRA;661;1;1;0;9.00
800;CRA;663;1;1;0;9.00
800;CRA;662;1;1;0;9.00
800;CRA;1571;1;1;0;12.84
800;CRA;1552;1;1;0;12.84
800;CRA;1553;1;1;0;12.84
800;CRA;1556;1;1;0;12.84
800;CRA;1560;1;1;0;12.84
800;CRA;1553;1;1;0;12.84
800;CRA;1556;1;1;0;12.84
800;CRA;1557;1;1;0;12.84
800;CRA;1552;1;1;0;12.84
800;CRA;1556;1;1;0;12.84
800;CRA;1551;1;1;0;12.84
800;CRA;1552;1;1;0;12.84
800;CRA;1554;1;1;0;12.84
800;CRA;1551;1;1;0;12.84
800;CRA;1558;1;1;0;12.84
800;CRA;1558;1;1;0;12.84
800;CRA;1555;1;1;0;12.84
800;CRA;1553;1;1;0;12.84
800;CRA;1556;1;1;0;12.84
800;CRA;1890;1;1;0;12.84
800;CRA;2079;1;1;0;14.88
800;CRA;2060;1;1;0;14.88
800;CRA;2055;1;1;0;14.88
800;CRA;2064;1;1;0;14.88
800;CRA;2056;1;1;0;14.88
800;CRA;2060;1;1;0;14.88
800;CRA;2063;1;1;0;14.88
800;CRA;2054;1;1;0;14.88
800;CRA;2067;1;1;0;14.88
800;CRA;2054;1;1;0;14.88
800;CRA;2060;1;1;0;14.88
800;CRA;2055;1;1;0;14.88
800;CRA;2062;1;1;0;14.88
800;CRA;2056;1;1;0;14.88
800;CRA;2060;1;1;0;14.88
800;CRA;2058;1;1;0;14.88
800;CRA;2065;1;1;0;14.88
800;CRA;2062;1;1;0;14.88
800;CRA;2055;1;1;0;14.88
800;CRA;2053;1;1;0;14.88
12800;RULT;42376;1;1;0;19.66
12800;RULT;40321;1;1;0;19.66
12800;RULT;40357;1;1;0;19.66
12800;RULT;40332;1;1;0;19.66
12800;RULT;40284;1;1;0;19.66
12800;RULT;40248;1;1;0;19.66
12800;RULT;40249;1;1;0;19.66
12800;RULT;40234;1;1;0;19.66
12800;RULT;40271;1;1;0;19.66
12800;RULT;40231;1;1;0;19.66
12800;RULT;40213;1;1;0;19.66
12800;RULT;40244;1;1;0;19.66
12800;RULT;40240;1;1;0;19.66
12800;RULT;40198;1;1;0;19.66
12800;RULT;40232;1;1;0;19.66
12800;RULT;40188;1;1;0;19.66
12800;RULT;40217;1;1;0;19.66
12800;RULT;40193;1;1;0;19.66
12800;RULT;40204;1;1;0;19.66
12800;RULT;40169;1;1;0;19.66
12800;RULT;46907;1;1;0;18.45
12800;RULT;44864;1;1;0;18.45
12800;RULT;45628;1;1;0;18.45
12800;RULT;42193;1;1;0;18.45
12800;RULT;36202;1;1;0;18.45
12800;RULT;36001;1;1;0;18.45
12800;RULT;35956;1;1;0;18.45
12800;RULT;35921;1;1;0;18.45
12800;RULT;38446;1;1;0;18.45
12800;RULT;47990;1;1;0;18.45
12800;RULT;38033;1;1;0;18.45
12800;RULT;36763;1;1;0;18.45
12800;RULT;36816;1;1;0;18.45
12800;RULT;36701;1;1;0;18.45
12800;RULT;38320;1;1;0;18.45
12800;RULT;44520;1;1;0;18.45
12800;RULT;45895;1;1;0;18.45
12800;RULT;45440;1;1;0;18.45
12800;RULT;43452;1;1;0;18.45
12800;RULT;44590;1;1;0;18.45
12800;RULT;38842;1;1;0;17.64
12800;RULT;37063;1;1;0;17.64
12800;RULT;36971;1;1;0;17.64
12800;RULT;36992;1;1;0;17.64
12800;RULT;37010;1;1;0;17.64
12800;RULT;44512;1;1;0;17.64
12800;RULT;37020;1;1;0;17.64
12800;RULT;36964;1;1;0;17.64
12800;RULT;36989;1;1;0;17.64
12800;RULT;36979;1;1;0;17.64
12800;RULT;36966;1;1;0;17.64
12800;RULT;36927;1;1;0;17.64
12800;RULT;36946;1;1;0;17.64
12800;RULT;37117;1;1;0;17.64
12800;RULT;36911;1;1;0;17.64
12800;RULT;48769;1;1;0;17.64
12800;RULT;36999;1;1;0;17.64
12800;RULT;36984;1;1;0;17.64
12800;RULT;36975;1;1;0;17.64
12800;RULT;36963;1;1;0;17.64
12800;ILP;744586;1;1;0;0.00
12800;ILP;741879;1;1;0;0.00
12800;ILP;741683;1;1;0;0.00
12800;ILP;739771;1;1;0;0.00
12800;ILP;741282;1;1;0;0.00
12800;ILP;751829;1;1;0;0.00
12800;ILP;740632;1;1;0;0.00
12800;ILP;736846;1;1;0;0.00
12800;ILP;732233;1;1;0;0.00
12800;ILP;731747;1;1;0;0.00
12800;ILP;725111;1;1;0;0.00
12800;ILP;727826;1;1;0;0.00
12800;ILP;722992;1;1;0;0.00
12800;ILP;756741;1;1;0;0.00
12800;ILP;787113;1;1;0;0.00
12800;ILP;799597;1;1;0;0.00
12800;ILP;762828;1;1;0;0.00
12800;ILP;758949;1;1;0;0.00
12800;ILP;738863;1;1;0;0.00
12800;ILP;734781;1;1;0;0.00
12800;ILP;740399;1;1;0;0.00
12800;ILP;740655;1;1;0;0.00
12800;ILP;756419;1;1;0;0.00
12800;ILP;733321;1;1;0;0.00
12800;ILP;763436;1;1;0;0.00
12800;ILP;745990;1;1;0;0.00
12800;ILP;766668;1;1;0;0.00
12800;ILP;727660;1;1;0;0.00
12800;ILP;710650;1;1;0;0.00
12800;ILP;729979;1;1;0;0.00
12800;ILP;719117;1;1;0;0.00
12800;ILP;727460;1;1;0;0.00
12800;ILP;713499;1;1;0;0.00
12800;ILP;706441;1;1;0;0.00
12800;ILP;728131;1;1;0;0.00
12800;ILP;717850;1;1;0;0.00
12800;ILP;721838;1;1;0;0.00
12800;ILP;712334;1;1;0;0.00
12800;ILP;733727;1;1;0;0.00
12800;ILP;706050;1;1;0;0.00
12800;ILP;777550;1;1;0;0.00
12800;ILP;774418;1;1;0;0.00
12800;ILP;767908;1;1;0;0.00
12800;ILP;766030;1;1;0;0.00
12800;ILP;766323;1;1;0;0.00
12800;ILP;778072;1;1;0;0.00
12800;ILP;774716;1;1;0;0.00
12800;ILP;767008;1;1;0;0.00
12800;ILP;765566;1;1;0;0.00
12800;ILP;766769;1;1;0;0.00
12800;ILP;778602;1;1;0;0.00
12800;ILP;774273;1;1;0;0.00
12800;ILP;773876;1;1;0;0.00
12800;ILP;771398;1;1;0;0.00
12800;ILP;764599;1;1;0;0.00
12800;ILP;767219;1;1;0;0.00
12800;ILP;760003;1;1;0;0.00
12800;ILP;759273;1;1;0;0.00
12800;ILP;769831;1;1;0;0.00
12800;ILP;770737;1;1;0;0.00
12800;BFDC;8395;1;1;0;6.74
12800;BFDC;8407;1;1;0;6.74
12800;BFDC;8406;1;1;0;6.74
12800;BFDC;8381;1;1;0;6.74
12800;BFDC;8384;1;1;0;6.74
12800;BFDC;8440;1;1;0;6.74
12800;BFDC;8432;1;1;0;6.74
12800;BFDC;8401;1;1;0;6.74
12800;BFDC;8389;1;1;0;6.74
12800;BFDC;8375;1;1;0;6.74
12800;BFDC;8472;1;1;0;6.74
12800;BFDC;8446;1;1;0;6.74
12800;BFDC;8423;1;1;0;6.74
12800;BFDC;8408;1;1;0;6.74
12800;BFDC;8454;1;1;0;6.74
12800;BFDC;8458;1;1;0;6.74
12800;BFDC;8406;1;1;0;6.74
12800;BFDC;8396;1;1;0;6.74
12800;BFDC;8461;1;1;0;6.74
12800;BFDC;8431;1;1;0;6.74
12800;BFDC;8026;1;1;0;6.47
12800;BFDC;8010;1;1;0;6.47
12800;BFDC;8030;1;1;0;6.47
12800;BFDC;8054;1;1;0;6.47
12800;BFDC;8060;1;1;0;6.47
12800;BFDC;8048;1;1;0;6.47
12800;BFDC;8031;1;1;0;6.47
12800;BFDC;8070;1;1;0;6.47
12800;BFDC;8026;1;1;0;6.47
12800;BFDC;8023;1;1;0;6.47
12800;BFDC;8040;1;1;0;6.47
12800;BFDC;8021;1;1;0;6.47
12800;BFDC;8011;1;1;0;6.47
12800;BFDC;8011;1;1;0;6.47
12800;BFDC;8032;1;1;0;6.47
12800;BFDC;8022;1;1;0;6.47
12800;BFDC;8009;1;1;0;6.47
12800;BFDC;8022;1;1;0;6.47
12800;BFDC;8026;1;1;0;6.47
12800;BFDC;8013;1;1;0;6.47
12800;BFDC;8149;1;1;0;6.52
12800;BFDC;8141;1;1;0;6.52
12800;BFDC;8176;1;1;0;6.52
12800;BFDC;8139;1;1;0;6.52
12800;BFDC;8146;1;1;0;6.52
12800;BFDC;8199;1;1;0;6.52
12800;BFDC;8178;1;1;0;6.52
12800;BFDC;8136;1;1;0;6.52
12800;BFDC;8146;1;1;0;6.52
12800;BFDC;8184;1;1;0;6.52
12800;BFDC;8133;1;1;0;6.52
12800;BFDC;8198;1;1;0;6.52
12800;BFDC;8139;1;1;0;6.52
12800;BFDC;8147;1;1;0;6.52
12800;BFDC;8190;1;1;0;6.52
12800;BFDC;8195;1;1;0;6.52
12800;BFDC;8141;1;1;0;6.52
12800;BFDC;8145;1;1;0;6.52
12800;BFDC;8193;1;1;0;6.52
12800;BFDC;8134;1;1;0;6.52
12800;CRA;289985;1;1;0;72.40
12800;CRA;286321;1;1;0;72.40
12800;CRA;281860;1;1;0;72.40
12800;CRA;287083;1;1;0;72.40
12800;CRA;282069;1;1;0;72.40
12800;CRA;292022;1;1;0;72.40
12800;CRA;279490;1;1;0;72.40
12800;CRA;284955;1;1;0;72.40
12800;CRA;286749;1;1;0;72.40
12800;CRA;281822;1;1;0;72.40
12800;CRA;281860;1;1;0;72.40
12800;CRA;283669;1;1;0;72.40
12800;CRA;287364;1;1;0;72.40
12800;CRA;290045;1;1;0;72.40
12800;CRA;275980;1;1;0;72.40
12800;CRA;295116;1;1;0;72.40
12800;CRA;279249;1;1;0;72.40
12800;CRA;275399;1;1;0;72.40
12800;CRA;290052;1;1;0;72.40
12800;CRA;284526;1;1;0;72.40
12800;CRA;240742;1;1;0;64.25
12800;CRA;262309;1;1;0;64.25
12800;CRA;247653;1;1;0;64.25
12800;CRA;239660;1;1;0;64.25
12800;CRA;239112;1;1;0;64.25
12800;CRA;239183;1;1;0;64.25
12800;CRA;239215;1;1;0;64.25
12800;CRA;239202;1;1;0;64.25
12800;CRA;239182;1;1;0;64.25
12800;CRA;239221;1;1;0;64.25
12800;CRA;265327;1;1;0;64.25
12800;CRA;239561;1;1;0;64.25
12800;CRA;239117;1;1;0;64.25
12800;CRA;239172;1;1;0;64.25
12800;CRA;239201;1;1;0;64.25
12800;CRA;239174;1;1;0;64.25
12800;CRA;239216;1;1;0;64.25
12800;CRA;239221;1;1;0;64.25
12800;CRA;250027;1;1;0;64.25
12800;CRA;265694;1;1;0;64.25
12800;CRA;173248;1;1;0;47.40
12800;CRA;171903;1;1;0;47.40
12800;CRA;171939;1;1;0;47.40
12800;CRA;173185;1;1;0;47.40
12800;CRA;172016;1;1;0;47.40
12800;CRA;171895;1;1;0;47.40
12800;CRA;171928;1;1;0;47.40
12800;CRA;171762;1;1;0;47.40
12800;CRA;171832;1;1;0;47.40
12800;CRA;172996;1;1;0;47.40
12800;CRA;172019;1;1;0;47.40
12800;CRA;171897;1;1;0;47.40
12800;CRA;171908;1;1;0;47.40
12800;CRA;171799;1;1;0;47.40
12800;CRA;171922;1;1;0;47.40
12800;CRA;172862;1;1;0;47.40
12800;CRA;171930;1;1;0;47.40
12800;CRA;171832;1;1;0;47.40
12800;CRA;171902;1;1;0;47.40
12800;CRA;171823;1;1;0;47.40
6400;RULT;20468;1;1;0;18.95
6400;RULT;19555;1;1;0;18.95
6400;RULT;19398;1;1;0;18.95
6400;RULT;19365;1;1;0;18.95
6400;RULT;19393;1;1;0;18.95
6400;RULT;19320;1;1;0;18.95
6400;RULT;19293;1;1;0;18.95
6400;RULT;19342;1;1;0;18.95
6400;RULT;19339;1;1;0;18.95
6400;RULT;19388;1;1;0;18.95
6400;RULT;19303;1;1;0;18.95
6400;RULT;19325;1;1;0;18.95
6400;RULT;19300;1;1;0;18.95
6400;RULT;19330;1;1;0;18.95
6400;RULT;19341;1;1;0;18.95
6400;RULT;19358;1;1;0;18.95
6400;RULT;24685;1;1;0;18.95
6400;RULT;19982;1;1;0;18.95
6400;RULT;22020;1;1;0;18.95
6400;RULT;22020;1;1;0;18.95
6400;RULT;19033;1;1;0;17.61
6400;RULT;18010;1;1;0;17.61
6400;RULT;18975;1;1;0;17.61
6400;RULT;17330;1;1;0;17.61
6400;RULT;17212;1;1;0;17.61
6400;RULT;17309;1;1;0;17.61
6400;RULT;19553;1;1;0;17.61
6400;RULT;18424;1;1;0;17.61
6400;RULT;18335;1;1;0;17.61
6400;RULT;20729;1;1;0;17.61
6400;RULT;24627;1;1;0;17.61
6400;RULT;15782;1;1;0;17.61
6400;RULT;15762;1;1;0;17.61
6400;RULT;15775;1;1;0;17.61
6400;RULT;19592;1;1;0;17.61
6400;RULT;17118;1;1;0;17.61
6400;RULT;17372;1;1;0;17.61
6400;RULT;17402;1;1;0;17.61
6400;RULT;17300;1;1;0;17.61
6400;RULT;15889;1;1;0;17.61
6400;RULT;15042;1;1;0;16.84
6400;RULT;14804;1;1;0;16.84
6400;RULT;14801;1;1;0;16.84
6400;RULT;14809;1;1;0;16.84
6400;RULT;14800;1;1;0;16.84
6400;RULT;14806;1;1;0;16.84
6400;RULT;14794;1;1;0;16.84
6400;RULT;14819;1;1;0;16.84
6400;RULT;14796;1;1;0;16.84
6400;RULT;14828;1;1;0;16.84
6400;RULT;14798;1;1;0;16.84
6400;RULT;14798;1;1;0;16.84
6400;RULT;14805;1;1;0;16.84
6400;RULT;14807;1;1;0;16.84
6400;RULT;14805;1;1;0;16.84
6400;RULT;14803;1;1;0;16.84
6400;RULT;14807;1;1;0;16.84
6400;RULT;14805;1;1;0;16.84
6400;RULT;14802;1;1;0;16.84
6400;RULT;14795;1;1;0;16.84
6400;ILP;329766;1;1;0;0.00
6400;ILP;322489;1;1;0;0.00
6400;ILP;320000;1;1;0;0.00
6400;ILP;326563;1;1;0;0.00
6400;ILP;330421;1;1;0;0.00
6400;ILP;321799;1;1;0;0.00
6400;ILP;325885;1;1;0;0.00
6400;ILP;320385;1;1;0;0.00
6400;ILP;350044;1;1;0;0.00
6400;ILP;356089;1;1;0;0.00
6400;ILP;356265;1;1;0;0.00
6400;ILP;347676;1;1;0;0.00
6400;ILP;352454;1;1;0;0.00
6400;ILP;329196;1;1;0;0.00
6400;ILP;325929;1;1;0;0.00
6400;ILP;318901;1;1;0;0.00
6400;ILP;327718;1;1;0;0.00
6400;ILP;318986;1;1;0;0.00
6400;ILP;319912;1;1;0;0.00
6400;ILP;327521;1;1;0;0.00
6400;ILP;348223;1;1;0;0.00
6400;ILP;332339;1;1;0;0.00
6400;ILP;344968;1;1;0;0.00
6400;ILP;325393;1;1;0;0.00
6400;ILP;349213;1;1;0;0.00
6400;ILP;341005;1;1;0;0.00
6400;ILP;341959;1;1;0;0.00
6400;ILP;338637;1;1;0;0.00
6400;ILP;342356;1;1;0;0.00
6400;ILP;324977;1;1;0;0.00
6400;ILP;334999;1;1;0;0.00
6400;ILP;339092;1;1;0;0.00
6400;ILP;331190;1;1;0;0.00
6400;ILP;331842;1;1;0;0.00
6400;ILP;343738;1;1;0;0.00
6400;ILP;333584;1;1;0;0.00
6400;ILP;328505;1;1;0;0.00
6400;ILP;342223;1;1;0;0.00
6400;ILP;333704;1;1;0;0.00
6400;ILP;323896;1;1;0;0.00
6400;ILP;310153;1;1;0;0.00
6400;ILP;308671;1;1;0;0.00
6400;ILP;315495;1;1;0;0.00
6400;ILP;311199;1;1;0;0.00
6400;ILP;310333;1;1;0;0.00
6400;ILP;314635;1;1;0;0.00
6400;ILP;310494;1;1;0;0.00
6400;ILP;313389;1;1;0;0.00
6400;ILP;310718;1;1;0;0.00
6400;ILP;310073;1;1;0;0.00
6400;ILP;309413;1;1;0;0.00
6400;ILP;311801;1;1;0;0.00
6400;ILP;313235;1;1;0;0.00
6400;ILP;311145;1;1;0;0.00
6400;ILP;308516;1;1;0;0.00
6400;ILP;309747;1;1;0;0.00
6400;ILP;309875;1;1;0;0.00
6400;ILP;311143;1;1;0;0.00
6400;ILP;312759;1;1;0;0.00
6400;ILP;311106;1;1;0;0.00
6400;CP;1595713;1;1;0;0.00
6400;CP;1594066;1;1;0;0.00
6400;CP;1456278;1;1;0;0.00
6400;CP;1492985;1;1;0;0.00
6400;CP;1660794;1;1;0;0.00
6400;CP;1483081;1;1;0;0.00
6400;CP;1455784;1;1;0;0.00
6400;CP;1607050;1;1;0;0.00
6400;CP;1581058;1;1;0;0.00
6400;CP;1461424;1;1;0;0.00
6400;CP;1505612;1;1;0;0.00
6400;CP;1648395;1;1;0;0.00
6400;CP;1477678;1;1;0;0.00
6400;CP;1449990;1;1;0;0.00
6400;CP;1629340;1;1;0;0.00
6400;CP;1572067;1;1;0;0.00
6400;CP;1460191;1;1;0;0.00
6400;CP;1491079;1;1;0;0.00
6400;CP;1613680;1;1;0;0.00
6400;CP;1606652;1;1;0;0.00
6400;CP;1761433;1;1;0;0.00
6400;CP;1781139;1;1;0;0.00
6400;CP;1777039;1;1;0;0.00
6400;CP;1767627;1;1;0;0.00
6400;CP;1760873;1;1;0;0.00
6400;CP;1648369;1;1;0;0.00
6400;CP;1636178;1;1;0;0.00
6400;CP;1634017;1;1;0;0.00
6400;CP;1625022;1;1;0;0.00
6400;CP;1617267;1;1;0;0.00
6400;CP;1627885;1;1;0;0.00
6400;CP;1623162;1;1;0;0.00
6400;CP;1625004;1;1;0;0.00
6400;CP;1633595;1;1;0;0.00
6400;CP;1626417;1;1;0;0.00
6400;CP;1618565;1;1;0;0.00
6400;CP;1629466;1;1;0;0.00
6400;CP;1619487;1;1;0;0.00
6400;CP;1624907;1;1;0;0.00
6400;CP;1634337;1;1;0;0.00
6400;CP;1457020;1;1;0;0.00
6400;CP;1451536;1;1;0;0.00
6400;CP;1453143;1;1;0;0.00
6400;CP;1450784;1;1;0;0.00
6400;CP;1453813;1;1;0;0.00
6400;CP;1458970;1;1;0;0.00
6400;CP;1449110;1;1;0;0.00
6400;CP;1453263;1;1;0;0.00
6400;CP;1454246;1;1;0;0.00
6400;CP;1453711;1;1;0;0.00
6400;CP;1448989;1;1;0;0.00
6400;CP;1451000;1;1;0;0.00
6400;CP;1454909;1;1;0;0.00
6400;CP;1464834;1;1;0;0.00
6400;CP;1451340;1;1;0;0.00
6400;CP;1452558;1;1;0;0.00
6400;CP;1455036;1;1;0;0.00
6400;CP;1449970;1;1;0;0.00
6400;CP;1451463;1;1;0;0.00
6400;CP;1453177;1;1;0;0.00
6400;SCP;729359;1;1;0;0.00
6400;SCP;710688;1;1;0;0.00
6400;SCP;719499;1;1;0;0.00
6400;SCP;714846;1;1;0;0.00
6400;SCP;727719;1;1;0;0.00
6400;SCP;719325;1;1;0;0.00
6400;SCP;716713;1;1;0;0.00
6400;SCP;716554;1;1;0;0.00
6400;SCP;714490;1;1;0;0.00
6400;SCP;723839;1;1;0;0.00
6400;SCP;738534;1;1;0;0.00
6400;SCP;734445;1;1;0;0.00
6400;SCP;727332;1;1;0;0.00
6400;SCP;711745;1;1;0;0.00
6400;SCP;711904;1;1;0;0.00
6400;SCP;740362;1;1;0;0.00
6400;SCP;739713;1;1;0;0.00
6400;SCP;742191;1;1;0;0.00
6400;SCP;715030;1;1;0;0.00
6400;SCP;721192;1;1;0;0.00
6400;SCP;959392;1;1;0;0.00
6400;SCP;962985;1;1;0;0.00
6400;SCP;964894;1;1;0;0.00
6400;SCP;953974;1;1;0;0.00
6400;SCP;965773;1;1;0;0.00
6400;SCP;956760;1;1;0;0.00
6400;SCP;966880;1;1;0;0.00
6400;SCP;954910;1;1;0;0.00
6400;SCP;964109;1;1;0;0.00
6400;SCP;966732;1;1;0;0.00
6400;SCP;958363;1;1;0;0.00
6400;SCP;963229;1;1;0;0.00
6400;SCP;955124;1;1;0;0.00
6400;SCP;967793;1;1;0;0.00
6400;SCP;956637;1;1;0;0.00
6400;SCP;991716;1;1;0;0.00
6400;SCP;955488;1;1;0;0.00
6400;SCP;972519;1;1;0;0.00
6400;SCP;962710;1;1;0;0.00
6400;SCP;960298;1;1;0;0.00
6400;SCP;958939;1;1;0;0.00
6400;SCP;990918;1;1;0;0.00
6400;SCP;1007460;1;1;0;0.00
6400;SCP;1005562;1;1;0;0.00
6400;SCP;983058;1;1;0;0.00
6400;SCP;981668;1;1;0;0.00
6400;SCP;976666;1;1;0;0.00
6400;SCP;978809;1;1;0;0.00
6400;SCP;977654;1;1;0;0.00
6400;SCP;979330;1;1;0;0.00
6400;SCP;976493;1;1;0;0.00
6400;SCP;971759;1;1;0;0.00
6400;SCP;974646;1;1;0;0.00
6400;SCP;974649;1;1;0;0.00
6400;SCP;981947;1;1;0;0.00
6400;SCP;968406;1;1;0;0.00
6400;SCP;964090;1;1;0;0.00
6400;SCP;962807;1;1;0;0.00
6400;SCP;970976;1;1;0;0.00
6400;SCP;1046870;1;1;0;0.00
6400;BFDC;4169;1;1;0;7.31
6400;BFDC;4245;1;1;0;7.31
6400;BFDC;4169;1;1;0;7.31
6400;BFDC;4205;1;1;0;7.31
6400;BFDC;4213;1;1;0;7.31
6400;BFDC;4169;1;1;0;7.31
6400;BFDC;4166;1;1;0;7.31
6400;BFDC;4196;1;1;0;7.31
6400;BFDC;4183;1;1;0;7.31
6400;BFDC;4163;1;1;0;7.31
6400;BFDC;4171;1;1;0;7.31
6400;BFDC;4190;1;1;0;7.31
6400;BFDC;4193;1;1;0;7.31
6400;BFDC;4167;1;1;0;7.31
6400;BFDC;4170;1;1;0;7.31
6400;BFDC;4187;1;1;0;7.31
6400;BFDC;4184;1;1;0;7.31
6400;BFDC;4174;1;1;0;7.31
6400;BFDC;4172;1;1;0;7.31
6400;BFDC;4171;1;1;0;7.31
6400;BFDC;3610;1;1;0;6.37
6400;BFDC;3611;1;1;0;6.37
6400;BFDC;3614;1;1;0;6.37
6400;BFDC;3614;1;1;0;6.37
6400;BFDC;3617;1;1;0;6.37
6400;BFDC;3628;1;1;0;6.37
6400;BFDC;3613;1;1;0;6.37
6400;BFDC;3609;1;1;0;6.37
6400;BFDC;3613;1;1;0;6.37
6400;BFDC;3626;1;1;0;6.37
6400;BFDC;3615;1;1;0;6.37
6400;BFDC;3617;1;1;0;6.37
6400;BFDC;3615;1;1;0;6.37
6400;BFDC;3649;1;1;0;6.37
6400;BFDC;3669;1;1;0;6.37
6400;BFDC;3666;1;1;0;6.37
6400;BFDC;3631;1;1;0;6.37
6400;BFDC;3626;1;1;0;6.37
6400;BFDC;3619;1;1;0;6.37
6400;BFDC;3615;1;1;0;6.37
6400;BFDC;3599;1;1;0;6.28
6400;BFDC;3587;1;1;0;6.28
6400;BFDC;3591;1;1;0;6.28
6400;BFDC;3590;1;1;0;6.28
6400;BFDC;3604;1;1;0;6.28
6400;BFDC;3592;1;1;0;6.28
6400;BFDC;3595;1;1;0;6.28
6400;BFDC;3604;1;1;0;6.28
6400;BFDC;3596;1;1;0;6.28
6400;BFDC;3589;1;1;0;6.28
6400;BFDC;3597;1;1;0;6.28
6400;BFDC;3590;1;1;0;6.28
6400;BFDC;3588;1;1;0;6.28
6400;BFDC;3584;1;1;0;6.28
6400;BFDC;3638;1;1;0;6.28
6400;BFDC;3596;1;1;0;6.28
6400;BFDC;3599;1;1;0;6.28
6400;BFDC;3594;1;1;0;6.28
6400;BFDC;3606;1;1;0;6.28
6400;BFDC;3588;1;1;0;6.28
6400;CRA;87632;1;1;0;51.45
6400;CRA;92394;1;1;0;51.45
6400;CRA;88252;1;1;0;51.45
6400;CRA;87417;1;1;0;51.45
6400;CRA;87368;1;1;0;51.45
6400;CRA;87366;1;1;0;51.45
6400;CRA;87357;1;1;0;51.45
6400;CRA;87363;1;1;0;51.45
6400;CRA;92350;1;1;0;51.45
6400;CRA;87457;1;1;0;51.45
6400;CRA;87318;1;1;0;51.45
6400;CRA;87375;1;1;0;51.45
6400;CRA;87314;1;1;0;51.45
6400;CRA;87349;1;1;0;51.45
6400;CRA;87340;1;1;0;51.45
6400;CRA;92217;1;1;0;51.45
6400;CRA;87445;1;1;0;51.45
6400;CRA;87298;1;1;0;51.45
6400;CRA;87293;1;1;0;51.45
6400;CRA;87319;1;1;0;51.45
6400;CRA;78463;1;1;0;45.93
6400;CRA;77853;1;1;0;45.93
6400;CRA;77801;1;1;0;45.93
6400;CRA;77842;1;1;0;45.93
6400;CRA;84648;1;1;0;45.93
6400;CRA;77814;1;1;0;45.93
6400;CRA;77792;1;1;0;45.93
6400;CRA;78031;1;1;0;45.93
6400;CRA;77962;1;1;0;45.93
6400;CRA;77795;1;1;0;45.93
6400;CRA;77841;1;1;0;45.93
6400;CRA;77847;1;1;0;45.93
6400;CRA;84600;1;1;0;45.93
6400;CRA;77844;1;1;0;45.93
6400;CRA;77840;1;1;0;45.93
6400;CRA;77819;1;1;0;45.93
6400;CRA;77806;1;1;0;45.93
6400;CRA;77831;1;1;0;45.93
6400;CRA;78126;1;1;0;45.93
6400;CRA;77832;1;1;0;45.93
6400;CRA;50151;1;1;0;31.00
6400;CRA;49868;1;1;0;31.00
6400;CRA;49916;1;1;0;31.00
6400;CRA;49905;1;1;0;31.00
6400;CRA;49896;1;1;0;31.00
6400;CRA;49872;1;1;0;31.00
6400;CRA;49906;1;1;0;31.00
6400;CRA;49912;1;1;0;31.00
6400;CRA;49906;1;1;0;31.00
6400;CRA;49895;1;1;0;31.00
6400;CRA;49905;1;1;0;31.00
6400;CRA;49887;1;1;0;31.00
6400;CRA;49902;1;1;0;31.00
6400;CRA;49892;1;1;0;31.00
6400;CRA;50041;1;1;0;31.00
6400;CRA;49954;1;1;0;31.00
6400;CRA;49854;1;1;0;31.00
6400;CRA;49848;1;1;0;31.00
6400;CRA;49879;1;1;0;31.00
6400;CRA;49825;1;1;0;31.00
