Size;Method;Time;Status;Solution;Timeout;Scans
5;RULT;3474;1;1;0;14.65
5;RULT;3462;1;1;0;14.65
5;RULT;3462;1;1;0;14.65
5;RULT;3465;1;1;0;14.65
5;RULT;3464;1;1;0;14.65
5;RULT;3465;1;1;0;14.65
5;RULT;3463;1;1;0;14.65
5;RULT;3463;1;1;0;14.65
5;RULT;3470;1;1;0;14.65
5;RULT;3469;1;1;0;14.65
5;RULT;3467;1;1;0;14.65
5;RULT;3476;1;1;0;14.65
5;RULT;3472;1;1;0;14.65
5;RULT;3468;1;1;0;14.65
5;RULT;3463;1;1;0;14.65
5;RULT;3468;1;1;0;14.65
5;RULT;3471;1;1;0;14.65
5;RULT;3462;1;1;0;14.65
5;RULT;3472;1;1;0;14.65
5;RULT;3465;1;1;0;14.65
5;RULT;3541;1;1;0;15.83
5;RULT;3529;1;1;0;15.83
5;RULT;3526;1;1;0;15.83
5;RULT;3524;1;1;0;15.83
5;RULT;3536;1;1;0;15.83
5;RULT;3534;1;1;0;15.83
5;RULT;3528;1;1;0;15.83
5;RULT;3530;1;1;0;15.83
5;RULT;3559;1;1;0;15.83
5;RULT;3643;1;1;0;15.83
5;RULT;3651;1;1;0;15.83
5;RULT;3537;1;1;0;15.83
5;RULT;3527;1;1;0;15.83
5;RULT;3534;1;1;0;15.83
5;RULT;3527;1;1;0;15.83
5;RULT;3521;1;1;0;15.83
5;RULT;3529;1;1;0;15.83
5;RULT;3527;1;1;0;15.83
5;RULT;3535;1;1;0;15.83
5;RULT;3533;1;1;0;15.83
5;RULT;4169;1;1;0;16.34
5;RULT;4153;1;1;0;16.34
5;RULT;4170;1;1;0;16.34
5;RULT;4148;1;1;0;16.34
5;RULT;4155;1;1;0;16.34
5;RULT;4172;1;1;0;16.34
5;RULT;4153;1;1;0;16.34
5;RULT;4160;1;1;0;16.34
5;RULT;4150;1;1;0;16.34
5;RULT;4151;1;1;0;16.34
5;RULT;4162;1;1;0;16.34
5;RULT;4183;1;1;0;16.34
5;RULT;4268;1;1;0;16.34
5;RULT;4190;1;1;0;16.34
5;RULT;4156;1;1;0;16.34
5;RULT;4156;1;1;0;16.34
5;RULT;4156;1;1;0;16.34
5;RULT;4148;1;1;0;16.34
5;RULT;4150;1;1;0;16.34
5;RULT;4146;1;1;0;16.34
5;ILP;62628;1;1;0;0.00
5;ILP;62969;1;1;0;0.00
5;ILP;61632;1;1;0;0.00
5;ILP;62439;1;1;0;0.00
5;ILP;62007;1;1;0;0.00
5;ILP;62115;1;1;0;0.00
5;ILP;61380;1;1;0;0.00
5;ILP;61863;1;1;0;0.00
5;ILP;62527;1;1;0;0.00
5;ILP;61899;1;1;0;0.00
5;ILP;63226;1;1;0;0.00
5;ILP;61924;1;1;0;0.00
5;ILP;63518;1;1;0;0.00
5;ILP;63230;1;1;0;0.00
5;ILP;61622;1;1;0;0.00
5;ILP;63088;1;1;0;0.00
5;ILP;62565;1;1;0;0.00
5;ILP;62026;1;1;0;0.00
5;ILP;63433;1;1;0;0.00
5;ILP;61385;1;1;0;0.00
5;ILP;64848;1;1;0;0.00
5;ILP;62486;1;1;0;0.00
5;ILP;64119;1;1;0;0.00
5;ILP;62505;1;1;0;0.00
5;ILP;62616;1;1;0;0.00
5;ILP;64254;1;1;0;0.00
5;ILP;62689;1;1;0;0.00
5;ILP;64404;1;1;0;0.00
5;ILP;62945;1;1;0;0.00
5;ILP;62168;1;1;0;0.00
5;ILP;63815;1;1;0;0.00
5;ILP;62310;1;1;0;0.00
5;ILP;62945;1;1;0;0.00
5;ILP;63458;1;1;0;0.00
5;ILP;62777;1;1;0;0.00
5;ILP;63980;1;1;0;0.00
5;ILP;63996;1;1;0;0.00
5;ILP;63638;1;1;0;0.00
5;ILP;62753;1;1;0;0.00
5;ILP;62709;1;1;0;0.00
5;ILP;63143;1;1;0;0.00
5;ILP;62520;1;1;0;0.00
5;ILP;63056;1;1;0;0.00
5;ILP;62386;1;1;0;0.00
5;ILP;62402;1;1;0;0.00
5;ILP;62865;1;1;0;0.00
5;ILP;63215;1;1;0;0.00
5;ILP;62370;1;1;0;0.00
5;ILP;62585;1;1;0;0.00
5;ILP;62127;1;1;0;0.00
5;ILP;62836;1;1;0;0.00
5;ILP;62820;1;1;0;0.00
5;ILP;62500;1;1;0;0.00
5;ILP;62826;1;1;0;0.00
5;ILP;62192;1;1;0;0.00
5;ILP;63075;1;1;0;0.00
5;ILP;61969;1;1;0;0.00
5;ILP;63082;1;1;0;0.00
5;ILP;62658;1;1;0;0.00
5;ILP;62296;1;1;0;0.00
5;CP;216771;1;1;0;0.00
5;CP;216314;1;1;0;0.00
5;CP;217000;1;1;0;0.00
5;CP;217159;1;1;0;0.00
5;CP;217299;1;1;0;0.00
5;CP;216974;1;1;0;0.00
5;CP;217100;1;1;0;0.00
5;CP;217179;1;1;0;0.00
5;CP;217674;1;1;0;0.00
5;CP;216601;1;1;0;0.00
5;CP;217630;1;1;0;0.00
5;CP;217336;1;1;0;0.00
5;CP;218166;1;1;0;0.00
5;CP;217244;1;1;0;0.00
5;CP;218043;1;1;0;0.00
5;CP;217608;1;1;0;0.00
5;CP;216978;1;1;0;0.00
5;CP;216522;1;1;0;0.00
5;CP;216747;1;1;0;0.00
5;CP;218553;1;1;0;0.00
5;CP;212097;1;1;0;0.00
5;CP;216098;1;1;0;0.00
5;CP;217062;1;1;0;0.00
5;CP;216677;1;1;0;0.00
5;CP;215787;1;1;0;0.00
5;CP;216445;1;1;0;0.00
5;CP;216671;1;1;0;0.00
5;CP;216448;1;1;0;0.00
5;CP;216415;1;1;0;0.00
5;CP;216334;1;1;0;0.00
5;CP;216803;1;1;0;0.00
5;CP;216898;1;1;0;0.00
5;CP;216155;1;1;0;0.00
5;CP;216880;1;1;0;0.00
5;CP;216559;1;1;0;0.00
5;CP;215763;1;1;0;0.00
5;CP;217204;1;1;0;0.00
5;CP;216298;1;1;0;0.00
5;CP;216759;1;1;0;0.00
5;CP;215997;1;1;0;0.00
5;CP;210134;1;1;0;0.00
5;CP;211135;1;1;0;0.00
5;CP;210866;1;1;0;0.00
5;CP;219280;1;1;0;0.00
5;CP;217647;1;1;0;0.00
5;CP;225491;1;1;0;0.00
5;CP;219044;1;1;0;0.00
5;CP;222649;1;1;0;0.00
5;CP;222765;1;1;0;0.00
5;CP;219459;1;1;0;0.00
5;CP;217792;1;1;0;0.00
5;CP;217040;1;1;0;0.00
5;CP;222019;1;1;0;0.00
5;CP;216092;1;1;0;0.00
5;CP;221748;1;1;0;0.00
5;CP;221358;1;1;0;0.00
5;CP;226665;1;1;0;0.00
5;CP;220010;1;1;0;0.00
5;CP;223146;1;1;0;0.00
5;CP;220281;1;1;0;0.00
5;SCP;165000;1;1;0;0.00
5;SCP;165235;1;1;0;0.00
5;SCP;166145;1;1;0;0.00
5;SCP;166428;1;1;0;0.00
5;SCP;165295;1;1;0;0.00
5;SCP;165531;1;1;0;0.00
5;SCP;165283;1;1;0;0.00
5;SCP;164756;1;1;0;0.00
5;SCP;165578;1;1;0;0.00
5;SCP;165321;1;1;0;0.00
5;SCP;165511;1;1;0;0.00
5;SCP;165639;1;1;0;0.00
5;SCP;166657;1;1;0;0.00
5;SCP;167127;1;1;0;0.00
5;SCP;166839;1;1;0;0.00
5;SCP;165705;1;1;0;0.00
5;SCP;166185;1;1;0;0.00
5;SCP;166022;1;1;0;0.00
5;SCP;164450;1;1;0;0.00
5;SCP;165424;1;1;0;0.00
5;SCP;178085;1;1;0;0.00
5;SCP;178635;1;1;0;0.00
5;SCP;178494;1;1;0;0.00
5;SCP;179274;1;1;0;0.00
5;SCP;179658;1;1;0;0.00
5;SCP;180465;1;1;0;0.00
5;SCP;179821;1;1;0;0.00
5;SCP;178309;1;1;0;0.00
5;SCP;179206;1;1;0;0.00
5;SCP;179098;1;1;0;0.00
5;SCP;178115;1;1;0;0.00
5;SCP;179264;1;1;0;0.00
5;SCP;179116;1;1;0;0.00
5;SCP;178832;1;1;0;0.00
5;SCP;178495;1;1;0;0.00
5;SCP;177945;1;1;0;0.00
5;SCP;179323;1;1;0;0.00
5;SCP;179484;1;1;0;0.00
5;SCP;179383;1;1;0;0.00
5;SCP;174177;1;1;0;0.00
5;SCP;155609;1;1;0;0.00
5;SCP;155315;1;1;0;0.00
5;SCP;156885;1;1;0;0.00
5;SCP;156330;1;1;0;0.00
5;SCP;154157;1;1;0;0.00
5;SCP;155881;1;1;0;0.00
5;SCP;156333;1;1;0;0.00
5;SCP;155208;1;1;0;0.00
5;SCP;155367;1;1;0;0.00
5;SCP;154691;1;1;0;0.00
5;SCP;156214;1;1;0;0.00
5;SCP;155218;1;1;0;0.00
5;SCP;156236;1;1;0;0.00
5;SCP;153601;1;1;0;0.00
5;SCP;155339;1;1;0;0.00
5;SCP;157742;1;1;0;0.00
5;SCP;155084;1;1;0;0.00
5;SCP;155522;1;1;0;0.00
5;SCP;154778;1;1;0;0.00
5;SCP;156521;1;1;0;0.00
5;KAB;2000201;0;0;1;0.00
5;KAB;2000646;0;0;1;0.00
5;KAB;2000253;0;0;1;0.00
5;KAB;2000131;0;0;1;0.00
5;KAB;2000751;0;0;1;0.00
5;KAB;2000560;0;0;1;0.00
5;KAB;2000423;0;0;1;0.00
5;KAB;2000728;0;0;1;0.00
5;KAB;2000831;0;0;1;0.00
5;KAB;2000842;0;0;1;0.00
5;KAB;2000028;0;0;1;0.00
5;KAB;2000693;0;0;1;0.00
5;KAB;2000919;0;0;1;0.00
5;KAB;2000532;0;0;1;0.00
5;KAB;2000063;0;0;1;0.00
5;KAB;2000730;0;0;1;0.00
5;KAB;2000630;0;0;1;0.00
5;KAB;2000550;0;0;1;0.00
5;KAB;2000458;0;0;1;0.00
5;KAB;2000659;0;0;1;0.00
5;KAB;2000975;0;0;1;0.00
5;KAB;2001260;0;0;1;0.00
5;KAB;2000303;0;0;1;0.00
5;KAB;2001162;0;0;1;0.00
5;KAB;2000166;0;0;1;0.00
5;KAB;2000100;0;0;1;0.00
5;KAB;2000975;0;0;1;0.00
5;KAB;2000651;0;0;1;0.00
5;KAB;2000362;0;0;1;0.00
5;KAB;2000217;0;0;1;0.00
5;KAB;2000980;0;0;1;0.00
5;KAB;2001287;0;0;1;0.00
5;KAB;2000264;0;0;1;0.00
5;KAB;2000493;0;0;1;0.00
5;KAB;2000214;0;0;1;0.00
5;KAB;2000877;0;0;1;0.00
5;KAB;2000484;0;0;1;0.00
5;KAB;2000263;0;0;1;0.00
5;KAB;2000672;0;0;1;0.00
5;KAB;2000342;0;0;1;0.00
5;KAB;1904171;1;1;0;0.00
5;KAB;1911645;1;1;0;0.00
5;KAB;1909788;1;1;0;0.00
5;KAB;1908265;1;1;0;0.00
5;KAB;1908662;1;1;0;0.00
5;KAB;1900827;1;1;0;0.00
5;KAB;1904131;1;1;0;0.00
5;KAB;1902956;1;1;0;0.00
5;KAB;1902730;1;1;0;0.00
5;KAB;1907340;1;1;0;0.00
5;KAB;1906354;1;1;0;0.00
5;KAB;1906709;1;1;0;0.00
5;KAB;1904670;1;1;0;0.00
5;KAB;1907189;1;1;0;0.00
5;KAB;1908095;1;1;0;0.00
5;KAB;1908759;1;1;0;0.00
5;KAB;1908656;1;1;0;0.00
5;KAB;1908094;1;1;0;0.00
5;KAB;1904195;1;1;0;0.00
5;KAB;1907233;1;1;0;0.00
5;BFDC;942;1;1;0;5.94
5;BFDC;935;1;1;0;5.94
5;BFDC;939;1;1;0;5.94
5;BFDC;933;1;1;0;5.94
5;BFDC;938;1;1;0;5.94
5;BFDC;938;1;1;0;5.94
5;BFDC;939;1;1;0;5.94
5;BFDC;941;1;1;0;5.94
5;BFDC;935;1;1;0;5.94
5;BFDC;934;1;1;0;5.94
5;BFDC;934;1;1;0;5.94
5;BFDC;956;1;1;0;5.94
5;BFDC;938;1;1;0;5.94
5;BFDC;940;1;1;0;5.94
5;BFDC;946;1;1;0;5.94
5;BFDC;940;1;1;0;5.94
5;BFDC;934;1;1;0;5.94
5;BFDC;936;1;1;0;5.94
5;BFDC;939;1;1;0;5.94
5;BFDC;940;1;1;0;5.94
5;BFDC;1049;1;1;0;6.60
5;BFDC;1055;1;1;0;6.60
5;BFDC;1046;1;1;0;6.60
5;BFDC;1049;1;1;0;6.60
5;BFDC;1052;1;1;0;6.60
5;BFDC;1048;1;1;0;6.60
5;BFDC;1048;1;1;0;6.60
5;BFDC;1050;1;1;0;6.60
5;BFDC;1069;1;1;0;6.60
5;BFDC;1069;1;1;0;6.60
5;BFDC;1069;1;1;0;6.60
5;BFDC;1053;1;1;0;6.60
5;BFDC;1049;1;1;0;6.60
5;BFDC;1049;1;1;0;6.60
5;BFDC;1051;1;1;0;6.60
5;BFDC;1048;1;1;0;6.60
5;BFDC;1048;1;1;0;6.60
5;BFDC;1053;1;1;0;6.60
5;BFDC;1052;1;1;0;6.60
5;BFDC;1051;1;1;0;6.60
5;BFDC;981;1;1;0;6.32
5;BFDC;981;1;1;0;6.32
5;BFDC;984;1;1;0;6.32
5;BFDC;981;1;1;0;6.32
5;BFDC;982;1;1;0;6.32
5;BFDC;985;1;1;0;6.32
5;BFDC;980;1;1;0;6.32
5;BFDC;979;1;1;0;6.32
5;BFDC;979;1;1;0;6.32
5;BFDC;980;1;1;0;6.32
5;BFDC;980;1;1;0;6.32
5;BFDC;981;1;1;0;6.32
5;BFDC;985;1;1;0;6.32
5;BFDC;979;1;1;0;6.32
5;BFDC;981;1;1;0;6.32
5;BFDC;985;1;1;0;6.32
5;BFDC;981;1;1;0;6.32
5;BFDC;981;1;1;0;6.32
5;BFDC;981;1;1;0;6.32
5;BFDC;986;1;1;0;6.32
5;CRA;11985;1;1;0;27.98
5;CRA;11913;1;1;0;27.98
5;CRA;11915;1;1;0;27.98
5;CRA;11909;1;1;0;27.98
5;CRA;11919;1;1;0;27.98
5;CRA;11903;1;1;0;27.98
5;CRA;11914;1;1;0;27.98
5;CRA;11932;1;1;0;27.98
5;CRA;11925;1;1;0;27.98
5;CRA;11912;1;1;0;27.98
5;CRA;11917;1;1;0;27.98
5;CRA;11919;1;1;0;27.98
5;CRA;11903;1;1;0;27.98
5;CRA;11895;1;1;0;27.98
5;CRA;11907;1;1;0;27.98
5;CRA;11906;1;1;0;27.98
5;CRA;11913;1;1;0;27.98
5;CRA;11905;1;1;0;27.98
5;CRA;11912;1;1;0;27.98
5;CRA;11913;1;1;0;27.98
5;CRA;6375;1;1;0;16.94
5;CRA;6318;1;1;0;16.94
5;CRA;6317;1;1;0;16.94
5;CRA;6314;1;1;0;16.94
5;CRA;6313;1;1;0;16.94
5;CRA;6307;1;1;0;16.94
5;CRA;6305;1;1;0;16.94
5;CRA;6313;1;1;0;16.94
5;CRA;6319;1;1;0;16.94
5;CRA;6313;1;1;0;16.94
5;CRA;6304;1;1;0;16.94
5;CRA;6310;1;1;0;16.94
5;CRA;6297;1;1;0;16.94
5;CRA;6321;1;1;0;16.94
5;CRA;6309;1;1;0;16.94
5;CRA;6303;1;1;0;16.94
5;CRA;6313;1;1;0;16.94
5;CRA;6303;1;1;0;16.94
5;CRA;6311;1;1;0;16.94
5;CRA;6312;1;1;0;16.94
5;CRA;12413;1;1;0;29.06
5;CRA;12298;1;1;0;29.06
5;CRA;12294;1;1;0;29.06
5;CRA;12300;1;1;0;29.06
5;CRA;12288;1;1;0;29.06
5;CRA;12290;1;1;0;29.06
5;CRA;12293;1;1;0;29.06
5;CRA;12299;1;1;0;29.06
5;CRA;12292;1;1;0;29.06
5;CRA;12304;1;1;0;29.06
5;CRA;12284;1;1;0;29.06
5;CRA;12288;1;1;0;29.06
5;CRA;12305;1;1;0;29.06
5;CRA;12301;1;1;0;29.06
5;CRA;12285;1;1;0;29.06
5;CRA;12296;1;1;0;29.06
5;CRA;12287;1;1;0;29.06
5;CRA;12302;1;1;0;29.06
5;CRA;12283;1;1;0;29.06
5;CRA;12283;1;1;0;29.06
10;RULT;3838;1;1;0;15.49
10;RULT;3794;1;1;0;15.49
10;RULT;3790;1;1;0;15.49
10;RULT;3791;1;1;0;15.49
10;RULT;3798;1;1;0;15.49
10;RULT;3784;1;1;0;15.49
10;RULT;3791;1;1;0;15.49
10;RULT;3785;1;1;0;15.49
10;RULT;3786;1;1;0;15.49
10;RULT;3792;1;1;0;15.49
10;RULT;3789;1;1;0;15.49
10;RULT;3785;1;1;0;15.49
10;RULT;3784;1;1;0;15.49
10;RULT;3783;1;1;0;15.49
10;RULT;3794;1;1;0;15.49
10;RULT;3794;1;1;0;15.49
10;RULT;3791;1;1;0;15.49
10;RULT;3783;1;1;0;15.49
10;RULT;3783;1;1;0;15.49
10;RULT;3787;1;1;0;15.49
10;RULT;4722;1;1;0;18.00
10;RULT;4669;1;1;0;18.00
10;RULT;4670;1;1;0;18.00
10;RULT;4688;1;1;0;18.00
10;RULT;4688;1;1;0;18.00
10;RULT;4686;1;1;0;18.00
10;RULT;4678;1;1;0;18.00
10;RULT;4656;1;1;0;18.00
10;RULT;4654;1;1;0;18.00
10;RULT;4654;1;1;0;18.00
10;RULT;4647;1;1;0;18.00
10;RULT;4652;1;1;0;18.00
10;RULT;4650;1;1;0;18.00
10;RULT;4658;1;1;0;18.00
10;RULT;4654;1;1;0;18.00
10;RULT;4655;1;1;0;18.00
10;RULT;4647;1;1;0;18.00
10;RULT;4672;1;1;0;18.00
10;RULT;4658;1;1;0;18.00
10;RULT;4659;1;1;0;18.00
10;RULT;3799;1;1;0;15.46
10;RULT;3793;1;1;0;15.46
10;RULT;3794;1;1;0;15.46
10;RULT;3789;1;1;0;15.46
10;RULT;3790;1;1;0;15.46
10;RULT;3792;1;1;0;15.46
10;RULT;3786;1;1;0;15.46
10;RULT;3790;1;1;0;15.46
10;RULT;3788;1;1;0;15.46
10;RULT;3795;1;1;0;15.46
10;RULT;3789;1;1;0;15.46
10;RULT;3782;1;1;0;15.46
10;RULT;3788;1;1;0;15.46
10;RULT;3781;1;1;0;15.46
10;RULT;3794;1;1;0;15.46
10;RULT;3793;1;1;0;15.46
10;RULT;3784;1;1;0;15.46
10;RULT;3787;1;1;0;15.46
10;RULT;3784;1;1;0;15.46
10;RULT;3789;1;1;0;15.46
10;ILP;88650;1;1;0;0.00
10;ILP;88941;1;1;0;0.00
10;ILP;88355;1;1;0;0.00
10;ILP;89099;1;1;0;0.00
10;ILP;90855;1;1;0;0.00
10;ILP;89020;1;1;0;0.00
10;ILP;86898;1;1;0;0.00
10;ILP;88923;1;1;0;0.00
10;ILP;89165;1;1;0;0.00
10;ILP;90064;1;1;0;0.00
10;ILP;90267;1;1;0;0.00
10;ILP;88882;1;1;0;0.00
10;ILP;88633;1;1;0;0.00
10;ILP;89707;1;1;0;0.00
10;ILP;88596;1;1;0;0.00
10;ILP;88545;1;1;0;0.00
10;ILP;88843;1;1;0;0.00
10;ILP;89024;1;1;0;0.00
10;ILP;88035;1;1;0;0.00
10;ILP;88850;1;1;0;0.00
10;ILP;90575;1;1;0;0.00
10;ILP;88407;1;1;0;0.00
10;ILP;88683;1;1;0;0.00
10;ILP;89253;1;1;0;0.00
10;ILP;88983;1;1;0;0.00
10;ILP;89335;1;1;0;0.00
10;ILP;89007;1;1;0;0.00
10;ILP;88619;1;1;0;0.00
10;ILP;88893;1;1;0;0.00
10;ILP;89426;1;1;0;0.00
10;ILP;88744;1;1;0;0.00
10;ILP;89110;1;1;0;0.00
10;ILP;88879;1;1;0;0.00
10;ILP;89884;1;1;0;0.00
10;ILP;88979;1;1;0;0.00
10;ILP;89353;1;1;0;0.00
10;ILP;89079;1;1;0;0.00
10;ILP;89409;1;1;0;0.00
10;ILP;89415;1;1;0;0.00
10;ILP;88382;1;1;0;0.00
10;ILP;87775;1;1;0;0.00
10;ILP;85374;1;1;0;0.00
10;ILP;86800;1;1;0;0.00
10;ILP;88218;1;1;0;0.00
10;ILP;86131;1;1;0;0.00
10;ILP;87492;1;1;0;0.00
10;ILP;85427;1;1;0;0.00
10;ILP;87480;1;1;0;0.00
10;ILP;85713;1;1;0;0.00
10;ILP;87575;1;1;0;0.00
10;ILP;85771;1;1;0;0.00
10;ILP;87959;1;1;0;0.00
10;ILP;85912;1;1;0;0.00
10;ILP;87506;1;1;0;0.00
10;ILP;86955;1;1;0;0.00
10;ILP;86491;1;1;0;0.00
10;ILP;86980;1;1;0;0.00
10;ILP;86966;1;1;0;0.00
10;ILP;86517;1;1;0;0.00
10;ILP;86513;1;1;0;0.00
10;CP;371253;1;1;0;0.00
10;CP;335255;1;1;0;0.00
10;CP;325430;1;1;0;0.00
10;CP;349202;1;1;0;0.00
10;CP;350803;1;1;0;0.00
10;CP;345618;1;1;0;0.00
10;CP;348797;1;1;0;0.00
10;CP;346859;1;1;0;0.00
10;CP;346413;1;1;0;0.00
10;CP;347517;1;1;0;0.00
10;CP;347685;1;1;0;0.00
10;CP;345262;1;1;0;0.00
10;CP;350859;1;1;0;0.00
10;CP;360549;1;1;0;0.00
10;CP;370984;1;1;0;0.00
10;CP;368169;1;1;0;0.00
10;CP;367460;1;1;0;0.00
10;CP;364975;1;1;0;0.00
10;CP;357601;1;1;0;0.00
10;CP;368746;1;1;0;0.00
10;CP;364900;1;1;0;0.00
10;CP;404592;1;1;0;0.00
10;CP;390999;1;1;0;0.00
10;CP;397475;1;1;0;0.00
10;CP;393922;1;1;0;0.00
10;CP;392720;1;1;0;0.00
10;CP;397096;1;1;0;0.00
10;CP;394804;1;1;0;0.00
10;CP;392141;1;1;0;0.00
10;CP;387454;1;1;0;0.00
10;CP;411432;1;1;0;0.00
10;CP;416878;1;1;0;0.00
10;CP;418064;1;1;0;0.00
10;CP;414102;1;1;0;0.00
10;CP;418643;1;1;0;0.00
10;CP;415024;1;1;0;0.00
10;CP;405804;1;1;0;0.00
10;CP;415415;1;1;0;0.00
10;CP;416161;1;1;0;0.00
10;CP;406202;1;1;0;0.00
10;CP;408317;1;1;0;0.00
10;CP;411417;1;1;0;0.00
10;CP;408474;1;1;0;0.00
10;CP;403879;1;1;0;0.00
10;CP;398460;1;1;0;0.00
10;CP;404162;1;1;0;0.00
10;CP;405479;1;1;0;0.00
10;CP;411782;1;1;0;0.00
10;CP;408475;1;1;0;0.00
10;CP;390684;1;1;0;0.00
10;CP;390338;1;1;0;0.00
10;CP;392149;1;1;0;0.00
10;CP;388769;1;1;0;0.00
10;CP;390140;1;1;0;0.00
10;CP;389955;1;1;0;0.00
10;CP;389035;1;1;0;0.00
10;CP;389952;1;1;0;0.00
10;CP;361699;1;1;0;0.00
10;CP;350588;1;1;0;0.00
10;CP;354037;1;1;0;0.00
10;SCP;188389;1;1;0;0.00
10;SCP;189464;1;1;0;0.00
10;SCP;188810;1;1;0;0.00
10;SCP;187562;1;1;0;0.00
10;SCP;188776;1;1;0;0.00
10;SCP;186854;1;1;0;0.00
10;SCP;187579;1;1;0;0.00
10;SCP;189391;1;1;0;0.00
10;SCP;188289;1;1;0;0.00
10;SCP;191023;1;1;0;0.00
10;SCP;187074;1;1;0;0.00
10;SCP;190207;1;1;0;0.00
10;SCP;189851;1;1;0;0.00
10;SCP;185936;1;1;0;0.00
10;SCP;189313;1;1;0;0.00
10;SCP;187613;1;1;0;0.00
10;SCP;188200;1;1;0;0.00
10;SCP;189608;1;1;0;0.00
10;SCP;188271;1;1;0;0.00
10;SCP;189014;1;1;0;0.00
10;SCP;168166;1;1;0;0.00
10;SCP;173119;1;1;0;0.00
10;SCP;168568;1;1;0;0.00
10;SCP;172047;1;1;0;0.00
10;SCP;170737;1;1;0;0.00
10;SCP;169944;1;1;0;0.00
10;SCP;173486;1;1;0;0.00
10;SCP;170054;1;1;0;0.00
10;SCP;171682;1;1;0;0.00
10;SCP;169256;1;1;0;0.00
10;SCP;173376;1;1;0;0.00
10;SCP;168988;1;1;0;0.00
10;SCP;172097;1;1;0;0.00
10;SCP;169500;1;1;0;0.00
10;SCP;173330;1;1;0;0.00
10;SCP;169804;1;1;0;0.00
10;SCP;170923;1;1;0;0.00
10;SCP;173208;1;1;0;0.00
10;SCP;169675;1;1;0;0.00
10;SCP;172064;1;1;0;0.00
10;SCP;199344;1;1;0;0.00
10;SCP;199085;1;1;0;0.00
10;SCP;199975;1;1;0;0.00
10;SCP;200012;1;1;0;0.00
10;SCP;199691;1;1;0;0.00
10;SCP;200453;1;1;0;0.00
10;SCP;200149;1;1;0;0.00
10;SCP;199112;1;1;0;0.00
10;SCP;197765;1;1;0;0.00
10;SCP;197636;1;1;0;0.00
10;SCP;200669;1;1;0;0.00
10;SCP;199153;1;1;0;0.00
10;SCP;198544;1;1;0;0.00
10;SCP;201174;1;1;0;0.00
10;SCP;197472;1;1;0;0.00
10;SCP;200976;1;1;0;0.00
10;SCP;199664;1;1;0;0.00
10;SCP;198627;1;1;0;0.00
10;SCP;199106;1;1;0;0.00
10;SCP;200537;1;1;0;0.00
10;KAB;2000002;0;0;1;0.00
10;KAB;2000041;0;0;1;0.00
10;KAB;2000057;1;1;0;0.00
10;KAB;1998778;1;1;0;0.00
10;KAB;1999451;1;1;0;0.00
10;KAB;1994642;1;1;0;0.00
10;KAB;1992931;1;1;0;0.00
10;KAB;1987692;1;1;0;0.00
10;KAB;1992339;1;1;0;0.00
10;KAB;1991274;1;1;0;0.00
10;KAB;1992972;1;1;0;0.00
10;KAB;1994217;1;1;0;0.00
10;KAB;1992161;1;1;0;0.00
10;KAB;1993142;1;1;0;0.00
10;KAB;1992375;1;1;0;0.00
10;KAB;1990658;1;1;0;0.00
10;KAB;1994223;1;1;0;0.00
10;KAB;1987749;1;1;0;0.00
10;KAB;1991150;1;1;0;0.00
10;KAB;1989101;1;1;0;0.00
10;KAB;2000948;0;0;1;0.00
10;KAB;2000019;0;0;1;0.00
10;KAB;2000164;0;0;1;0.00
10;KAB;2000658;0;0;1;0.00
10;KAB;2000493;0;0;1;0.00
10;KAB;2000388;0;0;1;0.00
10;KAB;2000660;0;0;1;0.00
10;KAB;2000004;0;0;1;0.00
10;KAB;2000295;0;0;1;0.00
10;KAB;2000055;0;0;1;0.00
10;KAB;2000367;0;0;1;0.00
10;KAB;2000815;0;0;1;0.00
10;KAB;2000391;0;0;1;0.00
10;KAB;2000932;0;0;1;0.00
10;KAB;2000594;0;0;1;0.00
10;KAB;2000116;0;0;1;0.00
10;KAB;2000396;0;0;1;0.00
10;KAB;2000068;0;0;1;0.00
10;KAB;2000638;0;0;1;0.00
10;KAB;2000195;0;0;1;0.00
10;KAB;1831769;1;1;0;0.00
10;KAB;1828233;1;1;0;0.00
10;KAB;1829456;1;1;0;0.00
10;KAB;1829805;1;1;0;0.00
10;KAB;1832041;1;1;0;0.00
10;KAB;1826874;1;1;0;0.00
10;KAB;1827193;1;1;0;0.00
10;KAB;1826693;1;1;0;0.00
10;KAB;1824182;1;1;0;0.00
10;KAB;1831151;1;1;0;0.00
10;KAB;1830240;1;1;0;0.00
10;KAB;1831871;1;1;0;0.00
10;KAB;1830187;1;1;0;0.00
10;KAB;1833129;1;1;0;0.00
10;KAB;1831110;1;1;0;0.00
10;KAB;1832323;1;1;0;0.00
10;KAB;1832147;1;1;0;0.00
10;KAB;1828220;1;1;0;0.00
10;KAB;1830366;1;1;0;0.00
10;KAB;1830553;1;1;0;0.00
10;BFDC;970;1;1;0;6.09
10;BFDC;971;1;1;0;6.09
10;BFDC;979;1;1;0;6.09
10;BFDC;973;1;1;0;6.09
10;BFDC;971;1;1;0;6.09
10;BFDC;973;1;1;0;6.09
10;BFDC;976;1;1;0;6.09
10;BFDC;972;1;1;0;6.09
10;BFDC;973;1;1;0;6.09
10;BFDC;984;1;1;0;6.09
10;BFDC;970;1;1;0;6.09
10;BFDC;970;1;1;0;6.09
10;BFDC;971;1;1;0;6.09
10;BFDC;973;1;1;0;6.09
10;BFDC;970;1;1;0;6.09
10;BFDC;968;1;1;0;6.09
10;BFDC;975;1;1;0;6.09
10;BFDC;973;1;1;0;6.09
10;BFDC;972;1;1;0;6.09
10;BFDC;979;1;1;0;6.09
10;BFDC;931;1;1;0;6.00
10;BFDC;950;1;1;0;6.00
10;BFDC;950;1;1;0;6.00
10;BFDC;944;1;1;0;6.00
10;BFDC;931;1;1;0;6.00
10;BFDC;929;1;1;0;6.00
10;BFDC;929;1;1;0;6.00
10;BFDC;931;1;1;0;6.00
10;BFDC;929;1;1;0;6.00
10;BFDC;929;1;1;0;6.00
10;BFDC;934;1;1;0;6.00
10;BFDC;929;1;1;0;6.00
10;BFDC;929;1;1;0;6.00
10;BFDC;929;1;1;0;6.00
10;BFDC;933;1;1;0;6.00
10;BFDC;928;1;1;0;6.00
10;BFDC;928;1;1;0;6.00
10;BFDC;935;1;1;0;6.00
10;BFDC;930;1;1;0;6.00
10;BFDC;929;1;1;0;6.00
10;BFDC;845;1;1;0;5.42
10;BFDC;839;1;1;0;5.42
10;BFDC;840;1;1;0;5.42
10;BFDC;840;1;1;0;5.42
10;BFDC;852;1;1;0;5.42
10;BFDC;838;1;1;0;5.42
10;BFDC;839;1;1;0;5.42
10;BFDC;838;1;1;0;5.42
10;BFDC;841;1;1;0;5.42
10;BFDC;837;1;1;0;5.42
10;BFDC;836;1;1;0;5.42
10;BFDC;837;1;1;0;5.42
10;BFDC;842;1;1;0;5.42
10;BFDC;838;1;1;0;5.42
10;BFDC;836;1;1;0;5.42
10;BFDC;838;1;1;0;5.42
10;BFDC;837;1;1;0;5.42
10;BFDC;840;1;1;0;5.42
10;BFDC;838;1;1;0;5.42
10;BFDC;842;1;1;0;5.42
10;CRA;12958;1;1;0;29.93
10;CRA;12902;1;1;0;29.93
10;CRA;12886;1;1;0;29.93
10;CRA;12881;1;1;0;29.93
10;CRA;12885;1;1;0;29.93
10;CRA;12882;1;1;0;29.93
10;CRA;12891;1;1;0;29.93
10;CRA;12878;1;1;0;29.93
10;CRA;12887;1;1;0;29.93
10;CRA;12894;1;1;0;29.93
10;CRA;12891;1;1;0;29.93
10;CRA;12897;1;1;0;29.93
10;CRA;12875;1;1;0;29.93
10;CRA;12895;1;1;0;29.93
10;CRA;12896;1;1;0;29.93
10;CRA;12887;1;1;0;29.93
10;CRA;12883;1;1;0;29.93
10;CRA;12897;1;1;0;29.93
10;CRA;12893;1;1;0;29.93
10;CRA;12888;1;1;0;29.93
10;CRA;6873;1;1;0;17.79
10;CRA;6827;1;1;0;17.79
10;CRA;6833;1;1;0;17.79
10;CRA;6832;1;1;0;17.79
10;CRA;6829;1;1;0;17.79
10;CRA;6829;1;1;0;17.79
10;CRA;6836;1;1;0;17.79
10;CRA;6830;1;1;0;17.79
10;CRA;6833;1;1;0;17.79
10;CRA;6834;1;1;0;17.79
10;CRA;6852;1;1;0;17.79
10;CRA;6838;1;1;0;17.79
10;CRA;6848;1;1;0;17.79
10;CRA;6835;1;1;0;17.79
10;CRA;6845;1;1;0;17.79
10;CRA;6846;1;1;0;17.79
10;CRA;6834;1;1;0;17.79
10;CRA;6847;1;1;0;17.79
10;CRA;6839;1;1;0;17.79
10;CRA;6844;1;1;0;17.79
10;CRA;17422;1;1;0;38.30
10;CRA;17305;1;1;0;38.30
10;CRA;17292;1;1;0;38.30
10;CRA;17306;1;1;0;38.30
10;CRA;17292;1;1;0;38.30
10;CRA;17313;1;1;0;38.30
10;CRA;17298;1;1;0;38.30
10;CRA;17302;1;1;0;38.30
10;CRA;17296;1;1;0;38.30
10;CRA;17294;1;1;0;38.30
10;CRA;17299;1;1;0;38.30
10;CRA;17291;1;1;0;38.30
10;CRA;17331;1;1;0;38.30
10;CRA;17397;1;1;0;38.30
10;CRA;17323;1;1;0;38.30
10;CRA;17297;1;1;0;38.30
10;CRA;17280;1;1;0;38.30
10;CRA;17286;1;1;0;38.30
10;CRA;17290;1;1;0;38.30
10;CRA;17289;1;1;0;38.30
80;RULT;4012;1;1;0;15.84
80;RULT;4008;1;1;0;15.84
80;RULT;4007;1;1;0;15.84
80;RULT;4004;1;1;0;15.84
80;RULT;4010;1;1;0;15.84
80;RULT;4005;1;1;0;15.84
80;RULT;4007;1;1;0;15.84
80;RULT;4008;1;1;0;15.84
80;RULT;4012;1;1;0;15.84
80;RULT;4005;1;1;0;15.84
80;RULT;4007;1;1;0;15.84
80;RULT;4006;1;1;0;15.84
80;RULT;4009;1;1;0;15.84
80;RULT;4007;1;1;0;15.84
80;RULT;4001;1;1;0;15.84
80;RULT;4008;1;1;0;15.84
80;RULT;4003;1;1;0;15.84
80;RULT;4008;1;1;0;15.84
80;RULT;4013;1;1;0;15.84
80;RULT;4014;1;1;0;15.84
80;RULT;4486;1;1;0;16.19
80;RULT;4389;1;1;0;16.19
80;RULT;4412;1;1;0;16.19
80;RULT;4405;1;1;0;16.19
80;RULT;4412;1;1;0;16.19
80;RULT;4427;1;1;0;16.19
80;RULT;4415;1;1;0;16.19
80;RULT;4425;1;1;0;16.19
80;RULT;4445;1;1;0;16.19
80;RULT;4444;1;1;0;16.19
80;RULT;4454;1;1;0;16.19
80;RULT;4429;1;1;0;16.19
80;RULT;4458;1;1;0;16.19
80;RULT;4460;1;1;0;16.19
80;RULT;4424;1;1;0;16.19
80;RULT;4456;1;1;0;16.19
80;RULT;4452;1;1;0;16.19
80;RULT;4427;1;1;0;16.19
80;RULT;4460;1;1;0;16.19
80;RULT;4517;1;1;0;16.19
80;RULT;4798;1;1;0;17.68
80;RULT;4637;1;1;0;17.68
80;RULT;4625;1;1;0;17.68
80;RULT;4632;1;1;0;17.68
80;RULT;4630;1;1;0;17.68
80;RULT;4629;1;1;0;17.68
80;RULT;4629;1;1;0;17.68
80;RULT;4625;1;1;0;17.68
80;RULT;4634;1;1;0;17.68
80;RULT;4627;1;1;0;17.68
80;RULT;4636;1;1;0;17.68
80;RULT;4634;1;1;0;17.68
80;RULT;4632;1;1;0;17.68
80;RULT;4624;1;1;0;17.68
80;RULT;4632;1;1;0;17.68
80;RULT;4627;1;1;0;17.68
80;RULT;4636;1;1;0;17.68
80;RULT;4630;1;1;0;17.68
80;RULT;4621;1;1;0;17.68
80;RULT;4624;1;1;0;17.68
80;ILP;496639;1;1;0;0.00
80;ILP;428004;1;1;0;0.00
80;ILP;426300;1;1;0;0.00
80;ILP;430563;1;1;0;0.00
80;ILP;427490;1;1;0;0.00
80;ILP;424713;1;1;0;0.00
80;ILP;429251;1;1;0;0.00
80;ILP;417743;1;1;0;0.00
80;ILP;416738;1;1;0;0.00
80;ILP;421902;1;1;0;0.00
80;ILP;426662;1;1;0;0.00
80;ILP;413671;1;1;0;0.00
80;ILP;424282;1;1;0;0.00
80;ILP;424737;1;1;0;0.00
80;ILP;419310;1;1;0;0.00
80;ILP;414065;1;1;0;0.00
80;ILP;426201;1;1;0;0.00
80;ILP;422165;1;1;0;0.00
80;ILP;424953;1;1;0;0.00
80;ILP;419778;1;1;0;0.00
80;ILP;571877;1;1;0;0.00
80;ILP;478902;1;1;0;0.00
80;ILP;468821;1;1;0;0.00
80;ILP;466857;1;1;0;0.00
80;ILP;468523;1;1;0;0.00
80;ILP;467251;1;1;0;0.00
80;ILP;465223;1;1;0;0.00
80;ILP;465181;1;1;0;0.00
80;ILP;468115;1;1;0;0.00
80;ILP;464743;1;1;0;0.00
80;ILP;470130;1;1;0;0.00
80;ILP;464046;1;1;0;0.00
80;ILP;455378;1;1;0;0.00
80;ILP;464389;1;1;0;0.00
80;ILP;455918;1;1;0;0.00
80;ILP;468482;1;1;0;0.00
80;ILP;465068;1;1;0;0.00
80;ILP;457325;1;1;0;0.00
80;ILP;464986;1;1;0;0.00
80;ILP;457595;1;1;0;0.00
80;ILP;506846;1;1;0;0.00
80;ILP;436927;1;1;0;0.00
80;ILP;417461;1;1;0;0.00
80;ILP;426233;1;1;0;0.00
80;ILP;425553;1;1;0;0.00
80;ILP;424306;1;1;0;0.00
80;ILP;402013;1;1;0;0.00
80;ILP;419115;1;1;0;0.00
80;ILP;421002;1;1;0;0.00
80;ILP;418359;1;1;0;0.00
80;ILP;422073;1;1;0;0.00
80;ILP;419311;1;1;0;0.00
80;ILP;419750;1;1;0;0.00
80;ILP;417040;1;1;0;0.00
80;ILP;423118;1;1;0;0.00
80;ILP;419037;1;1;0;0.00
80;ILP;423067;1;1;0;0.00
80;ILP;421750;1;1;0;0.00
80;ILP;427831;1;1;0;0.00
80;ILP;422906;1;1;0;0.00
80;SCP;2002361;0;0;1;0.00
80;SCP;2001747;0;0;1;0.00
80;SCP;1997513;0;0;1;0.00
80;SCP;2001793;0;0;1;0.00
80;SCP;1997165;0;0;1;0.00
80;SCP;1991448;0;0;1;0.00
80;SCP;2001685;0;0;1;0.00
80;SCP;1997364;0;0;1;0.00
80;SCP;2001994;0;0;1;0.00
80;SCP;2000517;0;0;1;0.00
80;SCP;1999016;0;0;1;0.00
80;SCP;1997715;0;0;1;0.00
80;SCP;1990477;0;0;1;0.00
80;SCP;2001693;0;0;1;0.00
80;SCP;1998443;0;0;1;0.00
80;SCP;2001091;0;0;1;0.00
80;SCP;2009139;0;0;1;0.00
80;SCP;2011977;0;0;1;0.00
80;SCP;1998531;0;0;1;0.00
80;SCP;1998545;0;0;1;0.00
80;SCP;1070848;1;1;0;0.00
80;SCP;1061765;1;1;0;0.00
80;SCP;1063477;1;1;0;0.00
80;SCP;1063849;1;1;0;0.00
80;SCP;986246;1;1;0;0.00
80;SCP;1065024;1;1;0;0.00
80;SCP;1064434;1;1;0;0.00
80;SCP;992097;1;1;0;0.00
80;SCP;1064988;1;1;0;0.00
80;SCP;1066442;1;1;0;0.00
80;SCP;1067959;1;1;0;0.00
80;SCP;1066124;1;1;0;0.00
80;SCP;984832;1;1;0;0.00
80;SCP;985751;1;1;0;0.00
80;SCP;1061743;1;1;0;0.00
80;SCP;1063292;1;1;0;0.00
80;SCP;1065013;1;1;0;0.00
80;SCP;1065528;1;1;0;0.00
80;SCP;1072240;1;1;0;0.00
80;SCP;1061092;1;1;0;0.00
80;SCP;1971814;1;1;0;0.00
80;SCP;1924999;1;1;0;0.00
80;SCP;1913848;1;1;0;0.00
80;SCP;1919054;1;1;0;0.00
80;SCP;1886676;1;1;0;0.00
80;SCP;1925140;1;1;0;0.00
80;SCP;1922882;1;1;0;0.00
80;SCP;1889498;1;1;0;0.00
80;SCP;1922441;1;1;0;0.00
80;SCP;1914172;1;1;0;0.00
80;SCP;1921317;1;1;0;0.00
80;SCP;1925417;1;1;0;0.00
80;SCP;1914797;1;1;0;0.00
80;SCP;1913642;1;1;0;0.00
80;SCP;1917111;1;1;0;0.00
80;SCP;1907561;1;1;0;0.00
80;SCP;1912114;1;1;0;0.00
80;SCP;1882130;1;1;0;0.00
80;SCP;1918274;1;1;0;0.00
80;SCP;1908901;1;1;0;0.00
80;BFDC;1115;1;1;0;6.12
80;BFDC;1116;1;1;0;6.12
80;BFDC;1109;1;1;0;6.12
80;BFDC;1115;1;1;0;6.12
80;BFDC;1117;1;1;0;6.12
80;BFDC;1110;1;1;0;6.12
80;BFDC;1113;1;1;0;6.12
80;BFDC;1111;1;1;0;6.12
80;BFDC;1109;1;1;0;6.12
80;BFDC;1116;1;1;0;6.12
80;BFDC;1110;1;1;0;6.12
80;BFDC;1110;1;1;0;6.12
80;BFDC;1116;1;1;0;6.12
80;BFDC;1108;1;1;0;6.12
80;BFDC;1105;1;1;0;6.12
80;BFDC;1119;1;1;0;6.12
80;BFDC;1112;1;1;0;6.12
80;BFDC;1112;1;1;0;6.12
80;BFDC;1112;1;1;0;6.12
80;BFDC;1107;1;1;0;6.12
80;BFDC;1204;1;1;0;6.66
80;BFDC;1190;1;1;0;6.66
80;BFDC;1192;1;1;0;6.66
80;BFDC;1193;1;1;0;6.66
80;BFDC;1189;1;1;0;6.66
80;BFDC;1197;1;1;0;6.66
80;BFDC;1189;1;1;0;6.66
80;BFDC;1190;1;1;0;6.66
80;BFDC;1193;1;1;0;6.66
80;BFDC;1187;1;1;0;6.66
80;BFDC;1187;1;1;0;6.66
80;BFDC;1199;1;1;0;6.66
80;BFDC;1189;1;1;0;6.66
80;BFDC;1185;1;1;0;6.66
80;BFDC;1187;1;1;0;6.66
80;BFDC;1191;1;1;0;6.66
80;BFDC;1197;1;1;0;6.66
80;BFDC;1189;1;1;0;6.66
80;BFDC;1188;1;1;0;6.66
80;BFDC;1210;1;1;0;6.66
80;BFDC;1204;1;1;0;6.55
80;BFDC;1199;1;1;0;6.55
80;BFDC;1207;1;1;0;6.55
80;BFDC;1201;1;1;0;6.55
80;BFDC;1206;1;1;0;6.55
80;BFDC;1200;1;1;0;6.55
80;BFDC;1200;1;1;0;6.55
80;BFDC;1206;1;1;0;6.55
80;BFDC;1199;1;1;0;6.55
80;BFDC;1201;1;1;0;6.55
80;BFDC;1218;1;1;0;6.55
80;BFDC;1197;1;1;0;6.55
80;BFDC;1199;1;1;0;6.55
80;BFDC;1198;1;1;0;6.55
80;BFDC;1199;1;1;0;6.55
80;BFDC;1212;1;1;0;6.55
80;BFDC;1198;1;1;0;6.55
80;BFDC;1200;1;1;0;6.55
80;BFDC;1206;1;1;0;6.55
80;BFDC;1200;1;1;0;6.55
80;CRA;17239;1;1;0;37.81
80;CRA;17064;1;1;0;37.81
80;CRA;17072;1;1;0;37.81
80;CRA;17102;1;1;0;37.81
80;CRA;17056;1;1;0;37.81
80;CRA;17067;1;1;0;37.81
80;CRA;17071;1;1;0;37.81
80;CRA;17072;1;1;0;37.81
80;CRA;17076;1;1;0;37.81
80;CRA;17075;1;1;0;37.81
80;CRA;17072;1;1;0;37.81
80;CRA;17055;1;1;0;37.81
80;CRA;17091;1;1;0;37.81
80;CRA;17086;1;1;0;37.81
80;CRA;17059;1;1;0;37.81
80;CRA;17075;1;1;0;37.81
80;CRA;17076;1;1;0;37.81
80;CRA;17075;1;1;0;37.81
80;CRA;17078;1;1;0;37.81
80;CRA;17087;1;1;0;37.81
80;CRA;11431;1;1;0;26.70
80;CRA;11330;1;1;0;26.70
80;CRA;11328;1;1;0;26.70
80;CRA;11328;1;1;0;26.70
80;CRA;11342;1;1;0;26.70
80;CRA;11333;1;1;0;26.70
80;CRA;11353;1;1;0;26.70
80;CRA;11334;1;1;0;26.70
80;CRA;11339;1;1;0;26.70
80;CRA;11329;1;1;0;26.70
80;CRA;11333;1;1;0;26.70
80;CRA;11340;1;1;0;26.70
80;CRA;11337;1;1;0;26.70
80;CRA;11334;1;1;0;26.70
80;CRA;11332;1;1;0;26.70
80;CRA;11331;1;1;0;26.70
80;CRA;11331;1;1;0;26.70
80;CRA;11324;1;1;0;26.70
80;CRA;11336;1;1;0;26.70
80;CRA;11335;1;1;0;26.70
80;CRA;9733;1;1;0;23.41
80;CRA;9578;1;1;0;23.41
80;CRA;9577;1;1;0;23.41
80;CRA;9568;1;1;0;23.41
80;CRA;9579;1;1;0;23.41
80;CRA;9577;1;1;0;23.41
80;CRA;9587;1;1;0;23.41
80;CRA;9582;1;1;0;23.41
80;CRA;9574;1;1;0;23.41
80;CRA;9573;1;1;0;23.41
80;CRA;9591;1;1;0;23.41
80;CRA;9597;1;1;0;23.41
80;CRA;9576;1;1;0;23.41
80;CRA;9588;1;1;0;23.41
80;CRA;9589;1;1;0;23.41
80;CRA;9581;1;1;0;23.41
80;CRA;9586;1;1;0;23.41
80;CRA;9581;1;1;0;23.41
80;CRA;9607;1;1;0;23.41
80;CRA;9593;1;1;0;23.41
50;RULT;5113;1;1;0;19.42
50;RULT;4863;1;1;0;19.42
50;RULT;4857;1;1;0;19.42
50;RULT;4852;1;1;0;19.42
50;RULT;4855;1;1;0;19.42
50;RULT;4869;1;1;0;19.42
50;RULT;4887;1;1;0;19.42
50;RULT;4950;1;1;0;19.42
50;RULT;4883;1;1;0;19.42
50;RULT;4861;1;1;0;19.42
50;RULT;4925;1;1;0;19.42
50;RULT;4882;1;1;0;19.42
50;RULT;4877;1;1;0;19.42
50;RULT;5012;1;1;0;19.42
50;RULT;4903;1;1;0;19.42
50;RULT;4884;1;1;0;19.42
50;RULT;4948;1;1;0;19.42
50;RULT;4861;1;1;0;19.42
50;RULT;4868;1;1;0;19.42
50;RULT;4933;1;1;0;19.42
50;RULT;4633;1;1;0;17.69
50;RULT;4620;1;1;0;17.69
50;RULT;4606;1;1;0;17.69
50;RULT;4617;1;1;0;17.69
50;RULT;4616;1;1;0;17.69
50;RULT;4617;1;1;0;17.69
50;RULT;4621;1;1;0;17.69
50;RULT;4627;1;1;0;17.69
50;RULT;4629;1;1;0;17.69
50;RULT;4621;1;1;0;17.69
50;RULT;4624;1;1;0;17.69
50;RULT;4621;1;1;0;17.69
50;RULT;4617;1;1;0;17.69
50;RULT;4642;1;1;0;17.69
50;RULT;4635;1;1;0;17.69
50;RULT;4617;1;1;0;17.69
50;RULT;4622;1;1;0;17.69
50;RULT;4617;1;1;0;17.69
50;RULT;4623;1;1;0;17.69
50;RULT;4617;1;1;0;17.69
50;RULT;4174;1;1;0;16.20
50;RULT;3954;1;1;0;16.20
50;RULT;3951;1;1;0;16.20
50;RULT;3950;1;1;0;16.20
50;RULT;3947;1;1;0;16.20
50;RULT;3950;1;1;0;16.20
50;RULT;3957;1;1;0;16.20
50;RULT;3948;1;1;0;16.20
50;RULT;3951;1;1;0;16.20
50;RULT;3951;1;1;0;16.20
50;RULT;3958;1;1;0;16.20
50;RULT;3955;1;1;0;16.20
50;RULT;3949;1;1;0;16.20
50;RULT;3952;1;1;0;16.20
50;RULT;3954;1;1;0;16.20
50;RULT;3953;1;1;0;16.20
50;RULT;3959;1;1;0;16.20
50;RULT;3959;1;1;0;16.20
50;RULT;3945;1;1;0;16.20
50;RULT;3945;1;1;0;16.20
50;ILP;331997;1;1;0;0.00
50;ILP;329010;1;1;0;0.00
50;ILP;334271;1;1;0;0.00
50;ILP;322467;1;1;0;0.00
50;ILP;327501;1;1;0;0.00
50;ILP;330810;1;1;0;0.00
50;ILP;317764;1;1;0;0.00
50;ILP;326152;1;1;0;0.00
50;ILP;332516;1;1;0;0.00
50;ILP;324563;1;1;0;0.00
50;ILP;325929;1;1;0;0.00
50;ILP;336800;1;1;0;0.00
50;ILP;326163;1;1;0;0.00
50;ILP;321862;1;1;0;0.00
50;ILP;333237;1;1;0;0.00
50;ILP;332043;1;1;0;0.00
50;ILP;333551;1;1;0;0.00
50;ILP;336123;1;1;0;0.00
50;ILP;333733;1;1;0;0.00
50;ILP;331067;1;1;0;0.00
50;ILP;334227;1;1;0;0.00
50;ILP;331123;1;1;0;0.00
50;ILP;331407;1;1;0;0.00
50;ILP;329095;1;1;0;0.00
50;ILP;328731;1;1;0;0.00
50;ILP;334866;1;1;0;0.00
50;ILP;332916;1;1;0;0.00
50;ILP;333506;1;1;0;0.00
50;ILP;329114;1;1;0;0.00
50;ILP;327149;1;1;0;0.00
50;ILP;329351;1;1;0;0.00
50;ILP;337783;1;1;0;0.00
50;ILP;324088;1;1;0;0.00
50;ILP;335762;1;1;0;0.00
50;ILP;331060;1;1;0;0.00
50;ILP;339889;1;1;0;0.00
50;ILP;334047;1;1;0;0.00
50;ILP;326657;1;1;0;0.00
50;ILP;333587;1;1;0;0.00
50;ILP;321562;1;1;0;0.00
50;ILP;344088;1;1;0;0.00
50;ILP;337614;1;1;0;0.00
50;ILP;332532;1;1;0;0.00
50;ILP;334273;1;1;0;0.00
50;ILP;332714;1;1;0;0.00
50;ILP;316830;1;1;0;0.00
50;ILP;335423;1;1;0;0.00
50;ILP;335079;1;1;0;0.00
50;ILP;329803;1;1;0;0.00
50;ILP;331307;1;1;0;0.00
50;ILP;306206;1;1;0;0.00
50;ILP;322746;1;1;0;0.00
50;ILP;328744;1;1;0;0.00
50;ILP;328486;1;1;0;0.00
50;ILP;324383;1;1;0;0.00
50;ILP;324377;1;1;0;0.00
50;ILP;323912;1;1;0;0.00
50;ILP;323505;1;1;0;0.00
50;ILP;324973;1;1;0;0.00
50;ILP;326992;1;1;0;0.00
50;CP;1609602;1;1;0;0.00
50;CP;1514458;1;1;0;0.00
50;CP;1545842;1;1;0;0.00
50;CP;1512453;1;1;0;0.00
50;CP;1527618;1;1;0;0.00
50;CP;1522771;1;1;0;0.00
50;CP;1525617;1;1;0;0.00
50;CP;1518222;1;1;0;0.00
50;CP;1520383;1;1;0;0.00
50;CP;1533554;1;1;0;0.00
50;CP;1459344;1;1;0;0.00
50;CP;1455497;1;1;0;0.00
50;CP;1447787;1;1;0;0.00
50;CP;1439727;1;1;0;0.00
50;CP;1357548;1;1;0;0.00
50;CP;1367913;1;1;0;0.00
50;CP;1361448;1;1;0;0.00
50;CP;1365757;1;1;0;0.00
50;CP;1366153;1;1;0;0.00
50;CP;1365560;1;1;0;0.00
50;CP;1588077;1;1;0;0.00
50;CP;1500618;1;1;0;0.00
50;CP;1504455;1;1;0;0.00
50;CP;1513028;1;1;0;0.00
50;CP;1500136;1;1;0;0.00
50;CP;1509391;1;1;0;0.00
50;CP;1509037;1;1;0;0.00
50;CP;1501392;1;1;0;0.00
50;CP;1512630;1;1;0;0.00
50;CP;1516181;1;1;0;0.00
50;CP;1509117;1;1;0;0.00
50;CP;1510066;1;1;0;0.00
50;CP;1518881;1;1;0;0.00
50;CP;1514954;1;1;0;0.00
50;CP;1504120;1;1;0;0.00
50;CP;1519685;1;1;0;0.00
50;CP;1488657;1;1;0;0.00
50;CP;1420126;1;1;0;0.00
50;CP;1407976;1;1;0;0.00
50;CP;1410244;1;1;0;0.00
50;CP;1543930;1;1;0;0.00
50;CP;1475841;1;1;0;0.00
50;CP;1481327;1;1;0;0.00
50;CP;1471105;1;1;0;0.00
50;CP;1490814;1;1;0;0.00
50;CP;1488835;1;1;0;0.00
50;CP;1481465;1;1;0;0.00
50;CP;1480523;1;1;0;0.00
50;CP;1493165;1;1;0;0.00
50;CP;1494107;1;1;0;0.00
50;CP;1494362;1;1;0;0.00
50;CP;1494505;1;1;0;0.00
50;CP;1501264;1;1;0;0.00
50;CP;1504085;1;1;0;0.00
50;CP;1494095;1;1;0;0.00
50;CP;1490208;1;1;0;0.00
50;CP;1495629;1;1;0;0.00
50;CP;1500887;1;1;0;0.00
50;CP;1499485;1;1;0;0.00
50;CP;1503552;1;1;0;0.00
50;SCP;1430968;1;1;0;0.00
50;SCP;1410331;1;1;0;0.00
50;SCP;1412825;1;1;0;0.00
50;SCP;1414442;1;1;0;0.00
50;SCP;1423161;1;1;0;0.00
50;SCP;1410591;1;1;0;0.00
50;SCP;1415868;1;1;0;0.00
50;SCP;1422422;1;1;0;0.00
50;SCP;1412930;1;1;0;0.00
50;SCP;1412293;1;1;0;0.00
50;SCP;1426624;1;1;0;0.00
50;SCP;1422360;1;1;0;0.00
50;SCP;1415332;1;1;0;0.00
50;SCP;1415535;1;1;0;0.00
50;SCP;1423114;1;1;0;0.00
50;SCP;1416480;1;1;0;0.00
50;SCP;1410807;1;1;0;0.00
50;SCP;1415416;1;1;0;0.00
50;SCP;1411530;1;1;0;0.00
50;SCP;1412231;1;1;0;0.00
50;SCP;728421;1;1;0;0.00
50;SCP;660367;1;1;0;0.00
50;SCP;663866;1;1;0;0.00
50;SCP;661511;1;1;0;0.00
50;SCP;663509;1;1;0;0.00
50;SCP;662901;1;1;0;0.00
50;SCP;663016;1;1;0;0.00
50;SCP;661546;1;1;0;0.00
50;SCP;664053;1;1;0;0.00
50;SCP;660054;1;1;0;0.00
50;SCP;664895;1;1;0;0.00
50;SCP;660095;1;1;0;0.00
50;SCP;668755;1;1;0;0.00
50;SCP;661070;1;1;0;0.00
50;SCP;666117;1;1;0;0.00
50;SCP;660300;1;1;0;0.00
50;SCP;667944;1;1;0;0.00
50;SCP;659812;1;1;0;0.00
50;SCP;667209;1;1;0;0.00
50;SCP;661336;1;1;0;0.00
50;SCP;1508641;1;1;0;0.00
50;SCP;1339571;1;1;0;0.00
50;SCP;1337533;1;1;0;0.00
50;SCP;1345663;1;1;0;0.00
50;SCP;1329110;1;1;0;0.00
50;SCP;1335500;1;1;0;0.00
50;SCP;1333080;1;1;0;0.00
50;SCP;1331174;1;1;0;0.00
50;SCP;1346972;1;1;0;0.00
50;SCP;1348952;1;1;0;0.00
50;SCP;1338273;1;1;0;0.00
50;SCP;1350111;1;1;0;0.00
50;SCP;1332916;1;1;0;0.00
50;SCP;1330875;1;1;0;0.00
50;SCP;1344738;1;1;0;0.00
50;SCP;1338625;1;1;0;0.00
50;SCP;1328995;1;1;0;0.00
50;SCP;1329353;1;1;0;0.00
50;SCP;1323292;1;1;0;0.00
50;SCP;1346233;1;1;0;0.00
50;BFDC;1045;1;1;0;6.17
50;BFDC;1034;1;1;0;6.17
50;BFDC;1030;1;1;0;6.17
50;BFDC;1034;1;1;0;6.17
50;BFDC;1038;1;1;0;6.17
50;BFDC;1040;1;1;0;6.17
50;BFDC;1037;1;1;0;6.17
50;BFDC;1039;1;1;0;6.17
50;BFDC;1033;1;1;0;6.17
50;BFDC;1031;1;1;0;6.17
50;BFDC;1037;1;1;0;6.17
50;BFDC;1032;1;1;0;6.17
50;BFDC;1033;1;1;0;6.17
50;BFDC;1042;1;1;0;6.17
50;BFDC;1036;1;1;0;6.17
50;BFDC;1033;1;1;0;6.17
50;BFDC;1037;1;1;0;6.17
50;BFDC;1032;1;1;0;6.17
50;BFDC;1034;1;1;0;6.17
50;BFDC;1037;1;1;0;6.17
50;BFDC;1114;1;1;0;6.60
50;BFDC;1119;1;1;0;6.60
50;BFDC;1108;1;1;0;6.60
50;BFDC;1109;1;1;0;6.60
50;BFDC;1113;1;1;0;6.60
50;BFDC;1109;1;1;0;6.60
50;BFDC;1110;1;1;0;6.60
50;BFDC;1113;1;1;0;6.60
50;BFDC;1108;1;1;0;6.60
50;BFDC;1112;1;1;0;6.60
50;BFDC;1121;1;1;0;6.60
50;BFDC;1120;1;1;0;6.60
50;BFDC;1123;1;1;0;6.60
50;BFDC;1124;1;1;0;6.60
50;BFDC;1110;1;1;0;6.60
50;BFDC;1112;1;1;0;6.60
50;BFDC;1116;1;1;0;6.60
50;BFDC;1111;1;1;0;6.60
50;BFDC;1111;1;1;0;6.60
50;BFDC;1118;1;1;0;6.60
50;BFDC;1100;1;1;0;6.46
50;BFDC;1100;1;1;0;6.46
50;BFDC;1100;1;1;0;6.46
50;BFDC;1098;1;1;0;6.46
50;BFDC;1094;1;1;0;6.46
50;BFDC;1094;1;1;0;6.46
50;BFDC;1092;1;1;0;6.46
50;BFDC;1102;1;1;0;6.46
50;BFDC;1098;1;1;0;6.46
50;BFDC;1098;1;1;0;6.46
50;BFDC;1097;1;1;0;6.46
50;BFDC;1097;1;1;0;6.46
50;BFDC;1094;1;1;0;6.46
50;BFDC;1097;1;1;0;6.46
50;BFDC;1096;1;1;0;6.46
50;BFDC;1095;1;1;0;6.46
50;BFDC;1096;1;1;0;6.46
50;BFDC;1097;1;1;0;6.46
50;BFDC;1097;1;1;0;6.46
50;BFDC;1097;1;1;0;6.46
50;CRA;5441;1;1;0;15.02
50;CRA;5340;1;1;0;15.02
50;CRA;5333;1;1;0;15.02
50;CRA;5335;1;1;0;15.02
50;CRA;5330;1;1;0;15.02
50;CRA;5332;1;1;0;15.02
50;CRA;5341;1;1;0;15.02
50;CRA;5335;1;1;0;15.02
50;CRA;5332;1;1;0;15.02
50;CRA;5344;1;1;0;15.02
50;CRA;5336;1;1;0;15.02
50;CRA;5333;1;1;0;15.02
50;CRA;9082;1;1;0;15.02
50;CRA;5346;1;1;0;15.02
50;CRA;5332;1;1;0;15.02
50;CRA;5340;1;1;0;15.02
50;CRA;5342;1;1;0;15.02
50;CRA;5342;1;1;0;15.02
50;CRA;5336;1;1;0;15.02
50;CRA;5339;1;1;0;15.02
50;CRA;4383;1;1;0;13.22
50;CRA;4340;1;1;0;13.22
50;CRA;4341;1;1;0;13.22
50;CRA;4342;1;1;0;13.22
50;CRA;4354;1;1;0;13.22
50;CRA;4346;1;1;0;13.22
50;CRA;4336;1;1;0;13.22
50;CRA;4347;1;1;0;13.22
50;CRA;4361;1;1;0;13.22
50;CRA;4352;1;1;0;13.22
50;CRA;4348;1;1;0;13.22
50;CRA;4348;1;1;0;13.22
50;CRA;4357;1;1;0;13.22
50;CRA;4353;1;1;0;13.22
50;CRA;4353;1;1;0;13.22
50;CRA;4355;1;1;0;13.22
50;CRA;4344;1;1;0;13.22
50;CRA;4340;1;1;0;13.22
50;CRA;4339;1;1;0;13.22
50;CRA;4358;1;1;0;13.22
50;CRA;12448;1;1;0;28.51
50;CRA;12385;1;1;0;28.51
50;CRA;12381;1;1;0;28.51
50;CRA;12381;1;1;0;28.51
50;CRA;12378;1;1;0;28.51
50;CRA;12393;1;1;0;28.51
50;CRA;12364;1;1;0;28.51
50;CRA;12385;1;1;0;28.51
50;CRA;12371;1;1;0;28.51
50;CRA;12384;1;1;0;28.51
50;CRA;12397;1;1;0;28.51
50;CRA;12386;1;1;0;28.51
50;CRA;12387;1;1;0;28.51
50;CRA;12387;1;1;0;28.51
50;CRA;12379;1;1;0;28.51
50;CRA;12376;1;1;0;28.51
50;CRA;12388;1;1;0;28.51
50;CRA;12408;1;1;0;28.51
50;CRA;12396;1;1;0;28.51
50;CRA;12381;1;1;0;28.51
40;RULT;4049;1;1;0;16.07
40;RULT;3931;1;1;0;16.07
40;RULT;3935;1;1;0;16.07
40;RULT;3931;1;1;0;16.07
40;RULT;3928;1;1;0;16.07
40;RULT;3926;1;1;0;16.07
40;RULT;3929;1;1;0;16.07
40;RULT;3966;1;1;0;16.07
40;RULT;4317;1;1;0;16.07
40;RULT;4257;1;1;0;16.07
40;RULT;4085;1;1;0;16.07
40;RULT;3952;1;1;0;16.07
40;RULT;3993;1;1;0;16.07
40;RULT;3993;1;1;0;16.07
40;RULT;3932;1;1;0;16.07
40;RULT;3933;1;1;0;16.07
40;RULT;3932;1;1;0;16.07
40;RULT;3935;1;1;0;16.07
40;RULT;3935;1;1;0;16.07
40;RULT;3943;1;1;0;16.07
40;RULT;3881;1;1;0;16.48
40;RULT;3818;1;1;0;16.48
40;RULT;3803;1;1;0;16.48
40;RULT;3805;1;1;0;16.48
40;RULT;3807;1;1;0;16.48
40;RULT;3813;1;1;0;16.48
40;RULT;3810;1;1;0;16.48
40;RULT;3812;1;1;0;16.48
40;RULT;3810;1;1;0;16.48
40;RULT;3811;1;1;0;16.48
40;RULT;3813;1;1;0;16.48
40;RULT;3810;1;1;0;16.48
40;RULT;3806;1;1;0;16.48
40;RULT;3809;1;1;0;16.48
40;RULT;3812;1;1;0;16.48
40;RULT;3813;1;1;0;16.48
40;RULT;3806;1;1;0;16.48
40;RULT;3806;1;1;0;16.48
40;RULT;3812;1;1;0;16.48
40;RULT;3817;1;1;0;16.48
40;RULT;4092;1;1;0;16.76
40;RULT;4017;1;1;0;16.76
40;RULT;4010;1;1;0;16.76
40;RULT;4012;1;1;0;16.76
40;RULT;4008;1;1;0;16.76
40;RULT;4012;1;1;0;16.76
40;RULT;4012;1;1;0;16.76
40;RULT;4012;1;1;0;16.76
40;RULT;4010;1;1;0;16.76
40;RULT;4006;1;1;0;16.76
40;RULT;4013;1;1;0;16.76
40;RULT;4015;1;1;0;16.76
40;RULT;4013;1;1;0;16.76
40;RULT;4014;1;1;0;16.76
40;RULT;4013;1;1;0;16.76
40;RULT;4003;1;1;0;16.76
40;RULT;4013;1;1;0;16.76
40;RULT;4017;1;1;0;16.76
40;RULT;4009;1;1;0;16.76
40;RULT;4002;1;1;0;16.76
40;ILP;286176;1;1;0;0.00
40;ILP;288949;1;1;0;0.00
40;ILP;276966;1;1;0;0.00
40;ILP;290314;1;1;0;0.00
40;ILP;285450;1;1;0;0.00
40;ILP;293719;1;1;0;0.00
40;ILP;284622;1;1;0;0.00
40;ILP;279990;1;1;0;0.00
40;ILP;287448;1;1;0;0.00
40;ILP;277043;1;1;0;0.00
40;ILP;284330;1;1;0;0.00
40;ILP;282013;1;1;0;0.00
40;ILP;279205;1;1;0;0.00
40;ILP;290518;1;1;0;0.00
40;ILP;286822;1;1;0;0.00
40;ILP;289272;1;1;0;0.00
40;ILP;281470;1;1;0;0.00
40;ILP;280145;1;1;0;0.00
40;ILP;290628;1;1;0;0.00
40;ILP;277987;1;1;0;0.00
40;ILP;298409;1;1;0;0.00
40;ILP;295255;1;1;0;0.00
40;ILP;294353;1;1;0;0.00
40;ILP;279982;1;1;0;0.00
40;ILP;291276;1;1;0;0.00
40;ILP;291875;1;1;0;0.00
40;ILP;292780;1;1;0;0.00
40;ILP;296858;1;1;0;0.00
40;ILP;294892;1;1;0;0.00
40;ILP;283765;1;1;0;0.00
40;ILP;287136;1;1;0;0.00
40;ILP;296200;1;1;0;0.00
40;ILP;293429;1;1;0;0.00
40;ILP;293586;1;1;0;0.00
40;ILP;295037;1;1;0;0.00
40;ILP;283692;1;1;0;0.00
40;ILP;289594;1;1;0;0.00
40;ILP;293788;1;1;0;0.00
40;ILP;290686;1;1;0;0.00
40;ILP;295409;1;1;0;0.00
40;ILP;271831;1;1;0;0.00
40;ILP;270646;1;1;0;0.00
40;ILP;244328;1;1;0;0.00
40;ILP;264500;1;1;0;0.00
40;ILP;266687;1;1;0;0.00
40;ILP;266229;1;1;0;0.00
40;ILP;264657;1;1;0;0.00
40;ILP;266572;1;1;0;0.00
40;ILP;251941;1;1;0;0.00
40;ILP;257533;1;1;0;0.00
40;ILP;266486;1;1;0;0.00
40;ILP;265634;1;1;0;0.00
40;ILP;264395;1;1;0;0.00
40;ILP;265837;1;1;0;0.00
40;ILP;265134;1;1;0;0.00
40;ILP;243316;1;1;0;0.00
40;ILP;266409;1;1;0;0.00
40;ILP;266157;1;1;0;0.00
40;ILP;263118;1;1;0;0.00
40;ILP;266990;1;1;0;0.00
40;CP;1440797;1;1;0;0.00
40;CP;1357203;1;1;0;0.00
40;CP;1360329;1;1;0;0.00
40;CP;1357451;1;1;0;0.00
40;CP;1354033;1;1;0;0.00
40;CP;1370371;1;1;0;0.00
40;CP;1369625;1;1;0;0.00
40;CP;1274297;1;1;0;0.00
40;CP;1273073;1;1;0;0.00
40;CP;1267989;1;1;0;0.00
40;CP;1268802;1;1;0;0.00
40;CP;1275455;1;1;0;0.00
40;CP;1277262;1;1;0;0.00
40;CP;1278248;1;1;0;0.00
40;CP;1275017;1;1;0;0.00
40;CP;1269995;1;1;0;0.00
40;CP;1275770;1;1;0;0.00
40;CP;1273898;1;1;0;0.00
40;CP;1266646;1;1;0;0.00
40;CP;1264780;1;1;0;0.00
40;CP;1232517;1;1;0;0.00
40;CP;1236727;1;1;0;0.00
40;CP;1235408;1;1;0;0.00
40;CP;1219297;1;1;0;0.00
40;CP;1222236;1;1;0;0.00
40;CP;1218428;1;1;0;0.00
40;CP;1223039;1;1;0;0.00
40;CP;1217447;1;1;0;0.00
40;CP;1240707;1;1;0;0.00
40;CP;1229537;1;1;0;0.00
40;CP;1234865;1;1;0;0.00
40;CP;1243332;1;1;0;0.00
40;CP;1241361;1;1;0;0.00
40;CP;1256318;1;1;0;0.00
40;CP;1237872;1;1;0;0.00
40;CP;1224903;1;1;0;0.00
40;CP;1250841;1;1;0;0.00
40;CP;1234776;1;1;0;0.00
40;CP;1256786;1;1;0;0.00
40;CP;1232992;1;1;0;0.00
40;CP;1250035;1;1;0;0.00
40;CP;1221370;1;1;0;0.00
40;CP;1190771;1;1;0;0.00
40;CP;1228451;1;1;0;0.00
40;CP;1208141;1;1;0;0.00
40;CP;1218855;1;1;0;0.00
40;CP;1189848;1;1;0;0.00
40;CP;1212931;1;1;0;0.00
40;CP;1204631;1;1;0;0.00
40;CP;1207611;1;1;0;0.00
40;CP;1217320;1;1;0;0.00
40;CP;1205192;1;1;0;0.00
40;CP;1211700;1;1;0;0.00
40;CP;1219602;1;1;0;0.00
40;CP;1227075;1;1;0;0.00
40;CP;1216998;1;1;0;0.00
40;CP;1204429;1;1;0;0.00
40;CP;1224561;1;1;0;0.00
40;CP;1224100;1;1;0;0.00
40;CP;1210406;1;1;0;0.00
40;SCP;1025413;1;1;0;0.00
40;SCP;1005616;1;1;0;0.00
40;SCP;1006589;1;1;0;0.00
40;SCP;1010990;1;1;0;0.00
40;SCP;1005726;1;1;0;0.00
40;SCP;1006049;1;1;0;0.00
40;SCP;1003646;1;1;0;0.00
40;SCP;1002228;1;1;0;0.00
40;SCP;1001657;1;1;0;0.00
40;SCP;1001072;1;1;0;0.00
40;SCP;1001955;1;1;0;0.00
40;SCP;1006501;1;1;0;0.00
40;SCP;1002035;1;1;0;0.00
40;SCP;1001748;1;1;0;0.00
40;SCP;1002018;1;1;0;0.00
40;SCP;1001482;1;1;0;0.00
40;SCP;1001448;1;1;0;0.00
40;SCP;1002615;1;1;0;0.00
40;SCP;1001791;1;1;0;0.00
40;SCP;1007994;1;1;0;0.00
40;SCP;284937;1;1;0;0.00
40;SCP;283150;1;1;0;0.00
40;SCP;283632;1;1;0;0.00
40;SCP;283766;1;1;0;0.00
40;SCP;288020;1;1;0;0.00
40;SCP;284736;1;1;0;0.00
40;SCP;285997;1;1;0;0.00
40;SCP;288125;1;1;0;0.00
40;SCP;283539;1;1;0;0.00
40;SCP;285455;1;1;0;0.00
40;SCP;287121;1;1;0;0.00
40;SCP;283639;1;1;0;0.00
40;SCP;286100;1;1;0;0.00
40;SCP;283764;1;1;0;0.00
40;SCP;285763;1;1;0;0.00
40;SCP;291080;1;1;0;0.00
40;SCP;281015;1;1;0;0.00
40;SCP;285482;1;1;0;0.00
40;SCP;282725;1;1;0;0.00
40;SCP;282494;1;1;0;0.00
40;SCP;1188011;1;1;0;0.00
40;SCP;1168480;1;1;0;0.00
40;SCP;1170728;1;1;0;0.00
40;SCP;1173256;1;1;0;0.00
40;SCP;1172372;1;1;0;0.00
40;SCP;1179104;1;1;0;0.00
40;SCP;1174577;1;1;0;0.00
40;SCP;1170721;1;1;0;0.00
40;SCP;1173025;1;1;0;0.00
40;SCP;1173787;1;1;0;0.00
40;SCP;1176342;1;1;0;0.00
40;SCP;1169776;1;1;0;0.00
40;SCP;1173834;1;1;0;0.00
40;SCP;1173590;1;1;0;0.00
40;SCP;1166965;1;1;0;0.00
40;SCP;1156584;1;1;0;0.00
40;SCP;1167308;1;1;0;0.00
40;SCP;1169281;1;1;0;0.00
40;SCP;1169514;1;1;0;0.00
40;SCP;1166341;1;1;0;0.00
40;BFDC;1082;1;1;0;6.40
40;BFDC;1077;1;1;0;6.40
40;BFDC;1076;1;1;0;6.40
40;BFDC;1076;1;1;0;6.40
40;BFDC;1077;1;1;0;6.40
40;BFDC;1089;1;1;0;6.40
40;BFDC;1076;1;1;0;6.40
40;BFDC;1074;1;1;0;6.40
40;BFDC;1081;1;1;0;6.40
40;BFDC;1076;1;1;0;6.40
40;BFDC;1077;1;1;0;6.40
40;BFDC;1099;1;1;0;6.40
40;BFDC;1079;1;1;0;6.40
40;BFDC;1082;1;1;0;6.40
40;BFDC;1099;1;1;0;6.40
40;BFDC;1098;1;1;0;6.40
40;BFDC;1098;1;1;0;6.40
40;BFDC;1086;1;1;0;6.40
40;BFDC;1075;1;1;0;6.40
40;BFDC;1078;1;1;0;6.40
40;BFDC;1209;1;1;0;7.35
40;BFDC;1223;1;1;0;7.35
40;BFDC;1206;1;1;0;7.35
40;BFDC;1205;1;1;0;7.35
40;BFDC;1211;1;1;0;7.35
40;BFDC;1208;1;1;0;7.35
40;BFDC;1207;1;1;0;7.35
40;BFDC;1212;1;1;0;7.35
40;BFDC;1207;1;1;0;7.35
40;BFDC;1208;1;1;0;7.35
40;BFDC;1209;1;1;0;7.35
40;BFDC;1207;1;1;0;7.35
40;BFDC;1209;1;1;0;7.35
40;BFDC;1205;1;1;0;7.35
40;BFDC;1204;1;1;0;7.35
40;BFDC;1207;1;1;0;7.35
40;BFDC;1202;1;1;0;7.35
40;BFDC;1206;1;1;0;7.35
40;BFDC;1209;1;1;0;7.35
40;BFDC;1205;1;1;0;7.35
40;BFDC;1036;1;1;0;6.07
40;BFDC;1025;1;1;0;6.07
40;BFDC;1025;1;1;0;6.07
40;BFDC;1029;1;1;0;6.07
40;BFDC;1023;1;1;0;6.07
40;BFDC;1022;1;1;0;6.07
40;BFDC;1030;1;1;0;6.07
40;BFDC;1025;1;1;0;6.07
40;BFDC;1027;1;1;0;6.07
40;BFDC;1027;1;1;0;6.07
40;BFDC;1023;1;1;0;6.07
40;BFDC;1025;1;1;0;6.07
40;BFDC;1023;1;1;0;6.07
40;BFDC;1026;1;1;0;6.07
40;BFDC;1025;1;1;0;6.07
40;BFDC;1023;1;1;0;6.07
40;BFDC;1028;1;1;0;6.07
40;BFDC;1025;1;1;0;6.07
40;BFDC;1022;1;1;0;6.07
40;BFDC;1026;1;1;0;6.07
40;CRA;17642;1;1;0;39.11
40;CRA;17467;1;1;0;39.11
40;CRA;17458;1;1;0;39.11
40;CRA;17455;1;1;0;39.11
40;CRA;17490;1;1;0;39.11
40;CRA;17482;1;1;0;39.11
40;CRA;17469;1;1;0;39.11
40;CRA;17481;1;1;0;39.11
40;CRA;17468;1;1;0;39.11
40;CRA;17493;1;1;0;39.11
40;CRA;17471;1;1;0;39.11
40;CRA;17476;1;1;0;39.11
40;CRA;17574;1;1;0;39.11
40;CRA;17535;1;1;0;39.11
40;CRA;17468;1;1;0;39.11
40;CRA;17502;1;1;0;39.11
40;CRA;17469;1;1;0;39.11
40;CRA;17487;1;1;0;39.11
40;CRA;17464;1;1;0;39.11
40;CRA;17476;1;1;0;39.11
40;CRA;4958;1;1;0;14.75
40;CRA;4925;1;1;0;14.75
40;CRA;4927;1;1;0;14.75
40;CRA;4936;1;1;0;14.75
40;CRA;4929;1;1;0;14.75
40;CRA;4927;1;1;0;14.75
40;CRA;4927;1;1;0;14.75
40;CRA;4938;1;1;0;14.75
40;CRA;4923;1;1;0;14.75
40;CRA;4930;1;1;0;14.75
40;CRA;4923;1;1;0;14.75
40;CRA;4926;1;1;0;14.75
40;CRA;4930;1;1;0;14.75
40;CRA;4938;1;1;0;14.75
40;CRA;4921;1;1;0;14.75
40;CRA;4940;1;1;0;14.75
40;CRA;4926;1;1;0;14.75
40;CRA;4924;1;1;0;14.75
40;CRA;4919;1;1;0;14.75
40;CRA;4946;1;1;0;14.75
40;CRA;10970;1;1;0;25.79
40;CRA;10912;1;1;0;25.79
40;CRA;10889;1;1;0;25.79
40;CRA;10904;1;1;0;25.79
40;CRA;10905;1;1;0;25.79
40;CRA;10906;1;1;0;25.79
40;CRA;10901;1;1;0;25.79
40;CRA;10918;1;1;0;25.79
40;CRA;10907;1;1;0;25.79
40;CRA;10906;1;1;0;25.79
40;CRA;10907;1;1;0;25.79
40;CRA;10895;1;1;0;25.79
40;CRA;10901;1;1;0;25.79
40;CRA;10913;1;1;0;25.79
40;CRA;10895;1;1;0;25.79
40;CRA;10903;1;1;0;25.79
40;CRA;10904;1;1;0;25.79
40;CRA;10902;1;1;0;25.79
40;CRA;10907;1;1;0;25.79
40;CRA;10907;1;1;0;25.79
30;RULT;5026;1;1;0;18.82
30;RULT;5020;1;1;0;18.82
30;RULT;5014;1;1;0;18.82
30;RULT;5020;1;1;0;18.82
30;RULT;5027;1;1;0;18.82
30;RULT;5029;1;1;0;18.82
30;RULT;5018;1;1;0;18.82
30;RULT;5029;1;1;0;18.82
30;RULT;5014;1;1;0;18.82
30;RULT;5016;1;1;0;18.82
30;RULT;5022;1;1;0;18.82
30;RULT;5018;1;1;0;18.82
30;RULT;5024;1;1;0;18.82
30;RULT;5015;1;1;0;18.82
30;RULT;5011;1;1;0;18.82
30;RULT;5023;1;1;0;18.82
30;RULT;5035;1;1;0;18.82
30;RULT;5023;1;1;0;18.82
30;RULT;5040;1;1;0;18.82
30;RULT;5039;1;1;0;18.82
30;RULT;4431;1;1;0;18.31
30;RULT;4373;1;1;0;18.31
30;RULT;4381;1;1;0;18.31
30;RULT;4375;1;1;0;18.31
30;RULT;4399;1;1;0;18.31
30;RULT;4374;1;1;0;18.31
30;RULT;4364;1;1;0;18.31
30;RULT;4369;1;1;0;18.31
30;RULT;4379;1;1;0;18.31
30;RULT;4362;1;1;0;18.31
30;RULT;4369;1;1;0;18.31
30;RULT;4362;1;1;0;18.31
30;RULT;4381;1;1;0;18.31
30;RULT;4361;1;1;0;18.31
30;RULT;4364;1;1;0;18.31
30;RULT;4360;1;1;0;18.31
30;RULT;4364;1;1;0;18.31
30;RULT;4394;1;1;0;18.31
30;RULT;4362;1;1;0;18.31
30;RULT;4368;1;1;0;18.31
30;RULT;5321;1;1;0;19.58
30;RULT;5275;1;1;0;19.58
30;RULT;5273;1;1;0;19.58
30;RULT;5279;1;1;0;19.58
30;RULT;5264;1;1;0;19.58
30;RULT;5280;1;1;0;19.58
30;RULT;5271;1;1;0;19.58
30;RULT;5275;1;1;0;19.58
30;RULT;5277;1;1;0;19.58
30;RULT;5270;1;1;0;19.58
30;RULT;5274;1;1;0;19.58
30;RULT;5258;1;1;0;19.58
30;RULT;5255;1;1;0;19.58
30;RULT;5267;1;1;0;19.58
30;RULT;5264;1;1;0;19.58
30;RULT;5267;1;1;0;19.58
30;RULT;5268;1;1;0;19.58
30;RULT;5269;1;1;0;19.58
30;RULT;5257;1;1;0;19.58
30;RULT;5273;1;1;0;19.58
30;ILP;219990;1;1;0;0.00
30;ILP;216205;1;1;0;0.00
30;ILP;220461;1;1;0;0.00
30;ILP;222353;1;1;0;0.00
30;ILP;222184;1;1;0;0.00
30;ILP;218503;1;1;0;0.00
30;ILP;227619;1;1;0;0.00
30;ILP;221823;1;1;0;0.00
30;ILP;227883;1;1;0;0.00
30;ILP;225559;1;1;0;0.00
30;ILP;223221;1;1;0;0.00
30;ILP;230578;1;1;0;0.00
30;ILP;219991;1;1;0;0.00
30;ILP;220582;1;1;0;0.00
30;ILP;226492;1;1;0;0.00
30;ILP;215774;1;1;0;0.00
30;ILP;222807;1;1;0;0.00
30;ILP;221597;1;1;0;0.00
30;ILP;225854;1;1;0;0.00
30;ILP;224862;1;1;0;0.00
30;ILP;228861;1;1;0;0.00
30;ILP;226436;1;1;0;0.00
30;ILP;228787;1;1;0;0.00
30;ILP;234828;1;1;0;0.00
30;ILP;232258;1;1;0;0.00
30;ILP;231153;1;1;0;0.00
30;ILP;229548;1;1;0;0.00
30;ILP;229843;1;1;0;0.00
30;ILP;234613;1;1;0;0.00
30;ILP;230113;1;1;0;0.00
30;ILP;234951;1;1;0;0.00
30;ILP;232436;1;1;0;0.00
30;ILP;235665;1;1;0;0.00
30;ILP;237000;1;1;0;0.00
30;ILP;236183;1;1;0;0.00
30;ILP;235237;1;1;0;0.00
30;ILP;239865;1;1;0;0.00
30;ILP;233364;1;1;0;0.00
30;ILP;232350;1;1;0;0.00
30;ILP;231952;1;1;0;0.00
30;ILP;202106;1;1;0;0.00
30;ILP;219550;1;1;0;0.00
30;ILP;218928;1;1;0;0.00
30;ILP;219270;1;1;0;0.00
30;ILP;219357;1;1;0;0.00
30;ILP;219014;1;1;0;0.00
30;ILP;218532;1;1;0;0.00
30;ILP;218624;1;1;0;0.00
30;ILP;207094;1;1;0;0.00
30;ILP;212363;1;1;0;0.00
30;ILP;218915;1;1;0;0.00
30;ILP;218367;1;1;0;0.00
30;ILP;219924;1;1;0;0.00
30;ILP;220304;1;1;0;0.00
30;ILP;217335;1;1;0;0.00
30;ILP;219002;1;1;0;0.00
30;ILP;207272;1;1;0;0.00
30;ILP;206185;1;1;0;0.00
30;ILP;211817;1;1;0;0.00
30;ILP;212265;1;1;0;0.00
30;CP;1000023;1;1;0;0.00
30;CP;979377;1;1;0;0.00
30;CP;962767;1;1;0;0.00
30;CP;977225;1;1;0;0.00
30;CP;959862;1;1;0;0.00
30;CP;973453;1;1;0;0.00
30;CP;979567;1;1;0;0.00
30;CP;978081;1;1;0;0.00
30;CP;972242;1;1;0;0.00
30;CP;963541;1;1;0;0.00
30;CP;965083;1;1;0;0.00
30;CP;955685;1;1;0;0.00
30;CP;970540;1;1;0;0.00
30;CP;972296;1;1;0;0.00
30;CP;933362;1;1;0;0.00
30;CP;907051;1;1;0;0.00
30;CP;913273;1;1;0;0.00
30;CP;921880;1;1;0;0.00
30;CP;911846;1;1;0;0.00
30;CP;915453;1;1;0;0.00
30;CP;991244;1;1;0;0.00
30;CP;951580;1;1;0;0.00
30;CP;961094;1;1;0;0.00
30;CP;958293;1;1;0;0.00
30;CP;946676;1;1;0;0.00
30;CP;966153;1;1;0;0.00
30;CP;946006;1;1;0;0.00
30;CP;963101;1;1;0;0.00
30;CP;906502;1;1;0;0.00
30;CP;902069;1;1;0;0.00
30;CP;893082;1;1;0;0.00
30;CP;895533;1;1;0;0.00
30;CP;899812;1;1;0;0.00
30;CP;906494;1;1;0;0.00
30;CP;829315;1;1;0;0.00
30;CP;827511;1;1;0;0.00
30;CP;822943;1;1;0;0.00
30;CP;823297;1;1;0;0.00
30;CP;822912;1;1;0;0.00
30;CP;822043;1;1;0;0.00
30;CP;969363;1;1;0;0.00
30;CP;923658;1;1;0;0.00
30;CP;936871;1;1;0;0.00
30;CP;947254;1;1;0;0.00
30;CP;926441;1;1;0;0.00
30;CP;938733;1;1;0;0.00
30;CP;953273;1;1;0;0.00
30;CP;954084;1;1;0;0.00
30;CP;951259;1;1;0;0.00
30;CP;952519;1;1;0;0.00
30;CP;960967;1;1;0;0.00
30;CP;953562;1;1;0;0.00
30;CP;956733;1;1;0;0.00
30;CP;950568;1;1;0;0.00
30;CP;942656;1;1;0;0.00
30;CP;946283;1;1;0;0.00
30;CP;950239;1;1;0;0.00
30;CP;948642;1;1;0;0.00
30;CP;951567;1;1;0;0.00
30;CP;953594;1;1;0;0.00
30;SCP;441244;1;1;0;0.00
30;SCP;434355;1;1;0;0.00
30;SCP;432919;1;1;0;0.00
30;SCP;435452;1;1;0;0.00
30;SCP;433229;1;1;0;0.00
30;SCP;433678;1;1;0;0.00
30;SCP;434560;1;1;0;0.00
30;SCP;433416;1;1;0;0.00
30;SCP;435188;1;1;0;0.00
30;SCP;434522;1;1;0;0.00
30;SCP;435998;1;1;0;0.00
30;SCP;432911;1;1;0;0.00
30;SCP;435866;1;1;0;0.00
30;SCP;433364;1;1;0;0.00
30;SCP;432717;1;1;0;0.00
30;SCP;434608;1;1;0;0.00
30;SCP;432969;1;1;0;0.00
30;SCP;434416;1;1;0;0.00
30;SCP;435413;1;1;0;0.00
30;SCP;435443;1;1;0;0.00
30;SCP;451858;1;1;0;0.00
30;SCP;446418;1;1;0;0.00
30;SCP;446135;1;1;0;0.00
30;SCP;445462;1;1;0;0.00
30;SCP;445708;1;1;0;0.00
30;SCP;445735;1;1;0;0.00
30;SCP;445922;1;1;0;0.00
30;SCP;444768;1;1;0;0.00
30;SCP;445670;1;1;0;0.00
30;SCP;445526;1;1;0;0.00
30;SCP;448225;1;1;0;0.00
30;SCP;446389;1;1;0;0.00
30;SCP;446115;1;1;0;0.00
30;SCP;446020;1;1;0;0.00
30;SCP;445362;1;1;0;0.00
30;SCP;445542;1;1;0;0.00
30;SCP;449131;1;1;0;0.00
30;SCP;445981;1;1;0;0.00
30;SCP;445405;1;1;0;0.00
30;SCP;445850;1;1;0;0.00
30;SCP;281814;1;1;0;0.00
30;SCP;282083;1;1;0;0.00
30;SCP;279143;1;1;0;0.00
30;SCP;280787;1;1;0;0.00
30;SCP;280731;1;1;0;0.00
30;SCP;277770;1;1;0;0.00
30;SCP;282420;1;1;0;0.00
30;SCP;276991;1;1;0;0.00
30;SCP;281305;1;1;0;0.00
30;SCP;277587;1;1;0;0.00
30;SCP;283083;1;1;0;0.00
30;SCP;281006;1;1;0;0.00
30;SCP;278995;1;1;0;0.00
30;SCP;282748;1;1;0;0.00
30;SCP;277979;1;1;0;0.00
30;SCP;276860;1;1;0;0.00
30;SCP;279109;1;1;0;0.00
30;SCP;280662;1;1;0;0.00
30;SCP;282066;1;1;0;0.00
30;SCP;273212;1;1;0;0.00
30;BFDC;1054;1;1;0;6.30
30;BFDC;1049;1;1;0;6.30
30;BFDC;1050;1;1;0;6.30
30;BFDC;1049;1;1;0;6.30
30;BFDC;1057;1;1;0;6.30
30;BFDC;1050;1;1;0;6.30
30;BFDC;1050;1;1;0;6.30
30;BFDC;1054;1;1;0;6.30
30;BFDC;1049;1;1;0;6.30
30;BFDC;1049;1;1;0;6.30
30;BFDC;1053;1;1;0;6.30
30;BFDC;1049;1;1;0;6.30
30;BFDC;1049;1;1;0;6.30
30;BFDC;1059;1;1;0;6.30
30;BFDC;1048;1;1;0;6.30
30;BFDC;1050;1;1;0;6.30
30;BFDC;1060;1;1;0;6.30
30;BFDC;1048;1;1;0;6.30
30;BFDC;1048;1;1;0;6.30
30;BFDC;1057;1;1;0;6.30
30;BFDC;1118;1;1;0;6.75
30;BFDC;1119;1;1;0;6.75
30;BFDC;1112;1;1;0;6.75
30;BFDC;1113;1;1;0;6.75
30;BFDC;1118;1;1;0;6.75
30;BFDC;1112;1;1;0;6.75
30;BFDC;1112;1;1;0;6.75
30;BFDC;1116;1;1;0;6.75
30;BFDC;1114;1;1;0;6.75
30;BFDC;1115;1;1;0;6.75
30;BFDC;1135;1;1;0;6.75
30;BFDC;1133;1;1;0;6.75
30;BFDC;1119;1;1;0;6.75
30;BFDC;1114;1;1;0;6.75
30;BFDC;1111;1;1;0;6.75
30;BFDC;1115;1;1;0;6.75
30;BFDC;1126;1;1;0;6.75
30;BFDC;1114;1;1;0;6.75
30;BFDC;1113;1;1;0;6.75
30;BFDC;1116;1;1;0;6.75
30;BFDC;1025;1;1;0;6.31
30;BFDC;1027;1;1;0;6.31
30;BFDC;1018;1;1;0;6.31
30;BFDC;1017;1;1;0;6.31
30;BFDC;1024;1;1;0;6.31
30;BFDC;1019;1;1;0;6.31
30;BFDC;1021;1;1;0;6.31
30;BFDC;1022;1;1;0;6.31
30;BFDC;1023;1;1;0;6.31
30;BFDC;1025;1;1;0;6.31
30;BFDC;1021;1;1;0;6.31
30;BFDC;1024;1;1;0;6.31
30;BFDC;1021;1;1;0;6.31
30;BFDC;1022;1;1;0;6.31
30;BFDC;1025;1;1;0;6.31
30;BFDC;1021;1;1;0;6.31
30;BFDC;1018;1;1;0;6.31
30;BFDC;1027;1;1;0;6.31
30;BFDC;1018;1;1;0;6.31
30;BFDC;1018;1;1;0;6.31
30;CRA;16534;1;1;0;37.23
30;CRA;16400;1;1;0;37.23
30;CRA;16392;1;1;0;37.23
30;CRA;16388;1;1;0;37.23
30;CRA;16395;1;1;0;37.23
30;CRA;16390;1;1;0;37.23
30;CRA;16386;1;1;0;37.23
30;CRA;16394;1;1;0;37.23
30;CRA;16387;1;1;0;37.23
30;CRA;16380;1;1;0;37.23
30;CRA;16379;1;1;0;37.23
30;CRA;16410;1;1;0;37.23
30;CRA;17880;1;1;0;37.23
30;CRA;16410;1;1;0;37.23
30;CRA;16394;1;1;0;37.23
30;CRA;16398;1;1;0;37.23
30;CRA;16411;1;1;0;37.23
30;CRA;16384;1;1;0;37.23
30;CRA;16386;1;1;0;37.23
30;CRA;16382;1;1;0;37.23
30;CRA;9156;1;1;0;23.23
30;CRA;9073;1;1;0;23.23
30;CRA;9072;1;1;0;23.23
30;CRA;9052;1;1;0;23.23
30;CRA;9076;1;1;0;23.23
30;CRA;9055;1;1;0;23.23
30;CRA;9067;1;1;0;23.23
30;CRA;9068;1;1;0;23.23
30;CRA;9071;1;1;0;23.23
30;CRA;9060;1;1;0;23.23
30;CRA;9054;1;1;0;23.23
30;CRA;9063;1;1;0;23.23
30;CRA;9054;1;1;0;23.23
30;CRA;9062;1;1;0;23.23
30;CRA;9075;1;1;0;23.23
30;CRA;9060;1;1;0;23.23
30;CRA;9056;1;1;0;23.23
30;CRA;9064;1;1;0;23.23
30;CRA;9061;1;1;0;23.23
30;CRA;9044;1;1;0;23.23
30;CRA;10956;1;1;0;25.88
30;CRA;10888;1;1;0;25.88
30;CRA;10877;1;1;0;25.88
30;CRA;10896;1;1;0;25.88
30;CRA;10886;1;1;0;25.88
30;CRA;10897;1;1;0;25.88
30;CRA;10886;1;1;0;25.88
30;CRA;10894;1;1;0;25.88
30;CRA;10873;1;1;0;25.88
30;CRA;10906;1;1;0;25.88
30;CRA;10872;1;1;0;25.88
30;CRA;10885;1;1;0;25.88
30;CRA;10876;1;1;0;25.88
30;CRA;10881;1;1;0;25.88
30;CRA;10893;1;1;0;25.88
30;CRA;10884;1;1;0;25.88
30;CRA;10878;1;1;0;25.88
30;CRA;10888;1;1;0;25.88
30;CRA;10891;1;1;0;25.88
30;CRA;10895;1;1;0;25.88
70;RULT;3831;1;1;0;16.38
70;RULT;3816;1;1;0;16.38
70;RULT;3819;1;1;0;16.38
70;RULT;3823;1;1;0;16.38
70;RULT;3823;1;1;0;16.38
70;RULT;3823;1;1;0;16.38
70;RULT;3821;1;1;0;16.38
70;RULT;3822;1;1;0;16.38
70;RULT;3824;1;1;0;16.38
70;RULT;3825;1;1;0;16.38
70;RULT;3860;1;1;0;16.38
70;RULT;3829;1;1;0;16.38
70;RULT;3851;1;1;0;16.38
70;RULT;3833;1;1;0;16.38
70;RULT;3821;1;1;0;16.38
70;RULT;3827;1;1;0;16.38
70;RULT;3821;1;1;0;16.38
70;RULT;3830;1;1;0;16.38
70;RULT;3823;1;1;0;16.38
70;RULT;3824;1;1;0;16.38
70;RULT;4226;1;1;0;17.65
70;RULT;4201;1;1;0;17.65
70;RULT;4201;1;1;0;17.65
70;RULT;4204;1;1;0;17.65
70;RULT;4200;1;1;0;17.65
70;RULT;4194;1;1;0;17.65
70;RULT;4195;1;1;0;17.65
70;RULT;4201;1;1;0;17.65
70;RULT;4199;1;1;0;17.65
70;RULT;4199;1;1;0;17.65
70;RULT;4211;1;1;0;17.65
70;RULT;4359;1;1;0;17.65
70;RULT;4332;1;1;0;17.65
70;RULT;4335;1;1;0;17.65
70;RULT;4244;1;1;0;17.65
70;RULT;4218;1;1;0;17.65
70;RULT;4213;1;1;0;17.65
70;RULT;4209;1;1;0;17.65
70;RULT;4211;1;1;0;17.65
70;RULT;4203;1;1;0;17.65
70;RULT;5321;1;1;0;18.41
70;RULT;5205;1;1;0;18.41
70;RULT;5197;1;1;0;18.41
70;RULT;5207;1;1;0;18.41
70;RULT;5213;1;1;0;18.41
70;RULT;5204;1;1;0;18.41
70;RULT;5196;1;1;0;18.41
70;RULT;5215;1;1;0;18.41
70;RULT;5202;1;1;0;18.41
70;RULT;5211;1;1;0;18.41
70;RULT;5203;1;1;0;18.41
70;RULT;5206;1;1;0;18.41
70;RULT;5204;1;1;0;18.41
70;RULT;5207;1;1;0;18.41
70;RULT;5199;1;1;0;18.41
70;RULT;5210;1;1;0;18.41
70;RULT;5207;1;1;0;18.41
70;RULT;5204;1;1;0;18.41
70;RULT;5199;1;1;0;18.41
70;RULT;5195;1;1;0;18.41
70;ILP;416538;1;1;0;0.00
70;ILP;371725;1;1;0;0.00
70;ILP;355796;1;1;0;0.00
70;ILP;365115;1;1;0;0.00
70;ILP;366572;1;1;0;0.00
70;ILP;351664;1;1;0;0.00
70;ILP;367283;1;1;0;0.00
70;ILP;369237;1;1;0;0.00
70;ILP;360623;1;1;0;0.00
70;ILP;354854;1;1;0;0.00
70;ILP;366037;1;1;0;0.00
70;ILP;363431;1;1;0;0.00
70;ILP;358392;1;1;0;0.00
70;ILP;357575;1;1;0;0.00
70;ILP;364398;1;1;0;0.00
70;ILP;365711;1;1;0;0.00
70;ILP;362857;1;1;0;0.00
70;ILP;360692;1;1;0;0.00
70;ILP;362242;1;1;0;0.00
70;ILP;368407;1;1;0;0.00
70;ILP;446115;1;1;0;0.00
70;ILP;393654;1;1;0;0.00
70;ILP;380145;1;1;0;0.00
70;ILP;382804;1;1;0;0.00
70;ILP;384680;1;1;0;0.00
70;ILP;386956;1;1;0;0.00
70;ILP;375960;1;1;0;0.00
70;ILP;385122;1;1;0;0.00
70;ILP;372793;1;1;0;0.00
70;ILP;384315;1;1;0;0.00
70;ILP;370496;1;1;0;0.00
70;ILP;381937;1;1;0;0.00
70;ILP;374329;1;1;0;0.00
70;ILP;385956;1;1;0;0.00
70;ILP;368189;1;1;0;0.00
70;ILP;378235;1;1;0;0.00
70;ILP;378345;1;1;0;0.00
70;ILP;382177;1;1;0;0.00
70;ILP;372032;1;1;0;0.00
70;ILP;370542;1;1;0;0.00
70;ILP;469444;1;1;0;0.00
70;ILP;400927;1;1;0;0.00
70;ILP;382391;1;1;0;0.00
70;ILP;387868;1;1;0;0.00
70;ILP;391347;1;1;0;0.00
70;ILP;389404;1;1;0;0.00
70;ILP;373345;1;1;0;0.00
70;ILP;389647;1;1;0;0.00
70;ILP;388602;1;1;0;0.00
70;ILP;397430;1;1;0;0.00
70;ILP;377105;1;1;0;0.00
70;ILP;392784;1;1;0;0.00
70;ILP;399382;1;1;0;0.00
70;ILP;396152;1;1;0;0.00
70;ILP;379753;1;1;0;0.00
70;ILP;386642;1;1;0;0.00
70;ILP;388290;1;1;0;0.00
70;ILP;390322;1;1;0;0.00
70;ILP;390366;1;1;0;0.00
70;ILP;383719;1;1;0;0.00
70;CP;2091825;0;0;1;0.00
70;CP;2020496;0;0;1;0.00
70;CP;2025323;0;0;1;0.00
70;CP;2011785;0;0;1;0.00
70;CP;1995658;0;0;1;0.00
70;CP;2007011;0;0;1;0.00
70;CP;2009170;0;0;1;0.00
70;CP;2006325;0;0;1;0.00
70;CP;2019285;0;0;1;0.00
70;CP;2022705;0;0;1;0.00
70;CP;2008459;0;0;1;0.00
70;CP;2005952;0;0;1;0.00
70;CP;2009890;0;0;1;0.00
70;CP;2003236;0;0;1;0.00
70;CP;2015829;0;0;1;0.00
70;CP;2003947;0;0;1;0.00
70;CP;1972510;1;1;0;0.00
70;CP;1976436;1;1;0;0.00
70;CP;1949521;1;1;0;0.00
70;CP;1963767;1;1;0;0.00
70;CP;2033343;0;0;1;0.00
70;CP;2007938;0;0;1;0.00
70;CP;2001317;0;0;1;0.00
70;CP;1951031;1;1;0;0.00
70;CP;1923539;1;1;0;0.00
70;CP;1907732;1;1;0;0.00
70;CP;1908376;1;1;0;0.00
70;CP;1917014;1;1;0;0.00
70;CP;1938923;1;1;0;0.00
70;CP;1928064;1;1;0;0.00
70;CP;1924697;1;1;0;0.00
70;CP;1926658;1;1;0;0.00
70;CP;1923195;1;1;0;0.00
70;CP;1927941;1;1;0;0.00
70;CP;1924593;1;1;0;0.00
70;CP;1928285;1;1;0;0.00
70;CP;1921538;1;1;0;0.00
70;CP;1921790;1;1;0;0.00
70;CP;1903927;1;1;0;0.00
70;CP;1946228;1;1;0;0.00
70;CP;2068111;0;0;1;0.00
70;CP;2016288;0;0;1;0.00
70;CP;2033071;0;0;1;0.00
70;CP;2018730;0;0;1;0.00
70;CP;2020661;0;0;1;0.00
70;CP;2010735;0;0;1;0.00
70;CP;2004990;0;0;1;0.00
70;CP;2023800;0;0;1;0.00
70;CP;2009082;0;0;1;0.00
70;CP;2010455;0;0;1;0.00
70;CP;2006258;0;0;1;0.00
70;CP;2007064;0;0;1;0.00
70;CP;2019464;0;0;1;0.00
70;CP;2033161;0;0;1;0.00
70;CP;2019552;0;0;1;0.00
70;CP;2007846;0;0;1;0.00
70;CP;2036579;0;0;1;0.00
70;CP;2033221;0;0;1;0.00
70;CP;2040719;0;0;1;0.00
70;CP;2040142;0;0;1;0.00
70;SCP;934542;1;1;0;0.00
70;SCP;917679;1;1;0;0.00
70;SCP;911162;1;1;0;0.00
70;SCP;911374;1;1;0;0.00
70;SCP;912979;1;1;0;0.00
70;SCP;911879;1;1;0;0.00
70;SCP;916516;1;1;0;0.00
70;SCP;911116;1;1;0;0.00
70;SCP;912265;1;1;0;0.00
70;SCP;912318;1;1;0;0.00
70;SCP;912691;1;1;0;0.00
70;SCP;912456;1;1;0;0.00
70;SCP;916042;1;1;0;0.00
70;SCP;912233;1;1;0;0.00
70;SCP;911670;1;1;0;0.00
70;SCP;911851;1;1;0;0.00
70;SCP;915116;1;1;0;0.00
70;SCP;911336;1;1;0;0.00
70;SCP;910516;1;1;0;0.00
70;SCP;913111;1;1;0;0.00
70;SCP;1849861;1;1;0;0.00
70;SCP;1830000;1;1;0;0.00
70;SCP;1787263;1;1;0;0.00
70;SCP;1797465;1;1;0;0.00
70;SCP;1791551;1;1;0;0.00
70;SCP;1786072;1;1;0;0.00
70;SCP;1788215;1;1;0;0.00
70;SCP;1809157;1;1;0;0.00
70;SCP;1795011;1;1;0;0.00
70;SCP;1793008;1;1;0;0.00
70;SCP;1820439;1;1;0;0.00
70;SCP;1820515;1;1;0;0.00
70;SCP;1862358;1;1;0;0.00
70;SCP;1935598;1;1;0;0.00
70;SCP;1961042;1;1;0;0.00
70;SCP;1773009;1;1;0;0.00
70;SCP;1784969;1;1;0;0.00
70;SCP;1805086;1;1;0;0.00
70;SCP;1790669;1;1;0;0.00
70;SCP;1785733;1;1;0;0.00
70;SCP;388280;1;1;0;0.00
70;SCP;381447;1;1;0;0.00
70;SCP;380290;1;1;0;0.00
70;SCP;385856;1;1;0;0.00
70;SCP;383395;1;1;0;0.00
70;SCP;380015;1;1;0;0.00
70;SCP;384430;1;1;0;0.00
70;SCP;386772;1;1;0;0.00
70;SCP;383286;1;1;0;0.00
70;SCP;383611;1;1;0;0.00
70;SCP;383913;1;1;0;0.00
70;SCP;385249;1;1;0;0.00
70;SCP;384955;1;1;0;0.00
70;SCP;385850;1;1;0;0.00
70;SCP;383536;1;1;0;0.00
70;SCP;382824;1;1;0;0.00
70;SCP;383442;1;1;0;0.00
70;SCP;385695;1;1;0;0.00
70;SCP;386604;1;1;0;0.00
70;SCP;383206;1;1;0;0.00
70;BFDC;1429;1;1;0;8.05
70;BFDC;1427;1;1;0;8.05
70;BFDC;1424;1;1;0;8.05
70;BFDC;1423;1;1;0;8.05
70;BFDC;1412;1;1;0;8.05
70;BFDC;1436;1;1;0;8.05
70;BFDC;1414;1;1;0;8.05
70;BFDC;1418;1;1;0;8.05
70;BFDC;1413;1;1;0;8.05
70;BFDC;1414;1;1;0;8.05
70;BFDC;1443;1;1;0;8.05
70;BFDC;1445;1;1;0;8.05
70;BFDC;1444;1;1;0;8.05
70;BFDC;1420;1;1;0;8.05
70;BFDC;1414;1;1;0;8.05
70;BFDC;1419;1;1;0;8.05
70;BFDC;1418;1;1;0;8.05
70;BFDC;1437;1;1;0;8.05
70;BFDC;1442;1;1;0;8.05
70;BFDC;1452;1;1;0;8.05
70;BFDC;1198;1;1;0;6.72
70;BFDC;1191;1;1;0;6.72
70;BFDC;1194;1;1;0;6.72
70;BFDC;1189;1;1;0;6.72
70;BFDC;1190;1;1;0;6.72
70;BFDC;1194;1;1;0;6.72
70;BFDC;1189;1;1;0;6.72
70;BFDC;1188;1;1;0;6.72
70;BFDC;1198;1;1;0;6.72
70;BFDC;1188;1;1;0;6.72
70;BFDC;1188;1;1;0;6.72
70;BFDC;1190;1;1;0;6.72
70;BFDC;1189;1;1;0;6.72
70;BFDC;1194;1;1;0;6.72
70;BFDC;1190;1;1;0;6.72
70;BFDC;1187;1;1;0;6.72
70;BFDC;1195;1;1;0;6.72
70;BFDC;1191;1;1;0;6.72
70;BFDC;1188;1;1;0;6.72
70;BFDC;1195;1;1;0;6.72
70;BFDC;1106;1;1;0;6.49
70;BFDC;1100;1;1;0;6.49
70;BFDC;1099;1;1;0;6.49
70;BFDC;1097;1;1;0;6.49
70;BFDC;1100;1;1;0;6.49
70;BFDC;1099;1;1;0;6.49
70;BFDC;1099;1;1;0;6.49
70;BFDC;1101;1;1;0;6.49
70;BFDC;1100;1;1;0;6.49
70;BFDC;1099;1;1;0;6.49
70;BFDC;1097;1;1;0;6.49
70;BFDC;1100;1;1;0;6.49
70;BFDC;1102;1;1;0;6.49
70;BFDC;3878;1;1;0;6.49
70;BFDC;1107;1;1;0;6.49
70;BFDC;1098;1;1;0;6.49
70;BFDC;1099;1;1;0;6.49
70;BFDC;1109;1;1;0;6.49
70;BFDC;1102;1;1;0;6.49
70;BFDC;1099;1;1;0;6.49
70;CRA;1520;1;1;0;8.18
70;CRA;1476;1;1;0;8.18
70;CRA;1465;1;1;0;8.18
70;CRA;1477;1;1;0;8.18
70;CRA;1464;1;1;0;8.18
70;CRA;1466;1;1;0;8.18
70;CRA;1467;1;1;0;8.18
70;CRA;1467;1;1;0;8.18
70;CRA;1471;1;1;0;8.18
70;CRA;1467;1;1;0;8.18
70;CRA;1463;1;1;0;8.18
70;CRA;1469;1;1;0;8.18
70;CRA;1465;1;1;0;8.18
70;CRA;1475;1;1;0;8.18
70;CRA;1468;1;1;0;8.18
70;CRA;1471;1;1;0;8.18
70;CRA;1466;1;1;0;8.18
70;CRA;1464;1;1;0;8.18
70;CRA;1474;1;1;0;8.18
70;CRA;1485;1;1;0;8.18
70;CRA;12865;1;1;0;29.23
70;CRA;12646;1;1;0;29.23
70;CRA;12653;1;1;0;29.23
70;CRA;12602;1;1;0;29.23
70;CRA;12581;1;1;0;29.23
70;CRA;12625;1;1;0;29.23
70;CRA;12701;1;1;0;29.23
70;CRA;12650;1;1;0;29.23
70;CRA;12623;1;1;0;29.23
70;CRA;12609;1;1;0;29.23
70;CRA;12584;1;1;0;29.23
70;CRA;12571;1;1;0;29.23
70;CRA;12574;1;1;0;29.23
70;CRA;12601;1;1;0;29.23
70;CRA;12640;1;1;0;29.23
70;CRA;12640;1;1;0;29.23
70;CRA;12653;1;1;0;29.23
70;CRA;12617;1;1;0;29.23
70;CRA;12644;1;1;0;29.23
70;CRA;12585;1;1;0;29.23
70;CRA;7997;1;1;0;19.59
70;CRA;7795;1;1;0;19.59
70;CRA;7792;1;1;0;19.59
70;CRA;7797;1;1;0;19.59
70;CRA;7792;1;1;0;19.59
70;CRA;7796;1;1;0;19.59
70;CRA;7811;1;1;0;19.59
70;CRA;7799;1;1;0;19.59
70;CRA;7796;1;1;0;19.59
70;CRA;7797;1;1;0;19.59
70;CRA;7797;1;1;0;19.59
70;CRA;7793;1;1;0;19.59
70;CRA;7784;1;1;0;19.59
70;CRA;7797;1;1;0;19.59
70;CRA;7795;1;1;0;19.59
70;CRA;7801;1;1;0;19.59
70;CRA;7805;1;1;0;19.59
70;CRA;7792;1;1;0;19.59
70;CRA;7796;1;1;0;19.59
70;CRA;7790;1;1;0;19.59
60;RULT;4094;1;1;0;16.00
60;RULT;3995;1;1;0;16.00
60;RULT;3991;1;1;0;16.00
60;RULT;3987;1;1;0;16.00
60;RULT;3987;1;1;0;16.00
60;RULT;3984;1;1;0;16.00
60;RULT;3993;1;1;0;16.00
60;RULT;3994;1;1;0;16.00
60;RULT;3992;1;1;0;16.00
60;RULT;3993;1;1;0;16.00
60;RULT;3988;1;1;0;16.00
60;RULT;3995;1;1;0;16.00
60;RULT;3989;1;1;0;16.00
60;RULT;3985;1;1;0;16.00
60;RULT;3991;1;1;0;16.00
60;RULT;3991;1;1;0;16.00
60;RULT;3987;1;1;0;16.00
60;RULT;3990;1;1;0;16.00
60;RULT;3991;1;1;0;16.00
60;RULT;3985;1;1;0;16.00
60;RULT;4245;1;1;0;16.46
60;RULT;4231;1;1;0;16.46
60;RULT;4228;1;1;0;16.46
60;RULT;4233;1;1;0;16.46
60;RULT;4230;1;1;0;16.46
60;RULT;4225;1;1;0;16.46
60;RULT;4224;1;1;0;16.46
60;RULT;4228;1;1;0;16.46
60;RULT;4244;1;1;0;16.46
60;RULT;4491;1;1;0;16.46
60;RULT;4567;1;1;0;16.46
60;RULT;4228;1;1;0;16.46
60;RULT;4236;1;1;0;16.46
60;RULT;4238;1;1;0;16.46
60;RULT;4235;1;1;0;16.46
60;RULT;4234;1;1;0;16.46
60;RULT;4232;1;1;0;16.46
60;RULT;4229;1;1;0;16.46
60;RULT;4231;1;1;0;16.46
60;RULT;4229;1;1;0;16.46
60;RULT;5035;1;1;0;18.47
60;RULT;4937;1;1;0;18.47
60;RULT;4925;1;1;0;18.47
60;RULT;4923;1;1;0;18.47
60;RULT;4928;1;1;0;18.47
60;RULT;4927;1;1;0;18.47
60;RULT;4930;1;1;0;18.47
60;RULT;4927;1;1;0;18.47
60;RULT;4934;1;1;0;18.47
60;RULT;4925;1;1;0;18.47
60;RULT;4948;1;1;0;18.47
60;RULT;4932;1;1;0;18.47
60;RULT;4925;1;1;0;18.47
60;RULT;4928;1;1;0;18.47
60;RULT;4923;1;1;0;18.47
60;RULT;4931;1;1;0;18.47
60;RULT;4929;1;1;0;18.47
60;RULT;4935;1;1;0;18.47
60;RULT;4924;1;1;0;18.47
60;RULT;4926;1;1;0;18.47
60;ILP;424075;1;1;0;0.00
60;ILP;425327;1;1;0;0.00
60;ILP;420680;1;1;0;0.00
60;ILP;418742;1;1;0;0.00
60;ILP;416434;1;1;0;0.00
60;ILP;392341;1;1;0;0.00
60;ILP;428903;1;1;0;0.00
60;ILP;424247;1;1;0;0.00
60;ILP;425174;1;1;0;0.00
60;ILP;393980;1;1;0;0.00
60;ILP;424726;1;1;0;0.00
60;ILP;427400;1;1;0;0.00
60;ILP;420495;1;1;0;0.00
60;ILP;400406;1;1;0;0.00
60;ILP;424797;1;1;0;0.00
60;ILP;426362;1;1;0;0.00
60;ILP;420780;1;1;0;0.00
60;ILP;403766;1;1;0;0.00
60;ILP;424374;1;1;0;0.00
60;ILP;427058;1;1;0;0.00
60;ILP;391645;1;1;0;0.00
60;ILP;394082;1;1;0;0.00
60;ILP;374444;1;1;0;0.00
60;ILP;382868;1;1;0;0.00
60;ILP;378498;1;1;0;0.00
60;ILP;387116;1;1;0;0.00
60;ILP;373258;1;1;0;0.00
60;ILP;372395;1;1;0;0.00
60;ILP;381653;1;1;0;0.00
60;ILP;382625;1;1;0;0.00
60;ILP;383051;1;1;0;0.00
60;ILP;376323;1;1;0;0.00
60;ILP;390332;1;1;0;0.00
60;ILP;366492;1;1;0;0.00
60;ILP;378010;1;1;0;0.00
60;ILP;383749;1;1;0;0.00
60;ILP;390256;1;1;0;0.00
60;ILP;382606;1;1;0;0.00
60;ILP;374144;1;1;0;0.00
60;ILP;385364;1;1;0;0.00
60;ILP;403611;1;1;0;0.00
60;ILP;400880;1;1;0;0.00
60;ILP;389009;1;1;0;0.00
60;ILP;367599;1;1;0;0.00
60;ILP;392399;1;1;0;0.00
60;ILP;390670;1;1;0;0.00
60;ILP;392566;1;1;0;0.00
60;ILP;383440;1;1;0;0.00
60;ILP;388548;1;1;0;0.00
60;ILP;392569;1;1;0;0.00
60;ILP;392611;1;1;0;0.00
60;ILP;391931;1;1;0;0.00
60;ILP;376832;1;1;0;0.00
60;ILP;391888;1;1;0;0.00
60;ILP;395936;1;1;0;0.00
60;ILP;396469;1;1;0;0.00
60;ILP;364760;1;1;0;0.00
60;ILP;383556;1;1;0;0.00
60;ILP;391810;1;1;0;0.00
60;ILP;392052;1;1;0;0.00
60;CP;1869772;1;1;0;0.00
60;CP;1776892;1;1;0;0.00
60;CP;1814605;1;1;0;0.00
60;CP;1800782;1;1;0;0.00
60;CP;1784206;1;1;0;0.00
60;CP;1785417;1;1;0;0.00
60;CP;1775763;1;1;0;0.00
60;CP;1815867;1;1;0;0.00
60;CP;1809948;1;1;0;0.00
60;CP;1773948;1;1;0;0.00
60;CP;1778550;1;1;0;0.00
60;CP;1795762;1;1;0;0.00
60;CP;1782826;1;1;0;0.00
60;CP;1800573;1;1;0;0.00
60;CP;1785676;1;1;0;0.00
60;CP;1787501;1;1;0;0.00
60;CP;1820523;1;1;0;0.00
60;CP;1784381;1;1;0;0.00
60;CP;1802363;1;1;0;0.00
60;CP;1803234;1;1;0;0.00
60;CP;1907840;1;1;0;0.00
60;CP;1830809;1;1;0;0.00
60;CP;1798609;1;1;0;0.00
60;CP;1791033;1;1;0;0.00
60;CP;1804861;1;1;0;0.00
60;CP;1714720;1;1;0;0.00
60;CP;1737732;1;1;0;0.00
60;CP;1712946;1;1;0;0.00
60;CP;1718255;1;1;0;0.00
60;CP;1738425;1;1;0;0.00
60;CP;1623331;1;1;0;0.00
60;CP;1618861;1;1;0;0.00
60;CP;1655914;1;1;0;0.00
60;CP;1648444;1;1;0;0.00
60;CP;1623721;1;1;0;0.00
60;CP;1645444;1;1;0;0.00
60;CP;1643689;1;1;0;0.00
60;CP;1628982;1;1;0;0.00
60;CP;1633320;1;1;0;0.00
60;CP;1628778;1;1;0;0.00
60;CP;2056556;0;0;1;0.00
60;CP;2006052;1;1;0;0.00
60;CP;2006375;1;1;0;0.00
60;CP;1991346;1;1;0;0.00
60;CP;1990102;1;1;0;0.00
60;CP;1993826;0;0;1;0.00
60;CP;2002005;1;1;0;0.00
60;CP;1998683;1;1;0;0.00
60;CP;2007623;1;1;0;0.00
60;CP;2006213;1;1;0;0.00
60;CP;2005360;0;0;1;0.00
60;CP;1999521;0;0;1;0.00
60;CP;2010757;1;1;0;0.00
60;CP;1997751;1;1;0;0.00
60;CP;1998819;0;0;1;0.00
60;CP;2001483;0;0;1;0.00
60;CP;2006722;0;0;1;0.00
60;CP;2004919;0;0;1;0.00
60;CP;2004214;0;0;1;0.00
60;CP;1998748;1;1;0;0.00
60;SCP;430810;1;1;0;0.00
60;SCP;431169;1;1;0;0.00
60;SCP;431031;1;1;0;0.00
60;SCP;437759;1;1;0;0.00
60;SCP;432331;1;1;0;0.00
60;SCP;430123;1;1;0;0.00
60;SCP;432862;1;1;0;0.00
60;SCP;438820;1;1;0;0.00
60;SCP;436299;1;1;0;0.00
60;SCP;434455;1;1;0;0.00
60;SCP;430670;1;1;0;0.00
60;SCP;435497;1;1;0;0.00
60;SCP;434027;1;1;0;0.00
60;SCP;433690;1;1;0;0.00
60;SCP;431492;1;1;0;0.00
60;SCP;434030;1;1;0;0.00
60;SCP;432041;1;1;0;0.00
60;SCP;431779;1;1;0;0.00
60;SCP;434936;1;1;0;0.00
60;SCP;435159;1;1;0;0.00
60;SCP;1305768;1;1;0;0.00
60;SCP;1288972;1;1;0;0.00
60;SCP;1275763;1;1;0;0.00
60;SCP;1289215;1;1;0;0.00
60;SCP;1287966;1;1;0;0.00
60;SCP;1289893;1;1;0;0.00
60;SCP;1290172;1;1;0;0.00
60;SCP;1283634;1;1;0;0.00
60;SCP;1287713;1;1;0;0.00
60;SCP;1284226;1;1;0;0.00
60;SCP;1289225;1;1;0;0.00
60;SCP;1300697;1;1;0;0.00
60;SCP;1296153;1;1;0;0.00
60;SCP;1286879;1;1;0;0.00
60;SCP;1287490;1;1;0;0.00
60;SCP;1283456;1;1;0;0.00
60;SCP;1289136;1;1;0;0.00
60;SCP;1284441;1;1;0;0.00
60;SCP;1289568;1;1;0;0.00
60;SCP;1296484;1;1;0;0.00
60;SCP;593145;1;1;0;0.00
60;SCP;581011;1;1;0;0.00
60;SCP;587956;1;1;0;0.00
60;SCP;583069;1;1;0;0.00
60;SCP;587703;1;1;0;0.00
60;SCP;585937;1;1;0;0.00
60;SCP;581157;1;1;0;0.00
60;SCP;581584;1;1;0;0.00
60;SCP;582449;1;1;0;0.00
60;SCP;582922;1;1;0;0.00
60;SCP;584457;1;1;0;0.00
60;SCP;586820;1;1;0;0.00
60;SCP;587676;1;1;0;0.00
60;SCP;580774;1;1;0;0.00
60;SCP;583888;1;1;0;0.00
60;SCP;585920;1;1;0;0.00
60;SCP;577775;1;1;0;0.00
60;SCP;578163;1;1;0;0.00
60;SCP;578586;1;1;0;0.00
60;SCP;577536;1;1;0;0.00
60;BFDC;1163;1;1;0;6.73
60;BFDC;1166;1;1;0;6.73
60;BFDC;1158;1;1;0;6.73
60;BFDC;1159;1;1;0;6.73
60;BFDC;1162;1;1;0;6.73
60;BFDC;1154;1;1;0;6.73
60;BFDC;1157;1;1;0;6.73
60;BFDC;1169;1;1;0;6.73
60;BFDC;1158;1;1;0;6.73
60;BFDC;1154;1;1;0;6.73
60;BFDC;1158;1;1;0;6.73
60;BFDC;1157;1;1;0;6.73
60;BFDC;1162;1;1;0;6.73
60;BFDC;1155;1;1;0;6.73
60;BFDC;1156;1;1;0;6.73
60;BFDC;1167;1;1;0;6.73
60;BFDC;1158;1;1;0;6.73
60;BFDC;1156;1;1;0;6.73
60;BFDC;1160;1;1;0;6.73
60;BFDC;1158;1;1;0;6.73
60;BFDC;1059;1;1;0;6.12
60;BFDC;1058;1;1;0;6.12
60;BFDC;1082;1;1;0;6.12
60;BFDC;1054;1;1;0;6.12
60;BFDC;1055;1;1;0;6.12
60;BFDC;1054;1;1;0;6.12
60;BFDC;1061;1;1;0;6.12
60;BFDC;1058;1;1;0;6.12
60;BFDC;1058;1;1;0;6.12
60;BFDC;1052;1;1;0;6.12
60;BFDC;1056;1;1;0;6.12
60;BFDC;1057;1;1;0;6.12
60;BFDC;1053;1;1;0;6.12
60;BFDC;1053;1;1;0;6.12
60;BFDC;1056;1;1;0;6.12
60;BFDC;1062;1;1;0;6.12
60;BFDC;1054;1;1;0;6.12
60;BFDC;1056;1;1;0;6.12
60;BFDC;1059;1;1;0;6.12
60;BFDC;1053;1;1;0;6.12
60;BFDC;1224;1;1;0;7.15
60;BFDC;1214;1;1;0;7.15
60;BFDC;1217;1;1;0;7.15
60;BFDC;1221;1;1;0;7.15
60;BFDC;1217;1;1;0;7.15
60;BFDC;1222;1;1;0;7.15
60;BFDC;1217;1;1;0;7.15
60;BFDC;1217;1;1;0;7.15
60;BFDC;1219;1;1;0;7.15
60;BFDC;1212;1;1;0;7.15
60;BFDC;1215;1;1;0;7.15
60;BFDC;1237;1;1;0;7.15
60;BFDC;1224;1;1;0;7.15
60;BFDC;1216;1;1;0;7.15
60;BFDC;1216;1;1;0;7.15
60;BFDC;1213;1;1;0;7.15
60;BFDC;1219;1;1;0;7.15
60;BFDC;1213;1;1;0;7.15
60;BFDC;1216;1;1;0;7.15
60;BFDC;1222;1;1;0;7.15
60;CRA;13228;1;1;0;29.86
60;CRA;13053;1;1;0;29.86
60;CRA;13051;1;1;0;29.86
60;CRA;13048;1;1;0;29.86
60;CRA;13061;1;1;0;29.86
60;CRA;13033;1;1;0;29.86
60;CRA;13043;1;1;0;29.86
60;CRA;13036;1;1;0;29.86
60;CRA;13036;1;1;0;29.86
60;CRA;13048;1;1;0;29.86
60;CRA;13048;1;1;0;29.86
60;CRA;13026;1;1;0;29.86
60;CRA;13049;1;1;0;29.86
60;CRA;13049;1;1;0;29.86
60;CRA;13046;1;1;0;29.86
60;CRA;13062;1;1;0;29.86
60;CRA;13055;1;1;0;29.86
60;CRA;13066;1;1;0;29.86
60;CRA;13030;1;1;0;29.86
60;CRA;13040;1;1;0;29.86
60;CRA;13205;1;1;0;29.79
60;CRA;13042;1;1;0;29.79
60;CRA;13039;1;1;0;29.79
60;CRA;13050;1;1;0;29.79
60;CRA;13045;1;1;0;29.79
60;CRA;13048;1;1;0;29.79
60;CRA;13047;1;1;0;29.79
60;CRA;13046;1;1;0;29.79
60;CRA;13046;1;1;0;29.79
60;CRA;13051;1;1;0;29.79
60;CRA;13061;1;1;0;29.79
60;CRA;13024;1;1;0;29.79
60;CRA;13037;1;1;0;29.79
60;CRA;13032;1;1;0;29.79
60;CRA;13038;1;1;0;29.79
60;CRA;13045;1;1;0;29.79
60;CRA;13044;1;1;0;29.79
60;CRA;13031;1;1;0;29.79
60;CRA;13049;1;1;0;29.79
60;CRA;13034;1;1;0;29.79
60;CRA;9549;1;1;0;23.38
60;CRA;9489;1;1;0;23.38
60;CRA;9496;1;1;0;23.38
60;CRA;9493;1;1;0;23.38
60;CRA;9484;1;1;0;23.38
60;CRA;9490;1;1;0;23.38
60;CRA;9498;1;1;0;23.38
60;CRA;9503;1;1;0;23.38
60;CRA;9505;1;1;0;23.38
60;CRA;9483;1;1;0;23.38
60;CRA;9485;1;1;0;23.38
60;CRA;9489;1;1;0;23.38
60;CRA;9484;1;1;0;23.38
60;CRA;9496;1;1;0;23.38
60;CRA;9481;1;1;0;23.38
60;CRA;9494;1;1;0;23.38
60;CRA;9502;1;1;0;23.38
60;CRA;9485;1;1;0;23.38
60;CRA;9496;1;1;0;23.38
60;CRA;9479;1;1;0;23.38
90;RULT;4616;1;1;0;16.96
90;RULT;4586;1;1;0;16.96
90;RULT;4581;1;1;0;16.96
90;RULT;4591;1;1;0;16.96
90;RULT;4577;1;1;0;16.96
90;RULT;4586;1;1;0;16.96
90;RULT;4585;1;1;0;16.96
90;RULT;4584;1;1;0;16.96
90;RULT;4578;1;1;0;16.96
90;RULT;4580;1;1;0;16.96
90;RULT;4589;1;1;0;16.96
90;RULT;4579;1;1;0;16.96
90;RULT;4574;1;1;0;16.96
90;RULT;4579;1;1;0;16.96
90;RULT;4581;1;1;0;16.96
90;RULT;4578;1;1;0;16.96
90;RULT;4574;1;1;0;16.96
90;RULT;4584;1;1;0;16.96
90;RULT;4585;1;1;0;16.96
90;RULT;4578;1;1;0;16.96
90;RULT;4241;1;1;0;16.79
90;RULT;4232;1;1;0;16.79
90;RULT;4230;1;1;0;16.79
90;RULT;4231;1;1;0;16.79
90;RULT;4234;1;1;0;16.79
90;RULT;4233;1;1;0;16.79
90;RULT;4221;1;1;0;16.79
90;RULT;4242;1;1;0;16.79
90;RULT;4233;1;1;0;16.79
90;RULT;4230;1;1;0;16.79
90;RULT;4234;1;1;0;16.79
90;RULT;4234;1;1;0;16.79
90;RULT;4234;1;1;0;16.79
90;RULT;4229;1;1;0;16.79
90;RULT;4226;1;1;0;16.79
90;RULT;4235;1;1;0;16.79
90;RULT;4234;1;1;0;16.79
90;RULT;4238;1;1;0;16.79
90;RULT;4224;1;1;0;16.79
90;RULT;4235;1;1;0;16.79
90;RULT;5350;1;1;0;19.89
90;RULT;5329;1;1;0;19.89
90;RULT;5332;1;1;0;19.89
90;RULT;5330;1;1;0;19.89
90;RULT;5332;1;1;0;19.89
90;RULT;5344;1;1;0;19.89
90;RULT;5339;1;1;0;19.89
90;RULT;5336;1;1;0;19.89
90;RULT;5368;1;1;0;19.89
90;RULT;5348;1;1;0;19.89
90;RULT;5343;1;1;0;19.89
90;RULT;5339;1;1;0;19.89
90;RULT;5363;1;1;0;19.89
90;RULT;5354;1;1;0;19.89
90;RULT;5370;1;1;0;19.89
90;RULT;5348;1;1;0;19.89
90;RULT;5343;1;1;0;19.89
90;RULT;5343;1;1;0;19.89
90;RULT;5339;1;1;0;19.89
90;RULT;5334;1;1;0;19.89
90;ILP;554051;1;1;0;0.00
90;ILP;473533;1;1;0;0.00
90;ILP;461569;1;1;0;0.00
90;ILP;454654;1;1;0;0.00
90;ILP;450633;1;1;0;0.00
90;ILP;468865;1;1;0;0.00
90;ILP;452456;1;1;0;0.00
90;ILP;456833;1;1;0;0.00
90;ILP;466986;1;1;0;0.00
90;ILP;451075;1;1;0;0.00
90;ILP;453095;1;1;0;0.00
90;ILP;467401;1;1;0;0.00
90;ILP;448507;1;1;0;0.00
90;ILP;452118;1;1;0;0.00
90;ILP;466159;1;1;0;0.00
90;ILP;451694;1;1;0;0.00
90;ILP;455568;1;1;0;0.00
90;ILP;465509;1;1;0;0.00
90;ILP;450916;1;1;0;0.00
90;ILP;452550;1;1;0;0.00
90;ILP;542557;1;1;0;0.00
90;ILP;470078;1;1;0;0.00
90;ILP;456864;1;1;0;0.00
90;ILP;459343;1;1;0;0.00
90;ILP;455732;1;1;0;0.00
90;ILP;454353;1;1;0;0.00
90;ILP;455392;1;1;0;0.00
90;ILP;465700;1;1;0;0.00
90;ILP;466573;1;1;0;0.00
90;ILP;459718;1;1;0;0.00
90;ILP;457261;1;1;0;0.00
90;ILP;465709;1;1;0;0.00
90;ILP;455639;1;1;0;0.00
90;ILP;466451;1;1;0;0.00
90;ILP;452109;1;1;0;0.00
90;ILP;468426;1;1;0;0.00
90;ILP;467101;1;1;0;0.00
90;ILP;455508;1;1;0;0.00
90;ILP;467457;1;1;0;0.00
90;ILP;453557;1;1;0;0.00
90;ILP;574630;1;1;0;0.00
90;ILP;497654;1;1;0;0.00
90;ILP;468375;1;1;0;0.00
90;ILP;498819;1;1;0;0.00
90;ILP;495849;1;1;0;0.00
90;ILP;495397;1;1;0;0.00
90;ILP;491737;1;1;0;0.00
90;ILP;486927;1;1;0;0.00
90;ILP;482633;1;1;0;0.00
90;ILP;470370;1;1;0;0.00
90;ILP;486036;1;1;0;0.00
90;ILP;479454;1;1;0;0.00
90;ILP;468719;1;1;0;0.00
90;ILP;482607;1;1;0;0.00
90;ILP;483341;1;1;0;0.00
90;ILP;481955;1;1;0;0.00
90;ILP;482801;1;1;0;0.00
90;ILP;486441;1;1;0;0.00
90;ILP;482514;1;1;0;0.00
90;ILP;463394;1;1;0;0.00
90;SCP;2141330;0;0;1;0.00
90;SCP;2109798;0;0;1;0.00
90;SCP;2113872;0;0;1;0.00
90;SCP;2125640;0;0;1;0.00
90;SCP;2112400;0;0;1;0.00
90;SCP;2106680;0;0;1;0.00
90;SCP;2114854;0;0;1;0.00
90;SCP;2117560;0;0;1;0.00
90;SCP;2108071;0;0;1;0.00
90;SCP;2119658;0;0;1;0.00
90;SCP;2140347;0;0;1;0.00
90;SCP;2129630;0;0;1;0.00
90;SCP;2125927;0;0;1;0.00
90;SCP;2115704;0;0;1;0.00
90;SCP;2122676;0;0;1;0.00
90;SCP;2122360;0;0;1;0.00
90;SCP;2135467;0;0;1;0.00
90;SCP;2139458;0;0;1;0.00
90;SCP;2142288;0;0;1;0.00
90;SCP;2128264;0;0;1;0.00
90;SCP;2155971;0;0;1;0.00
90;SCP;2148420;0;0;1;0.00
90;SCP;2146529;0;0;1;0.00
90;SCP;2163976;0;0;1;0.00
90;SCP;2150206;0;0;1;0.00
90;SCP;2164721;0;0;1;0.00
90;SCP;2150988;0;0;1;0.00
90;SCP;2151240;0;0;1;0.00
90;SCP;2139256;0;0;1;0.00
90;SCP;2135455;0;0;1;0.00
90;SCP;2142183;0;0;1;0.00
90;SCP;2147617;0;0;1;0.00
90;SCP;2134079;0;0;1;0.00
90;SCP;2155842;0;0;1;0.00
90;SCP;2135212;0;0;1;0.00
90;SCP;2154408;0;0;1;0.00
90;SCP;2137127;0;0;1;0.00
90;SCP;2137166;0;0;1;0.00
90;SCP;2138877;0;0;1;0.00
90;SCP;2140023;0;0;1;0.00
90;SCP;619638;1;1;0;0.00
90;SCP;619795;1;1;0;0.00
90;SCP;615276;1;1;0;0.00
90;SCP;620512;1;1;0;0.00
90;SCP;618544;1;1;0;0.00
90;SCP;615648;1;1;0;0.00
90;SCP;618935;1;1;0;0.00
90;SCP;616950;1;1;0;0.00
90;SCP;616406;1;1;0;0.00
90;SCP;621599;1;1;0;0.00
90;SCP;614965;1;1;0;0.00
90;SCP;614423;1;1;0;0.00
90;SCP;615450;1;1;0;0.00
90;SCP;618672;1;1;0;0.00
90;SCP;617920;1;1;0;0.00
90;SCP;612543;1;1;0;0.00
90;SCP;619933;1;1;0;0.00
90;SCP;620013;1;1;0;0.00
90;SCP;616788;1;1;0;0.00
90;SCP;619045;1;1;0;0.00
90;BFDC;1118;1;1;0;5.94
90;BFDC;1105;1;1;0;5.94
90;BFDC;1105;1;1;0;5.94
90;BFDC;1113;1;1;0;5.94
90;BFDC;1105;1;1;0;5.94
90;BFDC;1105;1;1;0;5.94
90;BFDC;1110;1;1;0;5.94
90;BFDC;1104;1;1;0;5.94
90;BFDC;1106;1;1;0;5.94
90;BFDC;1127;1;1;0;5.94
90;BFDC;1109;1;1;0;5.94
90;BFDC;1107;1;1;0;5.94
90;BFDC;1112;1;1;0;5.94
90;BFDC;1108;1;1;0;5.94
90;BFDC;1104;1;1;0;5.94
90;BFDC;1107;1;1;0;5.94
90;BFDC;1103;1;1;0;5.94
90;BFDC;1113;1;1;0;5.94
90;BFDC;1123;1;1;0;5.94
90;BFDC;1124;1;1;0;5.94
90;BFDC;1242;1;1;0;6.50
90;BFDC;1222;1;1;0;6.50
90;BFDC;1223;1;1;0;6.50
90;BFDC;1229;1;1;0;6.50
90;BFDC;1224;1;1;0;6.50
90;BFDC;1225;1;1;0;6.50
90;BFDC;1223;1;1;0;6.50
90;BFDC;1220;1;1;0;6.50
90;BFDC;1227;1;1;0;6.50
90;BFDC;1225;1;1;0;6.50
90;BFDC;1225;1;1;0;6.50
90;BFDC;1228;1;1;0;6.50
90;BFDC;1220;1;1;0;6.50
90;BFDC;1228;1;1;0;6.50
90;BFDC;1221;1;1;0;6.50
90;BFDC;1222;1;1;0;6.50
90;BFDC;1240;1;1;0;6.50
90;BFDC;1219;1;1;0;6.50
90;BFDC;1221;1;1;0;6.50
90;BFDC;1227;1;1;0;6.50
90;BFDC;1308;1;1;0;6.89
90;BFDC;1251;1;1;0;6.89
90;BFDC;1256;1;1;0;6.89
90;BFDC;1249;1;1;0;6.89
90;BFDC;1250;1;1;0;6.89
90;BFDC;1247;1;1;0;6.89
90;BFDC;1245;1;1;0;6.89
90;BFDC;1251;1;1;0;6.89
90;BFDC;1246;1;1;0;6.89
90;BFDC;1243;1;1;0;6.89
90;BFDC;1251;1;1;0;6.89
90;BFDC;1246;1;1;0;6.89
90;BFDC;1244;1;1;0;6.89
90;BFDC;1248;1;1;0;6.89
90;BFDC;1250;1;1;0;6.89
90;BFDC;1268;1;1;0;6.89
90;BFDC;1246;1;1;0;6.89
90;BFDC;1244;1;1;0;6.89
90;BFDC;1250;1;1;0;6.89
90;BFDC;1246;1;1;0;6.89
90;CRA;11819;1;1;0;26.49
90;CRA;11643;1;1;0;26.49
90;CRA;11538;1;1;0;26.49
90;CRA;11480;1;1;0;26.49
90;CRA;11477;1;1;0;26.49
90;CRA;11457;1;1;0;26.49
90;CRA;11475;1;1;0;26.49
90;CRA;11465;1;1;0;26.49
90;CRA;11477;1;1;0;26.49
90;CRA;11458;1;1;0;26.49
90;CRA;11533;1;1;0;26.49
90;CRA;11528;1;1;0;26.49
90;CRA;11481;1;1;0;26.49
90;CRA;11477;1;1;0;26.49
90;CRA;11523;1;1;0;26.49
90;CRA;11564;1;1;0;26.49
90;CRA;11541;1;1;0;26.49
90;CRA;11498;1;1;0;26.49
90;CRA;11501;1;1;0;26.49
90;CRA;11505;1;1;0;26.49
90;CRA;12537;1;1;0;28.79
90;CRA;12451;1;1;0;28.79
90;CRA;12451;1;1;0;28.79
90;CRA;12458;1;1;0;28.79
90;CRA;12453;1;1;0;28.79
90;CRA;12433;1;1;0;28.79
90;CRA;12444;1;1;0;28.79
90;CRA;12456;1;1;0;28.79
90;CRA;12456;1;1;0;28.79
90;CRA;12440;1;1;0;28.79
90;CRA;12445;1;1;0;28.79
90;CRA;12446;1;1;0;28.79
90;CRA;12435;1;1;0;28.79
90;CRA;12446;1;1;0;28.79
90;CRA;12445;1;1;0;28.79
90;CRA;12475;1;1;0;28.79
90;CRA;12460;1;1;0;28.79
90;CRA;12435;1;1;0;28.79
90;CRA;12443;1;1;0;28.79
90;CRA;12452;1;1;0;28.79
90;CRA;4159;1;1;0;12.38
90;CRA;3918;1;1;0;12.38
90;CRA;3910;1;1;0;12.38
90;CRA;3911;1;1;0;12.38
90;CRA;3917;1;1;0;12.38
90;CRA;3915;1;1;0;12.38
90;CRA;3974;1;1;0;12.38
90;CRA;3996;1;1;0;12.38
90;CRA;3996;1;1;0;12.38
90;CRA;4003;1;1;0;12.38
90;CRA;4000;1;1;0;12.38
90;CRA;3951;1;1;0;12.38
90;CRA;3918;1;1;0;12.38
90;CRA;3923;1;1;0;12.38
90;CRA;3969;1;1;0;12.38
90;CRA;3976;1;1;0;12.38
90;CRA;3947;1;1;0;12.38
90;CRA;3986;1;1;0;12.38
90;CRA;3958;1;1;0;12.38
90;CRA;3926;1;1;0;12.38
20;RULT;4472;1;1;0;17.24
20;RULT;4459;1;1;0;17.24
20;RULT;4450;1;1;0;17.24
20;RULT;4450;1;1;0;17.24
20;RULT;4452;1;1;0;17.24
20;RULT;4447;1;1;0;17.24
20;RULT;4455;1;1;0;17.24
20;RULT;4452;1;1;0;17.24
20;RULT;4444;1;1;0;17.24
20;RULT;4458;1;1;0;17.24
20;RULT;4450;1;1;0;17.24
20;RULT;4444;1;1;0;17.24
20;RULT;4452;1;1;0;17.24
20;RULT;4451;1;1;0;17.24
20;RULT;4472;1;1;0;17.24
20;RULT;4465;1;1;0;17.24
20;RULT;4472;1;1;0;17.24
20;RULT;4475;1;1;0;17.24
20;RULT;4464;1;1;0;17.24
20;RULT;4460;1;1;0;17.24
20;RULT;4938;1;1;0;18.34
20;RULT;4824;1;1;0;18.34
20;RULT;4934;1;1;0;18.34
20;RULT;4813;1;1;0;18.34
20;RULT;4788;1;1;0;18.34
20;RULT;4786;1;1;0;18.34
20;RULT;4797;1;1;0;18.34
20;RULT;4784;1;1;0;18.34
20;RULT;4785;1;1;0;18.34
20;RULT;4788;1;1;0;18.34
20;RULT;4781;1;1;0;18.34
20;RULT;4789;1;1;0;18.34
20;RULT;4824;1;1;0;18.34
20;RULT;4789;1;1;0;18.34
20;RULT;4787;1;1;0;18.34
20;RULT;4789;1;1;0;18.34
20;RULT;4783;1;1;0;18.34
20;RULT;4781;1;1;0;18.34
20;RULT;4787;1;1;0;18.34
20;RULT;4772;1;1;0;18.34
20;RULT;4298;1;1;0;16.84
20;RULT;4224;1;1;0;16.84
20;RULT;4221;1;1;0;16.84
20;RULT;4222;1;1;0;16.84
20;RULT;4227;1;1;0;16.84
20;RULT;4223;1;1;0;16.84
20;RULT;4223;1;1;0;16.84
20;RULT;4222;1;1;0;16.84
20;RULT;4213;1;1;0;16.84
20;RULT;4217;1;1;0;16.84
20;RULT;4223;1;1;0;16.84
20;RULT;4220;1;1;0;16.84
20;RULT;4213;1;1;0;16.84
20;RULT;4226;1;1;0;16.84
20;RULT;4215;1;1;0;16.84
20;RULT;4229;1;1;0;16.84
20;RULT;4216;1;1;0;16.84
20;RULT;4223;1;1;0;16.84
20;RULT;4221;1;1;0;16.84
20;RULT;4216;1;1;0;16.84
20;ILP;137137;1;1;0;0.00
20;ILP;134090;1;1;0;0.00
20;ILP;135369;1;1;0;0.00
20;ILP;136285;1;1;0;0.00
20;ILP;136878;1;1;0;0.00
20;ILP;136699;1;1;0;0.00
20;ILP;134116;1;1;0;0.00
20;ILP;133307;1;1;0;0.00
20;ILP;134392;1;1;0;0.00
20;ILP;133785;1;1;0;0.00
20;ILP;133960;1;1;0;0.00
20;ILP;137172;1;1;0;0.00
20;ILP;137618;1;1;0;0.00
20;ILP;137696;1;1;0;0.00
20;ILP;136255;1;1;0;0.00
20;ILP;135429;1;1;0;0.00
20;ILP;134017;1;1;0;0.00
20;ILP;134556;1;1;0;0.00
20;ILP;133275;1;1;0;0.00
20;ILP;136772;1;1;0;0.00
20;ILP;139716;1;1;0;0.00
20;ILP;142364;1;1;0;0.00
20;ILP;138371;1;1;0;0.00
20;ILP;138764;1;1;0;0.00
20;ILP;139506;1;1;0;0.00
20;ILP;139428;1;1;0;0.00
20;ILP;140721;1;1;0;0.00
20;ILP;138924;1;1;0;0.00
20;ILP;140673;1;1;0;0.00
20;ILP;139401;1;1;0;0.00
20;ILP;139599;1;1;0;0.00
20;ILP;139778;1;1;0;0.00
20;ILP;141652;1;1;0;0.00
20;ILP;140404;1;1;0;0.00
20;ILP;140721;1;1;0;0.00
20;ILP;139371;1;1;0;0.00
20;ILP;140078;1;1;0;0.00
20;ILP;139046;1;1;0;0.00
20;ILP;142370;1;1;0;0.00
20;ILP;140632;1;1;0;0.00
20;ILP;140025;1;1;0;0.00
20;ILP;139784;1;1;0;0.00
20;ILP;140255;1;1;0;0.00
20;ILP;141966;1;1;0;0.00
20;ILP;142340;1;1;0;0.00
20;ILP;141603;1;1;0;0.00
20;ILP;142740;1;1;0;0.00
20;ILP;142050;1;1;0;0.00
20;ILP;142470;1;1;0;0.00
20;ILP;141860;1;1;0;0.00
20;ILP;140798;1;1;0;0.00
20;ILP;141295;1;1;0;0.00
20;ILP;141091;1;1;0;0.00
20;ILP;140044;1;1;0;0.00
20;ILP;140197;1;1;0;0.00
20;ILP;138584;1;1;0;0.00
20;ILP;140027;1;1;0;0.00
20;ILP;140273;1;1;0;0.00
20;ILP;141941;1;1;0;0.00
20;ILP;139769;1;1;0;0.00
20;CP;665916;1;1;0;0.00
20;CP;654281;1;1;0;0.00
20;CP;651299;1;1;0;0.00
20;CP;658492;1;1;0;0.00
20;CP;657824;1;1;0;0.00
20;CP;642657;1;1;0;0.00
20;CP;635971;1;1;0;0.00
20;CP;613609;1;1;0;0.00
20;CP;626433;1;1;0;0.00
20;CP;621563;1;1;0;0.00
20;CP;609319;1;1;0;0.00
20;CP;622216;1;1;0;0.00
20;CP;551507;1;1;0;0.00
20;CP;547290;1;1;0;0.00
20;CP;544710;1;1;0;0.00
20;CP;555356;1;1;0;0.00
20;CP;544320;1;1;0;0.00
20;CP;546811;1;1;0;0.00
20;CP;548158;1;1;0;0.00
20;CP;545654;1;1;0;0.00
20;CP;665290;1;1;0;0.00
20;CP;642491;1;1;0;0.00
20;CP;635001;1;1;0;0.00
20;CP;651364;1;1;0;0.00
20;CP;609686;1;1;0;0.00
20;CP;615634;1;1;0;0.00
20;CP;612586;1;1;0;0.00
20;CP;620103;1;1;0;0.00
20;CP;614517;1;1;0;0.00
20;CP;607122;1;1;0;0.00
20;CP;552012;1;1;0;0.00
20;CP;542321;1;1;0;0.00
20;CP;545309;1;1;0;0.00
20;CP;547903;1;1;0;0.00
20;CP;545033;1;1;0;0.00
20;CP;544036;1;1;0;0.00
20;CP;542632;1;1;0;0.00
20;CP;561618;1;1;0;0.00
20;CP;543340;1;1;0;0.00
20;CP;553348;1;1;0;0.00
20;CP;663548;1;1;0;0.00
20;CP;633950;1;1;0;0.00
20;CP;628658;1;1;0;0.00
20;CP;629154;1;1;0;0.00
20;CP;625040;1;1;0;0.00
20;CP;634650;1;1;0;0.00
20;CP;632342;1;1;0;0.00
20;CP;627579;1;1;0;0.00
20;CP;646618;1;1;0;0.00
20;CP;645398;1;1;0;0.00
20;CP;652173;1;1;0;0.00
20;CP;644158;1;1;0;0.00
20;CP;649292;1;1;0;0.00
20;CP;644462;1;1;0;0.00
20;CP;643422;1;1;0;0.00
20;CP;642188;1;1;0;0.00
20;CP;651011;1;1;0;0.00
20;CP;641722;1;1;0;0.00
20;CP;639776;1;1;0;0.00
20;CP;645599;1;1;0;0.00
20;SCP;444487;1;1;0;0.00
20;SCP;445564;1;1;0;0.00
20;SCP;442492;1;1;0;0.00
20;SCP;433781;1;1;0;0.00
20;SCP;433029;1;1;0;0.00
20;SCP;442638;1;1;0;0.00
20;SCP;440825;1;1;0;0.00
20;SCP;443098;1;1;0;0.00
20;SCP;433661;1;1;0;0.00
20;SCP;440062;1;1;0;0.00
20;SCP;441444;1;1;0;0.00
20;SCP;443792;1;1;0;0.00
20;SCP;440069;1;1;0;0.00
20;SCP;441573;1;1;0;0.00
20;SCP;441652;1;1;0;0.00
20;SCP;443038;1;1;0;0.00
20;SCP;438688;1;1;0;0.00
20;SCP;441958;1;1;0;0.00
20;SCP;434573;1;1;0;0.00
20;SCP;435674;1;1;0;0.00
20;SCP;287951;1;1;0;0.00
20;SCP;285479;1;1;0;0.00
20;SCP;284322;1;1;0;0.00
20;SCP;283860;1;1;0;0.00
20;SCP;284638;1;1;0;0.00
20;SCP;284683;1;1;0;0.00
20;SCP;284323;1;1;0;0.00
20;SCP;285794;1;1;0;0.00
20;SCP;285110;1;1;0;0.00
20;SCP;284638;1;1;0;0.00
20;SCP;285791;1;1;0;0.00
20;SCP;279852;1;1;0;0.00
20;SCP;284750;1;1;0;0.00
20;SCP;284805;1;1;0;0.00
20;SCP;281140;1;1;0;0.00
20;SCP;283792;1;1;0;0.00
20;SCP;285641;1;1;0;0.00
20;SCP;285230;1;1;0;0.00
20;SCP;285730;1;1;0;0.00
20;SCP;284339;1;1;0;0.00
20;SCP;265656;1;1;0;0.00
20;SCP;266383;1;1;0;0.00
20;SCP;263371;1;1;0;0.00
20;SCP;261194;1;1;0;0.00
20;SCP;263670;1;1;0;0.00
20;SCP;262586;1;1;0;0.00
20;SCP;261566;1;1;0;0.00
20;SCP;263628;1;1;0;0.00
20;SCP;265448;1;1;0;0.00
20;SCP;267591;1;1;0;0.00
20;SCP;261475;1;1;0;0.00
20;SCP;263422;1;1;0;0.00
20;SCP;264007;1;1;0;0.00
20;SCP;262474;1;1;0;0.00
20;SCP;264383;1;1;0;0.00
20;SCP;263401;1;1;0;0.00
20;SCP;262664;1;1;0;0.00
20;SCP;266239;1;1;0;0.00
20;SCP;261820;1;1;0;0.00
20;SCP;267509;1;1;0;0.00
20;BFDC;1070;1;1;0;6.45
20;BFDC;1073;1;1;0;6.45
20;BFDC;1067;1;1;0;6.45
20;BFDC;1065;1;1;0;6.45
20;BFDC;1069;1;1;0;6.45
20;BFDC;1064;1;1;0;6.45
20;BFDC;1069;1;1;0;6.45
20;BFDC;1067;1;1;0;6.45
20;BFDC;1065;1;1;0;6.45
20;BFDC;1066;1;1;0;6.45
20;BFDC;1064;1;1;0;6.45
20;BFDC;1070;1;1;0;6.45
20;BFDC;1070;1;1;0;6.45
20;BFDC;1071;1;1;0;6.45
20;BFDC;1070;1;1;0;6.45
20;BFDC;1064;1;1;0;6.45
20;BFDC;1065;1;1;0;6.45
20;BFDC;1069;1;1;0;6.45
20;BFDC;1063;1;1;0;6.45
20;BFDC;1065;1;1;0;6.45
20;BFDC;1026;1;1;0;6.27
20;BFDC;1024;1;1;0;6.27
20;BFDC;1029;1;1;0;6.27
20;BFDC;1049;1;1;0;6.27
20;BFDC;1048;1;1;0;6.27
20;BFDC;1048;1;1;0;6.27
20;BFDC;1022;1;1;0;6.27
20;BFDC;1021;1;1;0;6.27
20;BFDC;1021;1;1;0;6.27
20;BFDC;1044;1;1;0;6.27
20;BFDC;1044;1;1;0;6.27
20;BFDC;1045;1;1;0;6.27
20;BFDC;1048;1;1;0;6.27
20;BFDC;1043;1;1;0;6.27
20;BFDC;1025;1;1;0;6.27
20;BFDC;1035;1;1;0;6.27
20;BFDC;1043;1;1;0;6.27
20;BFDC;1046;1;1;0;6.27
20;BFDC;1048;1;1;0;6.27
20;BFDC;1025;1;1;0;6.27
20;BFDC;1068;1;1;0;6.54
20;BFDC;1062;1;1;0;6.54
20;BFDC;1069;1;1;0;6.54
20;BFDC;1090;1;1;0;6.54
20;BFDC;1077;1;1;0;6.54
20;BFDC;1076;1;1;0;6.54
20;BFDC;1071;1;1;0;6.54
20;BFDC;1064;1;1;0;6.54
20;BFDC;1060;1;1;0;6.54
20;BFDC;1066;1;1;0;6.54
20;BFDC;1060;1;1;0;6.54
20;BFDC;1066;1;1;0;6.54
20;BFDC;1067;1;1;0;6.54
20;BFDC;1060;1;1;0;6.54
20;BFDC;1062;1;1;0;6.54
20;BFDC;1068;1;1;0;6.54
20;BFDC;1083;1;1;0;6.54
20;BFDC;1088;1;1;0;6.54
20;BFDC;1062;1;1;0;6.54
20;BFDC;1067;1;1;0;6.54
20;CRA;10007;1;1;0;23.71
20;CRA;9908;1;1;0;23.71
20;CRA;9901;1;1;0;23.71
20;CRA;9917;1;1;0;23.71
20;CRA;9906;1;1;0;23.71
20;CRA;9921;1;1;0;23.71
20;CRA;9902;1;1;0;23.71
20;CRA;9905;1;1;0;23.71
20;CRA;9906;1;1;0;23.71
20;CRA;9914;1;1;0;23.71
20;CRA;9917;1;1;0;23.71
20;CRA;9915;1;1;0;23.71
20;CRA;9904;1;1;0;23.71
20;CRA;9914;1;1;0;23.71
20;CRA;9923;1;1;0;23.71
20;CRA;9918;1;1;0;23.71
20;CRA;9909;1;1;0;23.71
20;CRA;9919;1;1;0;23.71
20;CRA;9916;1;1;0;23.71
20;CRA;9900;1;1;0;23.71
20;CRA;15998;1;1;0;35.81
20;CRA;15928;1;1;0;35.81
20;CRA;15919;1;1;0;35.81
20;CRA;15935;1;1;0;35.81
20;CRA;15917;1;1;0;35.81
20;CRA;15913;1;1;0;35.81
20;CRA;15912;1;1;0;35.81
20;CRA;15920;1;1;0;35.81
20;CRA;15908;1;1;0;35.81
20;CRA;15912;1;1;0;35.81
20;CRA;15926;1;1;0;35.81
20;CRA;15929;1;1;0;35.81
20;CRA;15917;1;1;0;35.81
20;CRA;15924;1;1;0;35.81
20;CRA;15926;1;1;0;35.81
20;CRA;15922;1;1;0;35.81
20;CRA;15908;1;1;0;35.81
20;CRA;15920;1;1;0;35.81
20;CRA;15921;1;1;0;35.81
20;CRA;15922;1;1;0;35.81
20;CRA;14545;1;1;0;32.94
20;CRA;14473;1;1;0;32.94
20;CRA;14469;1;1;0;32.94
20;CRA;14467;1;1;0;32.94
20;CRA;14453;1;1;0;32.94
20;CRA;14474;1;1;0;32.94
20;CRA;14465;1;1;0;32.94
20;CRA;14459;1;1;0;32.94
20;CRA;14466;1;1;0;32.94
20;CRA;14484;1;1;0;32.94
20;CRA;14467;1;1;0;32.94
20;CRA;14468;1;1;0;32.94
20;CRA;14447;1;1;0;32.94
20;CRA;14461;1;1;0;32.94
20;CRA;14461;1;1;0;32.94
20;CRA;14455;1;1;0;32.94
20;CRA;14466;1;1;0;32.94
20;CRA;14466;1;1;0;32.94
20;CRA;14458;1;1;0;32.94
20;CRA;14465;1;1;0;32.94
100;RULT;4624;1;1;0;16.68
100;RULT;4619;1;1;0;16.68
100;RULT;4621;1;1;0;16.68
100;RULT;4626;1;1;0;16.68
100;RULT;4621;1;1;0;16.68
100;RULT;4615;1;1;0;16.68
100;RULT;4629;1;1;0;16.68
100;RULT;4625;1;1;0;16.68
100;RULT;4629;1;1;0;16.68
100;RULT;4626;1;1;0;16.68
100;RULT;4620;1;1;0;16.68
100;RULT;4632;1;1;0;16.68
100;RULT;4650;1;1;0;16.68
100;RULT;4617;1;1;0;16.68
100;RULT;4629;1;1;0;16.68
100;RULT;4625;1;1;0;16.68
100;RULT;4621;1;1;0;16.68
100;RULT;4616;1;1;0;16.68
100;RULT;4625;1;1;0;16.68
100;RULT;4624;1;1;0;16.68
100;RULT;4439;1;1;0;17.40
100;RULT;4440;1;1;0;17.40
100;RULT;4435;1;1;0;17.40
100;RULT;4435;1;1;0;17.40
100;RULT;4425;1;1;0;17.40
100;RULT;4436;1;1;0;17.40
100;RULT;4432;1;1;0;17.40
100;RULT;4428;1;1;0;17.40
100;RULT;4435;1;1;0;17.40
100;RULT;4433;1;1;0;17.40
100;RULT;4435;1;1;0;17.40
100;RULT;4430;1;1;0;17.40
100;RULT;4430;1;1;0;17.40
100;RULT;4433;1;1;0;17.40
100;RULT;4437;1;1;0;17.40
100;RULT;4437;1;1;0;17.40
100;RULT;4433;1;1;0;17.40
100;RULT;4432;1;1;0;17.40
100;RULT;4433;1;1;0;17.40
100;RULT;4438;1;1;0;17.40
100;RULT;3674;1;1;0;14.41
100;RULT;3608;1;1;0;14.41
100;RULT;3622;1;1;0;14.41
100;RULT;3597;1;1;0;14.41
100;RULT;3608;1;1;0;14.41
100;RULT;3603;1;1;0;14.41
100;RULT;3631;1;1;0;14.41
100;RULT;3683;1;1;0;14.41
100;RULT;3590;1;1;0;14.41
100;RULT;3630;1;1;0;14.41
100;RULT;3657;1;1;0;14.41
100;RULT;3617;1;1;0;14.41
100;RULT;3627;1;1;0;14.41
100;RULT;3603;1;1;0;14.41
100;RULT;3635;1;1;0;14.41
100;RULT;3608;1;1;0;14.41
100;RULT;3643;1;1;0;14.41
100;RULT;3614;1;1;0;14.41
100;RULT;3628;1;1;0;14.41
100;RULT;3623;1;1;0;14.41
100;ILP;646371;1;1;0;0.00
100;ILP;540994;1;1;0;0.00
100;ILP;543114;1;1;0;0.00
100;ILP;527524;1;1;0;0.00
100;ILP;530282;1;1;0;0.00
100;ILP;532416;1;1;0;0.00
100;ILP;530490;1;1;0;0.00
100;ILP;532196;1;1;0;0.00
100;ILP;525310;1;1;0;0.00
100;ILP;530575;1;1;0;0.00
100;ILP;526379;1;1;0;0.00
100;ILP;531062;1;1;0;0.00
100;ILP;526170;1;1;0;0.00
100;ILP;526136;1;1;0;0.00
100;ILP;532466;1;1;0;0.00
100;ILP;528638;1;1;0;0.00
100;ILP;524505;1;1;0;0.00
100;ILP;521211;1;1;0;0.00
100;ILP;527029;1;1;0;0.00
100;ILP;527458;1;1;0;0.00
100;ILP;638341;1;1;0;0.00
100;ILP;542505;1;1;0;0.00
100;ILP;533612;1;1;0;0.00
100;ILP;530016;1;1;0;0.00
100;ILP;533883;1;1;0;0.00
100;ILP;536742;1;1;0;0.00
100;ILP;526939;1;1;0;0.00
100;ILP;529058;1;1;0;0.00
100;ILP;527766;1;1;0;0.00
100;ILP;533156;1;1;0;0.00
100;ILP;544182;1;1;0;0.00
100;ILP;573878;1;1;0;0.00
100;ILP;534289;1;1;0;0.00
100;ILP;542284;1;1;0;0.00
100;ILP;543073;1;1;0;0.00
100;ILP;547855;1;1;0;0.00
100;ILP;542285;1;1;0;0.00
100;ILP;540851;1;1;0;0.00
100;ILP;543949;1;1;0;0.00
100;ILP;542114;1;1;0;0.00
100;ILP;623916;1;1;0;0.00
100;ILP;530686;1;1;0;0.00
100;ILP;517245;1;1;0;0.00
100;ILP;507460;1;1;0;0.00
100;ILP;515409;1;1;0;0.00
100;ILP;521118;1;1;0;0.00
100;ILP;508092;1;1;0;0.00
100;ILP;517580;1;1;0;0.00
100;ILP;520932;1;1;0;0.00
100;ILP;507660;1;1;0;0.00
100;ILP;523771;1;1;0;0.00
100;ILP;519657;1;1;0;0.00
100;ILP;514920;1;1;0;0.00
100;ILP;525022;1;1;0;0.00
100;ILP;512772;1;1;0;0.00
100;ILP;516550;1;1;0;0.00
100;ILP;524625;1;1;0;0.00
100;ILP;514305;1;1;0;0.00
100;ILP;514428;1;1;0;0.00
100;ILP;525748;1;1;0;0.00
100;SCP;459164;1;1;0;0.00
100;SCP;459916;1;1;0;0.00
100;SCP;459476;1;1;0;0.00
100;SCP;458723;1;1;0;0.00
100;SCP;460536;1;1;0;0.00
100;SCP;459754;1;1;0;0.00
100;SCP;459060;1;1;0;0.00
100;SCP;459215;1;1;0;0.00
100;SCP;460810;1;1;0;0.00
100;SCP;458877;1;1;0;0.00
100;SCP;459106;1;1;0;0.00
100;SCP;459263;1;1;0;0.00
100;SCP;464157;1;1;0;0.00
100;SCP;461992;1;1;0;0.00
100;SCP;459408;1;1;0;0.00
100;SCP;461634;1;1;0;0.00
100;SCP;463633;1;1;0;0.00
100;SCP;460121;1;1;0;0.00
100;SCP;461419;1;1;0;0.00
100;SCP;459720;1;1;0;0.00
100;SCP;1491043;1;1;0;0.00
100;SCP;1351755;1;1;0;0.00
100;SCP;1348298;1;1;0;0.00
100;SCP;1350591;1;1;0;0.00
100;SCP;1359136;1;1;0;0.00
100;SCP;1354143;1;1;0;0.00
100;SCP;1347416;1;1;0;0.00
100;SCP;1350302;1;1;0;0.00
100;SCP;1332969;1;1;0;0.00
100;SCP;1339127;1;1;0;0.00
100;SCP;1353429;1;1;0;0.00
100;SCP;1333432;1;1;0;0.00
100;SCP;1357206;1;1;0;0.00
100;SCP;1343809;1;1;0;0.00
100;SCP;1327292;1;1;0;0.00
100;SCP;1325413;1;1;0;0.00
100;SCP;1343454;1;1;0;0.00
100;SCP;1324555;1;1;0;0.00
100;SCP;1328588;1;1;0;0.00
100;SCP;1350597;1;1;0;0.00
100;SCP;2517408;0;0;1;0.00
100;SCP;2534745;0;0;1;0.00
100;SCP;2508648;0;0;1;0.00
100;SCP;2496111;0;0;1;0.00
100;SCP;2501225;0;0;1;0.00
100;SCP;2528754;0;0;1;0.00
100;SCP;2496250;0;0;1;0.00
100;SCP;2536276;0;0;1;0.00
100;SCP;2507356;0;0;1;0.00
100;SCP;2499900;0;0;1;0.00
100;SCP;2504725;0;0;1;0.00
100;SCP;2495375;0;0;1;0.00
100;SCP;2532874;0;0;1;0.00
100;SCP;2495531;0;0;1;0.00
100;SCP;2505723;0;0;1;0.00
100;SCP;2516681;0;0;1;0.00
100;SCP;2516619;0;0;1;0.00
100;SCP;2511298;0;0;1;0.00
100;SCP;2530516;0;0;1;0.00
100;SCP;2496226;0;0;1;0.00
100;BFDC;1171;1;1;0;6.33
100;BFDC;1168;1;1;0;6.33
100;BFDC;1173;1;1;0;6.33
100;BFDC;1166;1;1;0;6.33
100;BFDC;1168;1;1;0;6.33
100;BFDC;1186;1;1;0;6.33
100;BFDC;1187;1;1;0;6.33
100;BFDC;1168;1;1;0;6.33
100;BFDC;1174;1;1;0;6.33
100;BFDC;1168;1;1;0;6.33
100;BFDC;1172;1;1;0;6.33
100;BFDC;1167;1;1;0;6.33
100;BFDC;1169;1;1;0;6.33
100;BFDC;1173;1;1;0;6.33
100;BFDC;1169;1;1;0;6.33
100;BFDC;1170;1;1;0;6.33
100;BFDC;1172;1;1;0;6.33
100;BFDC;1166;1;1;0;6.33
100;BFDC;1166;1;1;0;6.33
100;BFDC;1172;1;1;0;6.33
100;BFDC;1297;1;1;0;6.86
100;BFDC;1296;1;1;0;6.86
100;BFDC;1303;1;1;0;6.86
100;BFDC;1292;1;1;0;6.86
100;BFDC;1296;1;1;0;6.86
100;BFDC;1290;1;1;0;6.86
100;BFDC;1292;1;1;0;6.86
100;BFDC;1305;1;1;0;6.86
100;BFDC;1296;1;1;0;6.86
100;BFDC;1298;1;1;0;6.86
100;BFDC;1296;1;1;0;6.86
100;BFDC;1292;1;1;0;6.86
100;BFDC;1300;1;1;0;6.86
100;BFDC;1296;1;1;0;6.86
100;BFDC;1293;1;1;0;6.86
100;BFDC;1295;1;1;0;6.86
100;BFDC;1295;1;1;0;6.86
100;BFDC;1302;1;1;0;6.86
100;BFDC;1289;1;1;0;6.86
100;BFDC;1293;1;1;0;6.86
100;BFDC;1186;1;1;0;6.29
100;BFDC;1188;1;1;0;6.29
100;BFDC;1181;1;1;0;6.29
100;BFDC;1181;1;1;0;6.29
100;BFDC;1185;1;1;0;6.29
100;BFDC;1185;1;1;0;6.29
100;BFDC;1181;1;1;0;6.29
100;BFDC;1188;1;1;0;6.29
100;BFDC;1183;1;1;0;6.29
100;BFDC;1194;1;1;0;6.29
100;BFDC;1180;1;1;0;6.29
100;BFDC;1178;1;1;0;6.29
100;BFDC;1198;1;1;0;6.29
100;BFDC;1178;1;1;0;6.29
100;BFDC;1186;1;1;0;6.29
100;BFDC;1184;1;1;0;6.29
100;BFDC;1184;1;1;0;6.29
100;BFDC;1195;1;1;0;6.29
100;BFDC;1185;1;1;0;6.29
100;BFDC;1183;1;1;0;6.29
100;CRA;11478;1;1;0;26.53
100;CRA;11391;1;1;0;26.53
100;CRA;11391;1;1;0;26.53
100;CRA;11400;1;1;0;26.53
100;CRA;11393;1;1;0;26.53
100;CRA;11411;1;1;0;26.53
100;CRA;11409;1;1;0;26.53
100;CRA;11381;1;1;0;26.53
100;CRA;11403;1;1;0;26.53
100;CRA;11427;1;1;0;26.53
100;CRA;11404;1;1;0;26.53
100;CRA;11403;1;1;0;26.53
100;CRA;11397;1;1;0;26.53
100;CRA;11410;1;1;0;26.53
100;CRA;11414;1;1;0;26.53
100;CRA;11395;1;1;0;26.53
100;CRA;11393;1;1;0;26.53
100;CRA;11413;1;1;0;26.53
100;CRA;11403;1;1;0;26.53
100;CRA;11399;1;1;0;26.53
100;CRA;3966;1;1;0;12.17
100;CRA;3939;1;1;0;12.17
100;CRA;3937;1;1;0;12.17
100;CRA;3939;1;1;0;12.17
100;CRA;3942;1;1;0;12.17
100;CRA;3933;1;1;0;12.17
100;CRA;3934;1;1;0;12.17
100;CRA;3936;1;1;0;12.17
100;CRA;3938;1;1;0;12.17
100;CRA;3933;1;1;0;12.17
100;CRA;3939;1;1;0;12.17
100;CRA;3935;1;1;0;12.17
100;CRA;3943;1;1;0;12.17
100;CRA;3941;1;1;0;12.17
100;CRA;3945;1;1;0;12.17
100;CRA;3940;1;1;0;12.17
100;CRA;3940;1;1;0;12.17
100;CRA;3960;1;1;0;12.17
100;CRA;3941;1;1;0;12.17
100;CRA;3943;1;1;0;12.17
100;CRA;8992;1;1;0;21.64
100;CRA;8912;1;1;0;21.64
100;CRA;8941;1;1;0;21.64
100;CRA;8917;1;1;0;21.64
100;CRA;8927;1;1;0;21.64
100;CRA;8908;1;1;0;21.64
100;CRA;8929;1;1;0;21.64
100;CRA;8919;1;1;0;21.64
100;CRA;8924;1;1;0;21.64
100;CRA;8928;1;1;0;21.64
100;CRA;8929;1;1;0;21.64
100;CRA;8919;1;1;0;21.64
100;CRA;8928;1;1;0;21.64
100;CRA;8938;1;1;0;21.64
100;CRA;8928;1;1;0;21.64
100;CRA;8930;1;1;0;21.64
100;CRA;8926;1;1;0;21.64
100;CRA;8928;1;1;0;21.64
100;CRA;8913;1;1;0;21.64
100;CRA;8920;1;1;0;21.64
