Size;Method;Time;Status;Solution;Timeout;Scans
100;RULT;2348;0;0;0;11.82
100;RULT;2336;0;0;0;11.82
100;RULT;2332;0;0;0;11.82
100;RULT;2345;0;0;0;11.82
100;RULT;2347;0;0;0;11.82
100;RULT;2339;0;0;0;11.82
100;RULT;2339;0;0;0;11.82
100;RULT;2348;0;0;0;11.82
100;RULT;2343;0;0;0;11.82
100;RULT;2358;0;0;0;11.82
100;RULT;2341;0;0;0;11.82
100;RULT;2343;0;0;0;11.82
100;RULT;2344;0;0;0;11.82
100;RULT;2345;0;0;0;11.82
100;RULT;2338;0;0;0;11.82
100;RULT;2341;0;0;0;11.82
100;RULT;2346;0;0;0;11.82
100;RULT;2345;0;0;0;11.82
100;RULT;2341;0;0;0;11.82
100;RULT;2341;0;0;0;11.82
100;RULT;2269;0;0;0;10.98
100;RULT;2275;0;0;0;10.98
100;RULT;2518;0;0;0;10.98
100;RULT;2614;0;0;0;10.98
100;RULT;2609;0;0;0;10.98
100;RULT;2613;0;0;0;10.98
100;RULT;2620;0;0;0;10.98
100;RULT;2573;0;0;0;10.98
100;RULT;2541;0;0;0;10.98
100;RULT;2606;0;0;0;10.98
100;RULT;2327;0;0;0;10.98
100;RULT;2278;0;0;0;10.98
100;RULT;2273;0;0;0;10.98
100;RULT;2264;0;0;0;10.98
100;RULT;2276;0;0;0;10.98
100;RULT;2411;0;0;0;10.98
100;RULT;2381;0;0;0;10.98
100;RULT;2275;0;0;0;10.98
100;RULT;2274;0;0;0;10.98
100;RULT;2325;0;0;0;10.98
100;ILP;266300;0;0;0;0.00
100;ILP;254494;0;0;0;0.00
100;ILP;252276;0;0;0;0.00
100;ILP;254587;0;0;0;0.00
100;ILP;252400;0;0;0;0.00
100;ILP;252504;0;0;0;0.00
100;ILP;252811;0;0;0;0.00
100;ILP;258114;0;0;0;0.00
100;ILP;252798;0;0;0;0.00
100;ILP;254299;0;0;0;0.00
100;ILP;253100;0;0;0;0.00
100;ILP;253129;0;0;0;0.00
100;ILP;254574;0;0;0;0.00
100;ILP;253311;0;0;0;0.00
100;ILP;254950;0;0;0;0.00
100;ILP;254321;0;0;0;0.00
100;ILP;253666;0;0;0;0.00
100;ILP;252756;0;0;0;0.00
100;ILP;252287;0;0;0;0.00
100;ILP;252735;0;0;0;0.00
100;ILP;276387;0;0;0;0.00
100;ILP;258513;0;0;0;0.00
100;ILP;263148;0;0;0;0.00
100;ILP;254969;0;0;0;0.00
100;ILP;259213;0;0;0;0.00
100;ILP;259019;0;0;0;0.00
100;ILP;256691;0;0;0;0.00
100;ILP;261088;0;0;0;0.00
100;ILP;260770;0;0;0;0.00
100;ILP;261119;0;0;0;0.00
100;ILP;258828;0;0;0;0.00
100;ILP;260179;0;0;0;0.00
100;ILP;256652;0;0;0;0.00
100;ILP;260934;0;0;0;0.00
100;ILP;257150;0;0;0;0.00
100;ILP;262364;0;0;0;0.00
100;ILP;255325;0;0;0;0.00
100;ILP;261060;0;0;0;0.00
100;ILP;258268;0;0;0;0.00
100;ILP;262388;0;0;0;0.00
100;SCP;2361101;0;0;1;0.00
100;SCP;2365278;0;0;1;0.00
100;SCP;2356864;0;0;1;0.00
100;SCP;2356852;0;0;1;0.00
100;SCP;2360685;0;0;1;0.00
100;SCP;2355516;0;0;1;0.00
100;SCP;2383206;0;0;1;0.00
100;SCP;2369564;0;0;1;0.00
100;SCP;2354541;0;0;1;0.00
100;SCP;2353538;0;0;1;0.00
100;SCP;2350958;0;0;1;0.00
100;SCP;2351820;0;0;1;0.00
100;SCP;2378057;0;0;1;0.00
100;SCP;2381862;0;0;1;0.00
100;SCP;2351393;0;0;1;0.00
100;SCP;2359067;0;0;1;0.00
100;SCP;2383428;0;0;1;0.00
100;SCP;2354312;0;0;1;0.00
100;SCP;2393476;0;0;1;0.00
100;SCP;2354367;0;0;1;0.00
100;SCP;546032;0;0;0;0.00
100;SCP;529216;0;0;0;0.00
100;SCP;539685;0;0;0;0.00
100;SCP;529650;0;0;0;0.00
100;SCP;529646;0;0;0;0.00
100;SCP;528307;0;0;0;0.00
100;SCP;539932;0;0;0;0.00
100;SCP;528091;0;0;0;0.00
100;SCP;527883;0;0;0;0.00
100;SCP;529502;0;0;0;0.00
100;SCP;528312;0;0;0;0.00
100;SCP;525603;0;0;0;0.00
100;SCP;526585;0;0;0;0.00
100;SCP;526726;0;0;0;0.00
100;SCP;528836;0;0;0;0.00
100;SCP;529442;0;0;0;0.00
100;SCP;539451;0;0;0;0.00
100;SCP;537149;0;0;0;0.00
100;SCP;539827;0;0;0;0.00
100;SCP;540405;0;0;0;0.00
100;BFDC;528;0;0;0;2.65
100;BFDC;525;0;0;0;2.65
100;BFDC;528;0;0;0;2.65
100;BFDC;524;0;0;0;2.65
100;BFDC;524;0;0;0;2.65
100;BFDC;524;0;0;0;2.65
100;BFDC;523;0;0;0;2.65
100;BFDC;526;0;0;0;2.65
100;BFDC;531;0;0;0;2.65
100;BFDC;525;0;0;0;2.65
100;BFDC;525;0;0;0;2.65
100;BFDC;525;0;0;0;2.65
100;BFDC;525;0;0;0;2.65
100;BFDC;524;0;0;0;2.65
100;BFDC;534;0;0;0;2.65
100;BFDC;524;0;0;0;2.65
100;BFDC;526;0;0;0;2.65
100;BFDC;524;0;0;0;2.65
100;BFDC;525;0;0;0;2.65
100;BFDC;523;0;0;0;2.65
100;BFDC;399;0;0;0;1.96
100;BFDC;398;0;0;0;1.96
100;BFDC;397;0;0;0;1.96
100;BFDC;398;0;0;0;1.96
100;BFDC;397;0;0;0;1.96
100;BFDC;396;0;0;0;1.96
100;BFDC;397;0;0;0;1.96
100;BFDC;396;0;0;0;1.96
100;BFDC;396;0;0;0;1.96
100;BFDC;396;0;0;0;1.96
100;BFDC;397;0;0;0;1.96
100;BFDC;404;0;0;0;1.96
100;BFDC;396;0;0;0;1.96
100;BFDC;397;0;0;0;1.96
100;BFDC;396;0;0;0;1.96
100;BFDC;397;0;0;0;1.96
100;BFDC;396;0;0;0;1.96
100;BFDC;396;0;0;0;1.96
100;BFDC;397;0;0;0;1.96
100;BFDC;396;0;0;0;1.96
100;CRA;13637;0;0;0;31.30
100;CRA;13567;0;0;0;31.30
100;CRA;13541;0;0;0;31.30
100;CRA;13553;0;0;0;31.30
100;CRA;13556;0;0;0;31.30
100;CRA;13555;0;0;0;31.30
100;CRA;13552;0;0;0;31.30
100;CRA;13562;0;0;0;31.30
100;CRA;13547;0;0;0;31.30
100;CRA;13568;0;0;0;31.30
100;CRA;13535;0;0;0;31.30
100;CRA;13562;0;0;0;31.30
100;CRA;13560;0;0;0;31.30
100;CRA;13554;0;0;0;31.30
100;CRA;13553;0;0;0;31.30
100;CRA;13550;0;0;0;31.30
100;CRA;13548;0;0;0;31.30
100;CRA;13532;0;0;0;31.30
100;CRA;13545;0;0;0;31.30
100;CRA;13559;0;0;0;31.30
100;CRA;1840;0;0;0;7.91
100;CRA;1792;0;0;0;7.91
100;CRA;1794;0;0;0;7.91
100;CRA;1799;0;0;0;7.91
100;CRA;1793;0;0;0;7.91
100;CRA;1804;0;0;0;7.91
100;CRA;1789;0;0;0;7.91
100;CRA;1800;0;0;0;7.91
100;CRA;1796;0;0;0;7.91
100;CRA;1804;0;0;0;7.91
100;CRA;1798;0;0;0;7.91
100;CRA;1803;0;0;0;7.91
100;CRA;1795;0;0;0;7.91
100;CRA;1793;0;0;0;7.91
100;CRA;1800;0;0;0;7.91
100;CRA;1792;0;0;0;7.91
100;CRA;1805;0;0;0;7.91
100;CRA;1792;0;0;0;7.91
100;CRA;1800;0;0;0;7.91
100;CRA;1792;0;0;0;7.91
80;ULT;1101400;0;0;0;336.61
80;ULT;1103352;0;0;0;336.61
80;ULT;1102476;0;0;0;336.61
80;ULT;1102372;0;0;0;336.61
80;ULT;1102287;0;0;0;336.61
80;ULT;1102308;0;0;0;336.61
80;ULT;1103288;0;0;0;336.61
80;ULT;1102497;0;0;0;336.61
80;ULT;1102299;0;0;0;336.61
80;ULT;1102188;0;0;0;336.61
80;ULT;1102292;0;0;0;336.61
80;ULT;1102471;0;0;0;336.61
80;ULT;1102441;0;0;0;336.61
80;ULT;1104653;0;0;0;336.61
80;ULT;1161880;0;0;0;336.61
80;ULT;1161671;0;0;0;336.61
80;ULT;1151047;0;0;0;336.61
80;ULT;1148966;0;0;0;336.61
80;ULT;1145804;0;0;0;336.61
80;ULT;1148129;0;0;0;336.61
80;ULT;2000000;0;0;1;590.71
80;ULT;2000000;0;0;1;589.83
80;ULT;2000001;0;0;1;590.58
80;ULT;2000000;0;0;1;591.20
80;ULT;2000000;0;0;1;602.29
80;ULT;2000001;0;0;1;602.32
80;ULT;2000000;0;0;1;602.29
80;ULT;2000000;0;0;1;602.25
80;ULT;2000001;0;0;1;602.35
80;ULT;2000001;0;0;1;602.33
80;ULT;2000001;0;0;1;602.36
80;ULT;2000001;0;0;1;602.24
80;ULT;2000000;0;0;1;602.22
80;ULT;2000000;0;0;1;602.31
80;ULT;2000000;0;0;1;602.34
80;ULT;2000001;0;0;1;602.34
80;ULT;2000000;0;0;1;602.25
80;ULT;2000001;0;0;1;602.19
80;ULT;2000000;0;0;1;602.23
80;ULT;2000000;0;0;1;602.32
80;RULT;75;0;0;0;0.59
80;RULT;75;0;0;0;0.59
80;RULT;75;0;0;0;0.59
80;RULT;75;0;0;0;0.59
80;RULT;75;0;0;0;0.59
80;RULT;75;0;0;0;0.59
80;RULT;75;0;0;0;0.59
80;RULT;74;0;0;0;0.59
80;RULT;75;0;0;0;0.59
80;RULT;75;0;0;0;0.59
80;RULT;75;0;0;0;0.59
80;RULT;75;0;0;0;0.59
80;RULT;75;0;0;0;0.59
80;RULT;75;0;0;0;0.59
80;RULT;75;0;0;0;0.59
80;RULT;76;0;0;0;0.59
80;RULT;74;0;0;0;0.59
80;RULT;75;0;0;0;0.59
80;RULT;74;0;0;0;0.59
80;RULT;76;0;0;0;0.59
80;RULT;88;0;0;0;0.70
80;RULT;87;0;0;0;0.70
80;RULT;87;0;0;0;0.70
80;RULT;87;0;0;0;0.70
80;RULT;87;0;0;0;0.70
80;RULT;86;0;0;0;0.70
80;RULT;88;0;0;0;0.70
80;RULT;87;0;0;0;0.70
80;RULT;86;0;0;0;0.70
80;RULT;87;0;0;0;0.70
80;RULT;87;0;0;0;0.70
80;RULT;87;0;0;0;0.70
80;RULT;86;0;0;0;0.70
80;RULT;87;0;0;0;0.70
80;RULT;87;0;0;0;0.70
80;RULT;88;0;0;0;0.70
80;RULT;87;0;0;0;0.70
80;RULT;92;0;0;0;0.70
80;RULT;87;0;0;0;0.70
80;RULT;87;0;0;0;0.70
80;ILP;210737;0;0;0;0.00
80;ILP;202413;0;0;0;0.00
80;ILP;201441;0;0;0;0.00
80;ILP;201786;0;0;0;0.00
80;ILP;202583;0;0;0;0.00
80;ILP;202467;0;0;0;0.00
80;ILP;200916;0;0;0;0.00
80;ILP;199068;0;0;0;0.00
80;ILP;201653;0;0;0;0.00
80;ILP;205053;0;0;0;0.00
80;ILP;202432;0;0;0;0.00
80;ILP;195860;0;0;0;0.00
80;ILP;202839;0;0;0;0.00
80;ILP;203019;0;0;0;0.00
80;ILP;204346;0;0;0;0.00
80;ILP;197688;0;0;0;0.00
80;ILP;202832;0;0;0;0.00
80;ILP;202496;0;0;0;0.00
80;ILP;200944;0;0;0;0.00
80;ILP;197385;0;0;0;0.00
80;ILP;206108;0;0;0;0.00
80;ILP;195359;0;0;0;0.00
80;ILP;196179;0;0;0;0.00
80;ILP;196892;0;0;0;0.00
80;ILP;195440;0;0;0;0.00
80;ILP;196315;0;0;0;0.00
80;ILP;197302;0;0;0;0.00
80;ILP;194971;0;0;0;0.00
80;ILP;196449;0;0;0;0.00
80;ILP;195870;0;0;0;0.00
80;ILP;195098;0;0;0;0.00
80;ILP;199420;0;0;0;0.00
80;ILP;199756;0;0;0;0.00
80;ILP;195827;0;0;0;0.00
80;ILP;196433;0;0;0;0.00
80;ILP;201928;0;0;0;0.00
80;ILP;201202;0;0;0;0.00
80;ILP;199234;0;0;0;0.00
80;ILP;201354;0;0;0;0.00
80;ILP;200472;0;0;0;0.00
80;CP;1074170;0;0;0;0.00
80;CP;1055578;0;0;0;0.00
80;CP;1036939;0;0;0;0.00
80;CP;1071287;0;0;0;0.00
80;CP;1061865;0;0;0;0.00
80;CP;1051094;0;0;0;0.00
80;CP;1078461;0;0;0;0.00
80;CP;1055042;0;0;0;0.00
80;CP;1135978;0;0;0;0.00
80;CP;1084028;0;0;0;0.00
80;CP;1041209;0;0;0;0.00
80;CP;994668;0;0;0;0.00
80;CP;1044909;0;0;0;0.00
80;CP;1005132;0;0;0;0.00
80;CP;1025893;0;0;0;0.00
80;CP;1013687;0;0;0;0.00
80;CP;1023418;0;0;0;0.00
80;CP;948160;0;0;0;0.00
80;CP;914385;0;0;0;0.00
80;CP;958176;0;0;0;0.00
80;CP;2007535;0;0;1;0.00
80;CP;1903599;0;0;0;0.00
80;CP;1887564;0;0;0;0.00
80;CP;1891157;0;0;0;0.00
80;CP;1892555;0;0;0;0.00
80;CP;1898544;0;0;0;0.00
80;CP;1897510;0;0;0;0.00
80;CP;1905369;0;0;0;0.00
80;CP;1907283;0;0;0;0.00
80;CP;1890822;0;0;0;0.00
80;CP;1890084;0;0;0;0.00
80;CP;1891379;0;0;0;0.00
80;CP;1883295;0;0;0;0.00
80;CP;1889013;0;0;0;0.00
80;CP;1890131;0;0;0;0.00
80;CP;1799997;0;0;0;0.00
80;CP;1797283;0;0;0;0.00
80;CP;1802940;0;0;0;0.00
80;CP;1810317;0;0;0;0.00
80;CP;1807016;0;0;0;0.00
80;SCP;831141;0;0;0;0.00
80;SCP;770980;0;0;0;0.00
80;SCP;798181;0;0;0;0.00
80;SCP;819852;0;0;0;0.00
80;SCP;830424;0;0;0;0.00
80;SCP;823934;0;0;0;0.00
80;SCP;826328;0;0;0;0.00
80;SCP;832190;0;0;0;0.00
80;SCP;829962;0;0;0;0.00
80;SCP;837443;0;0;0;0.00
80;SCP;827936;0;0;0;0.00
80;SCP;824822;0;0;0;0.00
80;SCP;827232;0;0;0;0.00
80;SCP;822859;0;0;0;0.00
80;SCP;829949;0;0;0;0.00
80;SCP;822734;0;0;0;0.00
80;SCP;832657;0;0;0;0.00
80;SCP;827777;0;0;0;0.00
80;SCP;822825;0;0;0;0.00
80;SCP;827461;0;0;0;0.00
80;SCP;1999342;0;0;1;0.00
80;SCP;2017552;0;0;1;0.00
80;SCP;1998624;0;0;1;0.00
80;SCP;2002943;0;0;1;0.00
80;SCP;2006370;0;0;1;0.00
80;SCP;2004448;0;0;1;0.00
80;SCP;2004134;0;0;1;0.00
80;SCP;2010280;0;0;1;0.00
80;SCP;2008945;0;0;1;0.00
80;SCP;2002599;0;0;1;0.00
80;SCP;1994293;0;0;1;0.00
80;SCP;2001231;0;0;1;0.00
80;SCP;1999331;0;0;1;0.00
80;SCP;2000262;0;0;1;0.00
80;SCP;1999219;0;0;1;0.00
80;SCP;1994924;0;0;1;0.00
80;SCP;1998250;0;0;1;0.00
80;SCP;1999511;0;0;1;0.00
80;SCP;2003083;0;0;1;0.00
80;SCP;2000744;0;0;1;0.00
80;KAB;212;0;0;0;0.00
80;KAB;135;0;0;0;0.00
80;KAB;130;0;0;0;0.00
80;KAB;130;0;0;0;0.00
80;KAB;129;0;0;0;0.00
80;KAB;129;0;0;0;0.00
80;KAB;129;0;0;0;0.00
80;KAB;129;0;0;0;0.00
80;KAB;128;0;0;0;0.00
80;KAB;128;0;0;0;0.00
80;KAB;129;0;0;0;0.00
80;KAB;129;0;0;0;0.00
80;KAB;130;0;0;0;0.00
80;KAB;128;0;0;0;0.00
80;KAB;128;0;0;0;0.00
80;KAB;129;0;0;0;0.00
80;KAB;129;0;0;0;0.00
80;KAB;128;0;0;0;0.00
80;KAB;129;0;0;0;0.00
80;KAB;128;0;0;0;0.00
80;KAB;301;0;0;0;0.00
80;KAB;218;0;0;0;0.00
80;KAB;215;0;0;0;0.00
80;KAB;212;0;0;0;0.00
80;KAB;211;0;0;0;0.00
80;KAB;211;0;0;0;0.00
80;KAB;211;0;0;0;0.00
80;KAB;210;0;0;0;0.00
80;KAB;211;0;0;0;0.00
80;KAB;211;0;0;0;0.00
80;KAB;212;0;0;0;0.00
80;KAB;212;0;0;0;0.00
80;KAB;212;0;0;0;0.00
80;KAB;211;0;0;0;0.00
80;KAB;210;0;0;0;0.00
80;KAB;210;0;0;0;0.00
80;KAB;210;0;0;0;0.00
80;KAB;210;0;0;0;0.00
80;KAB;211;0;0;0;0.00
80;KAB;210;0;0;0;0.00
80;BFDC;161;0;0;0;0.80
80;BFDC;157;0;0;0;0.80
80;BFDC;156;0;0;0;0.80
80;BFDC;154;0;0;0;0.80
80;BFDC;160;0;0;0;0.80
80;BFDC;155;0;0;0;0.80
80;BFDC;153;0;0;0;0.80
80;BFDC;153;0;0;0;0.80
80;BFDC;153;0;0;0;0.80
80;BFDC;154;0;0;0;0.80
80;BFDC;153;0;0;0;0.80
80;BFDC;153;0;0;0;0.80
80;BFDC;153;0;0;0;0.80
80;BFDC;152;0;0;0;0.80
80;BFDC;155;0;0;0;0.80
80;BFDC;153;0;0;0;0.80
80;BFDC;153;0;0;0;0.80
80;BFDC;153;0;0;0;0.80
80;BFDC;158;0;0;0;0.80
80;BFDC;153;0;0;0;0.80
80;BFDC;196;0;0;0;0.99
80;BFDC;191;0;0;0;0.99
80;BFDC;190;0;0;0;0.99
80;BFDC;191;0;0;0;0.99
80;BFDC;189;0;0;0;0.99
80;BFDC;191;0;0;0;0.99
80;BFDC;189;0;0;0;0.99
80;BFDC;189;0;0;0;0.99
80;BFDC;189;0;0;0;0.99
80;BFDC;189;0;0;0;0.99
80;BFDC;188;0;0;0;0.99
80;BFDC;190;0;0;0;0.99
80;BFDC;189;0;0;0;0.99
80;BFDC;190;0;0;0;0.99
80;BFDC;190;0;0;0;0.99
80;BFDC;190;0;0;0;0.99
80;BFDC;192;0;0;0;0.99
80;BFDC;194;0;0;0;0.99
80;BFDC;193;0;0;0;0.99
80;BFDC;193;0;0;0;0.99
80;CRA;52;0;0;0;0.17
80;CRA;42;0;0;0;0.17
80;CRA;40;0;0;0;0.17
80;CRA;38;0;0;0;0.17
80;CRA;38;0;0;0;0.17
80;CRA;37;0;0;0;0.17
80;CRA;37;0;0;0;0.17
80;CRA;36;0;0;0;0.17
80;CRA;36;0;0;0;0.17
80;CRA;36;0;0;0;0.17
80;CRA;36;0;0;0;0.17
80;CRA;36;0;0;0;0.17
80;CRA;36;0;0;0;0.17
80;CRA;36;0;0;0;0.17
80;CRA;36;0;0;0;0.17
80;CRA;36;0;0;0;0.17
80;CRA;36;0;0;0;0.17
80;CRA;36;0;0;0;0.17
80;CRA;36;0;0;0;0.17
80;CRA;36;0;0;0;0.17
80;CRA;143;0;0;0;0.37
80;CRA;73;0;0;0;0.37
80;CRA;70;0;0;0;0.37
80;CRA;69;0;0;0;0.37
80;CRA;68;0;0;0;0.37
80;CRA;67;0;0;0;0.37
80;CRA;66;0;0;0;0.37
80;CRA;65;0;0;0;0.37
80;CRA;65;0;0;0;0.37
80;CRA;65;0;0;0;0.37
80;CRA;64;0;0;0;0.37
80;CRA;64;0;0;0;0.37
80;CRA;63;0;0;0;0.37
80;CRA;64;0;0;0;0.37
80;CRA;63;0;0;0;0.37
80;CRA;63;0;0;0;0.37
80;CRA;64;0;0;0;0.37
80;CRA;63;0;0;0;0.37
80;CRA;63;0;0;0;0.37
80;CRA;62;0;0;0;0.37
30;ULT;1802976;0;0;0;523.98
30;ULT;1800913;0;0;0;523.98
30;ULT;1823620;0;0;0;523.98
30;ULT;1838935;0;0;0;523.98
30;ULT;1841213;0;0;0;523.98
30;ULT;1834126;0;0;0;523.98
30;ULT;1831655;0;0;0;523.98
30;ULT;1831405;0;0;0;523.98
30;ULT;1829590;0;0;0;523.98
30;ULT;1827411;0;0;0;523.98
30;ULT;1823532;0;0;0;523.98
30;ULT;1818267;0;0;0;523.98
30;ULT;1809227;0;0;0;523.98
30;ULT;1801486;0;0;0;523.98
30;ULT;1799389;0;0;0;523.98
30;ULT;1823484;0;0;0;523.98
30;ULT;1838266;0;0;0;523.98
30;ULT;1839351;0;0;0;523.98
30;ULT;1833475;0;0;0;523.98
30;ULT;1830672;0;0;0;523.98
30;ULT;2000000;0;0;1;570.20
30;ULT;2000000;0;0;1;568.82
30;ULT;2000000;0;0;1;568.96
30;ULT;2000000;0;0;1;567.33
30;ULT;2000000;0;0;1;571.18
30;ULT;2000000;0;0;1;576.02
30;ULT;2000000;0;0;1;576.15
30;ULT;2000000;0;0;1;575.67
30;ULT;2000001;0;0;1;574.42
30;ULT;2000000;0;0;1;572.44
30;ULT;2000000;0;0;1;570.88
30;ULT;2000001;0;0;1;569.87
30;ULT;2000001;0;0;1;569.35
30;ULT;2000000;0;0;1;568.84
30;ULT;2000001;0;0;1;568.98
30;ULT;2000000;0;0;1;567.49
30;ULT;2000001;0;0;1;571.84
30;ULT;2000000;0;0;1;576.18
30;ULT;2000001;0;0;1;578.77
30;ULT;2000001;0;0;1;568.02
30;RULT;83;0;0;0;0.77
30;RULT;83;0;0;0;0.77
30;RULT;82;0;0;0;0.77
30;RULT;83;0;0;0;0.77
30;RULT;83;0;0;0;0.77
30;RULT;83;0;0;0;0.77
30;RULT;83;0;0;0;0.77
30;RULT;83;0;0;0;0.77
30;RULT;83;0;0;0;0.77
30;RULT;84;0;0;0;0.77
30;RULT;83;0;0;0;0.77
30;RULT;83;0;0;0;0.77
30;RULT;83;0;0;0;0.77
30;RULT;83;0;0;0;0.77
30;RULT;83;0;0;0;0.77
30;RULT;84;0;0;0;0.77
30;RULT;83;0;0;0;0.77
30;RULT;83;0;0;0;0.77
30;RULT;83;0;0;0;0.77
30;RULT;83;0;0;0;0.77
30;RULT;139;0;0;0;1.33
30;RULT;139;0;0;0;1.33
30;RULT;138;0;0;0;1.33
30;RULT;138;0;0;0;1.33
30;RULT;139;0;0;0;1.33
30;RULT;139;0;0;0;1.33
30;RULT;140;0;0;0;1.33
30;RULT;139;0;0;0;1.33
30;RULT;138;0;0;0;1.33
30;RULT;139;0;0;0;1.33
30;RULT;138;0;0;0;1.33
30;RULT;138;0;0;0;1.33
30;RULT;138;0;0;0;1.33
30;RULT;138;0;0;0;1.33
30;RULT;138;0;0;0;1.33
30;RULT;145;0;0;0;1.33
30;RULT;139;0;0;0;1.33
30;RULT;139;0;0;0;1.33
30;RULT;138;0;0;0;1.33
30;RULT;138;0;0;0;1.33
30;ILP;78807;0;0;0;0.00
30;ILP;83120;0;0;0;0.00
30;ILP;76110;0;0;0;0.00
30;ILP;81429;0;0;0;0.00
30;ILP;81622;0;0;0;0.00
30;ILP;82000;0;0;0;0.00
30;ILP;81387;0;0;0;0.00
30;ILP;94888;0;0;0;0.00
30;ILP;76483;0;0;0;0.00
30;ILP;78602;0;0;0;0.00
30;ILP;77415;0;0;0;0.00
30;ILP;77101;0;0;0;0.00
30;ILP;76997;0;0;0;0.00
30;ILP;77619;0;0;0;0.00
30;ILP;77105;0;0;0;0.00
30;ILP;76828;0;0;0;0.00
30;ILP;75008;0;0;0;0.00
30;ILP;77409;0;0;0;0.00
30;ILP;76820;0;0;0;0.00
30;ILP;77987;0;0;0;0.00
30;ILP;78035;0;0;0;0.00
30;ILP;77895;0;0;0;0.00
30;ILP;77400;0;0;0;0.00
30;ILP;77474;0;0;0;0.00
30;ILP;77488;0;0;0;0.00
30;ILP;77053;0;0;0;0.00
30;ILP;76680;0;0;0;0.00
30;ILP;77107;0;0;0;0.00
30;ILP;77450;0;0;0;0.00
30;ILP;76938;0;0;0;0.00
30;ILP;76792;0;0;0;0.00
30;ILP;76795;0;0;0;0.00
30;ILP;77276;0;0;0;0.00
30;ILP;75497;0;0;0;0.00
30;ILP;75214;0;0;0;0.00
30;ILP;76760;0;0;0;0.00
30;ILP;77827;0;0;0;0.00
30;ILP;77794;0;0;0;0.00
30;ILP;77023;0;0;0;0.00
30;ILP;77169;0;0;0;0.00
30;CP;409986;0;0;0;0.00
30;CP;380420;0;0;0;0.00
30;CP;375805;0;0;0;0.00
30;CP;374110;0;0;0;0.00
30;CP;380845;0;0;0;0.00
30;CP;378757;0;0;0;0.00
30;CP;375524;0;0;0;0.00
30;CP;382554;0;0;0;0.00
30;CP;389619;0;0;0;0.00
30;CP;377941;0;0;0;0.00
30;CP;384015;0;0;0;0.00
30;CP;380592;0;0;0;0.00
30;CP;383238;0;0;0;0.00
30;CP;381355;0;0;0;0.00
30;CP;384571;0;0;0;0.00
30;CP;380773;0;0;0;0.00
30;CP;381907;0;0;0;0.00
30;CP;378454;0;0;0;0.00
30;CP;386911;0;0;0;0.00
30;CP;380726;0;0;0;0.00
30;CP;781644;0;0;0;0.00
30;CP;714980;0;0;0;0.00
30;CP;753363;0;0;0;0.00
30;CP;751031;0;0;0;0.00
30;CP;704028;0;0;0;0.00
30;CP;751835;0;0;0;0.00
30;CP;750101;0;0;0;0.00
30;CP;695726;0;0;0;0.00
30;CP;752319;0;0;0;0.00
30;CP;751938;0;0;0;0.00
30;CP;693826;0;0;0;0.00
30;CP;751903;0;0;0;0.00
30;CP;717669;0;0;0;0.00
30;CP;744655;0;0;0;0.00
30;CP;752318;0;0;0;0.00
30;CP;718400;0;0;0;0.00
30;CP;748406;0;0;0;0.00
30;CP;752490;0;0;0;0.00
30;CP;713543;0;0;0;0.00
30;CP;753816;0;0;0;0.00
30;SCP;92233;0;0;0;0.00
30;SCP;90622;0;0;0;0.00
30;SCP;93735;0;0;0;0.00
30;SCP;91689;0;0;0;0.00
30;SCP;92686;0;0;0;0.00
30;SCP;92141;0;0;0;0.00
30;SCP;91068;0;0;0;0.00
30;SCP;91861;0;0;0;0.00
30;SCP;93885;0;0;0;0.00
30;SCP;91974;0;0;0;0.00
30;SCP;91613;0;0;0;0.00
30;SCP;91292;0;0;0;0.00
30;SCP;92098;0;0;0;0.00
30;SCP;93903;0;0;0;0.00
30;SCP;92899;0;0;0;0.00
30;SCP;92182;0;0;0;0.00
30;SCP;92267;0;0;0;0.00
30;SCP;91066;0;0;0;0.00
30;SCP;93715;0;0;0;0.00
30;SCP;92910;0;0;0;0.00
30;SCP;461387;0;0;0;0.00
30;SCP;463484;0;0;0;0.00
30;SCP;457279;0;0;0;0.00
30;SCP;464215;0;0;0;0.00
30;SCP;464766;0;0;0;0.00
30;SCP;463487;0;0;0;0.00
30;SCP;466767;0;0;0;0.00
30;SCP;461231;0;0;0;0.00
30;SCP;464551;0;0;0;0.00
30;SCP;461519;0;0;0;0.00
30;SCP;461145;0;0;0;0.00
30;SCP;461774;0;0;0;0.00
30;SCP;466695;0;0;0;0.00
30;SCP;461243;0;0;0;0.00
30;SCP;460422;0;0;0;0.00
30;SCP;459236;0;0;0;0.00
30;SCP;466209;0;0;0;0.00
30;SCP;461765;0;0;0;0.00
30;SCP;463722;0;0;0;0.00
30;SCP;458586;0;0;0;0.00
30;KAB;108;0;0;0;0.00
30;KAB;72;0;0;0;0.00
30;KAB;64;0;0;0;0.00
30;KAB;61;0;0;0;0.00
30;KAB;59;0;0;0;0.00
30;KAB;59;0;0;0;0.00
30;KAB;59;0;0;0;0.00
30;KAB;59;0;0;0;0.00
30;KAB;62;0;0;0;0.00
30;KAB;66;0;0;0;0.00
30;KAB;68;0;0;0;0.00
30;KAB;62;0;0;0;0.00
30;KAB;62;0;0;0;0.00
30;KAB;59;0;0;0;0.00
30;KAB;60;0;0;0;0.00
30;KAB;62;0;0;0;0.00
30;KAB;61;0;0;0;0.00
30;KAB;59;0;0;0;0.00
30;KAB;57;0;0;0;0.00
30;KAB;57;0;0;0;0.00
30;KAB;268;0;0;0;0.00
30;KAB;228;0;0;0;0.00
30;KAB;231;0;0;0;0.00
30;KAB;223;0;0;0;0.00
30;KAB;224;0;0;0;0.00
30;KAB;222;0;0;0;0.00
30;KAB;222;0;0;0;0.00
30;KAB;223;0;0;0;0.00
30;KAB;222;0;0;0;0.00
30;KAB;224;0;0;0;0.00
30;KAB;223;0;0;0;0.00
30;KAB;222;0;0;0;0.00
30;KAB;223;0;0;0;0.00
30;KAB;223;0;0;0;0.00
30;KAB;223;0;0;0;0.00
30;KAB;221;0;0;0;0.00
30;KAB;221;0;0;0;0.00
30;KAB;221;0;0;0;0.00
30;KAB;223;0;0;0;0.00
30;KAB;222;0;0;0;0.00
30;BFDC;164;0;0;0;1.01
30;BFDC;156;0;0;0;1.01
30;BFDC;155;0;0;0;1.01
30;BFDC;155;0;0;0;1.01
30;BFDC;154;0;0;0;1.01
30;BFDC;151;0;0;0;1.01
30;BFDC;151;0;0;0;1.01
30;BFDC;153;0;0;0;1.01
30;BFDC;151;0;0;0;1.01
30;BFDC;151;0;0;0;1.01
30;BFDC;151;0;0;0;1.01
30;BFDC;151;0;0;0;1.01
30;BFDC;152;0;0;0;1.01
30;BFDC;151;0;0;0;1.01
30;BFDC;156;0;0;0;1.01
30;BFDC;151;0;0;0;1.01
30;BFDC;151;0;0;0;1.01
30;BFDC;151;0;0;0;1.01
30;BFDC;152;0;0;0;1.01
30;BFDC;151;0;0;0;1.01
30;BFDC;310;0;0;0;2.01
30;BFDC;310;0;0;0;2.01
30;BFDC;308;0;0;0;2.01
30;BFDC;308;0;0;0;2.01
30;BFDC;308;0;0;0;2.01
30;BFDC;315;0;0;0;2.01
30;BFDC;308;0;0;0;2.01
30;BFDC;308;0;0;0;2.01
30;BFDC;306;0;0;0;2.01
30;BFDC;307;0;0;0;2.01
30;BFDC;308;0;0;0;2.01
30;BFDC;307;0;0;0;2.01
30;BFDC;306;0;0;0;2.01
30;BFDC;307;0;0;0;2.01
30;BFDC;306;0;0;0;2.01
30;BFDC;311;0;0;0;2.01
30;BFDC;306;0;0;0;2.01
30;BFDC;306;0;0;0;2.01
30;BFDC;307;0;0;0;2.01
30;BFDC;307;0;0;0;2.01
30;CRA;85;0;0;0;0.43
30;CRA;74;0;0;0;0.43
30;CRA;71;0;0;0;0.43
30;CRA;69;0;0;0;0.43
30;CRA;69;0;0;0;0.43
30;CRA;68;0;0;0;0.43
30;CRA;67;0;0;0;0.43
30;CRA;67;0;0;0;0.43
30;CRA;67;0;0;0;0.43
30;CRA;66;0;0;0;0.43
30;CRA;71;0;0;0;0.43
30;CRA;66;0;0;0;0.43
30;CRA;66;0;0;0;0.43
30;CRA;65;0;0;0;0.43
30;CRA;65;0;0;0;0.43
30;CRA;65;0;0;0;0.43
30;CRA;65;0;0;0;0.43
30;CRA;65;0;0;0;0.43
30;CRA;65;0;0;0;0.43
30;CRA;65;0;0;0;0.43
30;CRA;214;0;0;0;1.06
30;CRA;155;0;0;0;1.06
30;CRA;153;0;0;0;1.06
30;CRA;152;0;0;0;1.06
30;CRA;152;0;0;0;1.06
30;CRA;152;0;0;0;1.06
30;CRA;152;0;0;0;1.06
30;CRA;152;0;0;0;1.06
30;CRA;152;0;0;0;1.06
30;CRA;152;0;0;0;1.06
30;CRA;151;0;0;0;1.06
30;CRA;151;0;0;0;1.06
30;CRA;151;0;0;0;1.06
30;CRA;151;0;0;0;1.06
30;CRA;151;0;0;0;1.06
30;CRA;150;0;0;0;1.06
30;CRA;151;0;0;0;1.06
30;CRA;151;0;0;0;1.06
30;CRA;150;0;0;0;1.06
30;CRA;150;0;0;0;1.06
60;RULT;136;0;0;0;1.20
60;RULT;142;0;0;0;1.20
60;RULT;134;0;0;0;1.20
60;RULT;134;0;0;0;1.20
60;RULT;134;0;0;0;1.20
60;RULT;134;0;0;0;1.20
60;RULT;134;0;0;0;1.20
60;RULT;133;0;0;0;1.20
60;RULT;134;0;0;0;1.20
60;RULT;134;0;0;0;1.20
60;RULT;133;0;0;0;1.20
60;RULT;134;0;0;0;1.20
60;RULT;134;0;0;0;1.20
60;RULT;134;0;0;0;1.20
60;RULT;134;0;0;0;1.20
60;RULT;134;0;0;0;1.20
60;RULT;134;0;0;0;1.20
60;RULT;133;0;0;0;1.20
60;RULT;134;0;0;0;1.20
60;RULT;134;0;0;0;1.20
60;RULT;2334;0;0;0;12.81
60;RULT;2311;0;0;0;12.81
60;RULT;2313;0;0;0;12.81
60;RULT;2302;0;0;0;12.81
60;RULT;2311;0;0;0;12.81
60;RULT;2314;0;0;0;12.81
60;RULT;2312;0;0;0;12.81
60;RULT;2316;0;0;0;12.81
60;RULT;2305;0;0;0;12.81
60;RULT;2313;0;0;0;12.81
60;RULT;2315;0;0;0;12.81
60;RULT;2303;0;0;0;12.81
60;RULT;2306;0;0;0;12.81
60;RULT;2309;0;0;0;12.81
60;RULT;2311;0;0;0;12.81
60;RULT;2305;0;0;0;12.81
60;RULT;2306;0;0;0;12.81
60;RULT;2316;0;0;0;12.81
60;RULT;2324;0;0;0;12.81
60;RULT;2302;0;0;0;12.81
60;ILP;161445;0;0;0;0.00
60;ILP;157222;0;0;0;0.00
60;ILP;156300;0;0;0;0.00
60;ILP;155603;0;0;0;0.00
60;ILP;155464;0;0;0;0.00
60;ILP;152859;0;0;0;0.00
60;ILP;154263;0;0;0;0.00
60;ILP;154100;0;0;0;0.00
60;ILP;155581;0;0;0;0.00
60;ILP;154964;0;0;0;0.00
60;ILP;155518;0;0;0;0.00
60;ILP;155709;0;0;0;0.00
60;ILP;154997;0;0;0;0.00
60;ILP;154230;0;0;0;0.00
60;ILP;154521;0;0;0;0.00
60;ILP;156071;0;0;0;0.00
60;ILP;155301;0;0;0;0.00
60;ILP;155042;0;0;0;0.00
60;ILP;156940;0;0;0;0.00
60;ILP;154969;0;0;0;0.00
60;ILP;166353;0;0;0;0.00
60;ILP;162118;0;0;0;0.00
60;ILP;162571;0;0;0;0.00
60;ILP;162088;0;0;0;0.00
60;ILP;161847;0;0;0;0.00
60;ILP;162755;0;0;0;0.00
60;ILP;161739;0;0;0;0.00
60;ILP;162494;0;0;0;0.00
60;ILP;162673;0;0;0;0.00
60;ILP;161762;0;0;0;0.00
60;ILP;161755;0;0;0;0.00
60;ILP;162346;0;0;0;0.00
60;ILP;161790;0;0;0;0.00
60;ILP;160740;0;0;0;0.00
60;ILP;159049;0;0;0;0.00
60;ILP;163001;0;0;0;0.00
60;ILP;161904;0;0;0;0.00
60;ILP;160653;0;0;0;0.00
60;ILP;166345;0;0;0;0.00
60;ILP;160234;0;0;0;0.00
60;CP;783828;0;0;0;0.00
60;CP;725155;0;0;0;0.00
60;CP;711119;0;0;0;0.00
60;CP;713146;0;0;0;0.00
60;CP;724634;0;0;0;0.00
60;CP;728403;0;0;0;0.00
60;CP;719354;0;0;0;0.00
60;CP;722897;0;0;0;0.00
60;CP;711952;0;0;0;0.00
60;CP;730429;0;0;0;0.00
60;CP;715639;0;0;0;0.00
60;CP;729598;0;0;0;0.00
60;CP;711334;0;0;0;0.00
60;CP;728218;0;0;0;0.00
60;CP;717630;0;0;0;0.00
60;CP;733405;0;0;0;0.00
60;CP;716221;0;0;0;0.00
60;CP;733693;0;0;0;0.00
60;CP;720479;0;0;0;0.00
60;CP;723941;0;0;0;0.00
60;CP;1890999;0;0;0;0.00
60;CP;1698026;0;0;0;0.00
60;CP;1638569;0;0;0;0.00
60;CP;1639325;0;0;0;0.00
60;CP;1642979;0;0;0;0.00
60;CP;1632870;0;0;0;0.00
60;CP;1630916;0;0;0;0.00
60;CP;1627856;0;0;0;0.00
60;CP;1607998;0;0;0;0.00
60;CP;1534629;0;0;0;0.00
60;CP;1534279;0;0;0;0.00
60;CP;1534012;0;0;0;0.00
60;CP;1535115;0;0;0;0.00
60;CP;1533933;0;0;0;0.00
60;CP;1537792;0;0;0;0.00
60;CP;1517524;0;0;0;0.00
60;CP;1592102;0;0;0;0.00
60;CP;1604437;0;0;0;0.00
60;CP;1639664;0;0;0;0.00
60;CP;1625461;0;0;0;0.00
60;SCP;536406;0;0;0;0.00
60;SCP;537682;0;0;0;0.00
60;SCP;532319;0;0;0;0.00
60;SCP;537022;0;0;0;0.00
60;SCP;538771;0;0;0;0.00
60;SCP;531871;0;0;0;0.00
60;SCP;536576;0;0;0;0.00
60;SCP;534553;0;0;0;0.00
60;SCP;539262;0;0;0;0.00
60;SCP;535426;0;0;0;0.00
60;SCP;538437;0;0;0;0.00
60;SCP;536420;0;0;0;0.00
60;SCP;536666;0;0;0;0.00
60;SCP;536841;0;0;0;0.00
60;SCP;539964;0;0;0;0.00
60;SCP;536979;0;0;0;0.00
60;SCP;535034;0;0;0;0.00
60;SCP;539413;0;0;0;0.00
60;SCP;535023;0;0;0;0.00
60;SCP;537989;0;0;0;0.00
60;SCP;503166;0;0;0;0.00
60;SCP;518450;0;0;0;0.00
60;SCP;505759;0;0;0;0.00
60;SCP;509660;0;0;0;0.00
60;SCP;508220;0;0;0;0.00
60;SCP;511063;0;0;0;0.00
60;SCP;509108;0;0;0;0.00
60;SCP;504495;0;0;0;0.00
60;SCP;510009;0;0;0;0.00
60;SCP;509907;0;0;0;0.00
60;SCP;510326;0;0;0;0.00
60;SCP;508988;0;0;0;0.00
60;SCP;519937;0;0;0;0.00
60;SCP;511022;0;0;0;0.00
60;SCP;513806;0;0;0;0.00
60;SCP;508930;0;0;0;0.00
60;SCP;503536;0;0;0;0.00
60;SCP;509029;0;0;0;0.00
60;SCP;506117;0;0;0;0.00
60;SCP;508856;0;0;0;0.00
60;KAB;172;0;0;0;0.00
60;KAB;108;0;0;0;0.00
60;KAB;103;0;0;0;0.00
60;KAB;109;0;0;0;0.00
60;KAB;102;0;0;0;0.00
60;KAB;103;0;0;0;0.00
60;KAB;103;0;0;0;0.00
60;KAB;103;0;0;0;0.00
60;KAB;101;0;0;0;0.00
60;KAB;102;0;0;0;0.00
60;KAB;103;0;0;0;0.00
60;KAB;104;0;0;0;0.00
60;KAB;103;0;0;0;0.00
60;KAB;105;0;0;0;0.00
60;KAB;105;0;0;0;0.00
60;KAB;107;0;0;0;0.00
60;KAB;108;0;0;0;0.00
60;KAB;109;0;0;0;0.00
60;KAB;116;0;0;0;0.00
60;KAB;116;0;0;0;0.00
60;KAB;2001015;0;0;1;0.00
60;KAB;2000467;0;0;1;0.00
60;KAB;2001270;0;0;1;0.00
60;KAB;2000042;0;0;1;0.00
60;KAB;2000913;0;0;1;0.00
60;KAB;2000699;0;0;1;0.00
60;KAB;2001161;0;0;1;0.00
60;KAB;2000672;0;0;1;0.00
60;KAB;2001417;0;0;1;0.00
60;KAB;2000564;0;0;1;0.00
60;KAB;2000544;0;0;1;0.00
60;KAB;2001677;0;0;1;0.00
60;KAB;2000946;0;0;1;0.00
60;KAB;2000649;0;0;1;0.00
60;KAB;2001519;0;0;1;0.00
60;KAB;2000709;0;0;1;0.00
60;KAB;2000678;0;0;1;0.00
60;KAB;2000883;0;0;1;0.00
60;KAB;2000986;0;0;1;0.00
60;KAB;2000804;0;0;1;0.00
60;BFDC;311;0;0;0;1.84
60;BFDC;307;0;0;0;1.84
60;BFDC;308;0;0;0;1.84
60;BFDC;306;0;0;0;1.84
60;BFDC;305;0;0;0;1.84
60;BFDC;313;0;0;0;1.84
60;BFDC;306;0;0;0;1.84
60;BFDC;306;0;0;0;1.84
60;BFDC;306;0;0;0;1.84
60;BFDC;306;0;0;0;1.84
60;BFDC;308;0;0;0;1.84
60;BFDC;307;0;0;0;1.84
60;BFDC;306;0;0;0;1.84
60;BFDC;305;0;0;0;1.84
60;BFDC;307;0;0;0;1.84
60;BFDC;312;0;0;0;1.84
60;BFDC;312;0;0;0;1.84
60;BFDC;314;0;0;0;1.84
60;BFDC;311;0;0;0;1.84
60;BFDC;312;0;0;0;1.84
60;BFDC;576;0;0;0;3.44
60;BFDC;571;0;0;0;3.44
60;BFDC;569;0;0;0;3.44
60;BFDC;569;0;0;0;3.44
60;BFDC;577;0;0;0;3.44
60;BFDC;571;0;0;0;3.44
60;BFDC;569;0;0;0;3.44
60;BFDC;571;0;0;0;3.44
60;BFDC;571;0;0;0;3.44
60;BFDC;570;0;0;0;3.44
60;BFDC;584;0;0;0;3.44
60;BFDC;570;0;0;0;3.44
60;BFDC;572;0;0;0;3.44
60;BFDC;572;0;0;0;3.44
60;BFDC;572;0;0;0;3.44
60;BFDC;578;0;0;0;3.44
60;BFDC;571;0;0;0;3.44
60;BFDC;570;0;0;0;3.44
60;BFDC;570;0;0;0;3.44
60;BFDC;570;0;0;0;3.44
60;CRA;164;0;0;0;0.78
60;CRA;126;0;0;0;0.78
60;CRA;125;0;0;0;0.78
60;CRA;124;0;0;0;0.78
60;CRA;123;0;0;0;0.78
60;CRA;123;0;0;0;0.78
60;CRA;123;0;0;0;0.78
60;CRA;122;0;0;0;0.78
60;CRA;121;0;0;0;0.78
60;CRA;122;0;0;0;0.78
60;CRA;121;0;0;0;0.78
60;CRA;121;0;0;0;0.78
60;CRA;121;0;0;0;0.78
60;CRA;121;0;0;0;0.78
60;CRA;120;0;0;0;0.78
60;CRA;121;0;0;0;0.78
60;CRA;119;0;0;0;0.78
60;CRA;120;0;0;0;0.78
60;CRA;120;0;0;0;0.78
60;CRA;119;0;0;0;0.78
60;CRA;4540;0;0;0;14.08
60;CRA;4423;0;0;0;14.08
60;CRA;4429;0;0;0;14.08
60;CRA;4422;0;0;0;14.08
60;CRA;4420;0;0;0;14.08
60;CRA;4418;0;0;0;14.08
60;CRA;4423;0;0;0;14.08
60;CRA;4430;0;0;0;14.08
60;CRA;4417;0;0;0;14.08
60;CRA;4420;0;0;0;14.08
60;CRA;4420;0;0;0;14.08
60;CRA;4420;0;0;0;14.08
60;CRA;4432;0;0;0;14.08
60;CRA;4437;0;0;0;14.08
60;CRA;4416;0;0;0;14.08
60;CRA;4420;0;0;0;14.08
60;CRA;4424;0;0;0;14.08
60;CRA;4423;0;0;0;14.08
60;CRA;4418;0;0;0;14.08
60;CRA;4418;0;0;0;14.08
40;RULT;77;0;0;0;0.66
40;RULT;76;0;0;0;0.66
40;RULT;76;0;0;0;0.66
40;RULT;81;0;0;0;0.66
40;RULT;76;0;0;0;0.66
40;RULT;76;0;0;0;0.66
40;RULT;76;0;0;0;0.66
40;RULT;77;0;0;0;0.66
40;RULT;76;0;0;0;0.66
40;RULT;77;0;0;0;0.66
40;RULT;76;0;0;0;0.66
40;RULT;76;0;0;0;0.66
40;RULT;76;0;0;0;0.66
40;RULT;76;0;0;0;0.66
40;RULT;76;0;0;0;0.66
40;RULT;77;0;0;0;0.66
40;RULT;77;0;0;0;0.66
40;RULT;78;0;0;0;0.66
40;RULT;76;0;0;0;0.66
40;RULT;76;0;0;0;0.66
40;RULT;337;0;0;0;3.33
40;RULT;335;0;0;0;3.33
40;RULT;335;0;0;0;3.33
40;RULT;335;0;0;0;3.33
40;RULT;335;0;0;0;3.33
40;RULT;336;0;0;0;3.33
40;RULT;336;0;0;0;3.33
40;RULT;336;0;0;0;3.33
40;RULT;340;0;0;0;3.33
40;RULT;335;0;0;0;3.33
40;RULT;334;0;0;0;3.33
40;RULT;335;0;0;0;3.33
40;RULT;342;0;0;0;3.33
40;RULT;336;0;0;0;3.33
40;RULT;334;0;0;0;3.33
40;RULT;335;0;0;0;3.33
40;RULT;339;0;0;0;3.33
40;RULT;338;0;0;0;3.33
40;RULT;337;0;0;0;3.33
40;RULT;335;0;0;0;3.33
40;ILP;107684;0;0;0;0.00
40;ILP;106438;0;0;0;0.00
40;ILP;105497;0;0;0;0.00
40;ILP;108426;0;0;0;0.00
40;ILP;106602;0;0;0;0.00
40;ILP;108020;0;0;0;0.00
40;ILP;107450;0;0;0;0.00
40;ILP;105868;0;0;0;0.00
40;ILP;108021;0;0;0;0.00
40;ILP;107298;0;0;0;0.00
40;ILP;106983;0;0;0;0.00
40;ILP;106076;0;0;0;0.00
40;ILP;107037;0;0;0;0.00
40;ILP;108153;0;0;0;0.00
40;ILP;107510;0;0;0;0.00
40;ILP;106590;0;0;0;0.00
40;ILP;106105;0;0;0;0.00
40;ILP;105241;0;0;0;0.00
40;ILP;108431;0;0;0;0.00
40;ILP;107484;0;0;0;0.00
40;ILP;138743;0;0;0;0.00
40;ILP;136702;0;0;0;0.00
40;ILP;138775;0;0;0;0.00
40;ILP;138184;0;0;0;0.00
40;ILP;138590;0;0;0;0.00
40;ILP;139084;0;0;0;0.00
40;ILP;134063;0;0;0;0.00
40;ILP;134024;0;0;0;0.00
40;ILP;138053;0;0;0;0.00
40;ILP;141007;0;0;0;0.00
40;ILP;138015;0;0;0;0.00
40;ILP;137794;0;0;0;0.00
40;ILP;137894;0;0;0;0.00
40;ILP;137829;0;0;0;0.00
40;ILP;138572;0;0;0;0.00
40;ILP;137991;0;0;0;0.00
40;ILP;132193;0;0;0;0.00
40;ILP;133919;0;0;0;0.00
40;ILP;137814;0;0;0;0.00
40;ILP;138243;0;0;0;0.00
40;CP;544465;0;0;0;0.00
40;CP;510179;0;0;0;0.00
40;CP;496484;0;0;0;0.00
40;CP;506529;0;0;0;0.00
40;CP;499568;0;0;0;0.00
40;CP;502801;0;0;0;0.00
40;CP;501619;0;0;0;0.00
40;CP;502894;0;0;0;0.00
40;CP;504264;0;0;0;0.00
40;CP;501103;0;0;0;0.00
40;CP;477590;0;0;0;0.00
40;CP;482107;0;0;0;0.00
40;CP;478248;0;0;0;0.00
40;CP;481290;0;0;0;0.00
40;CP;481550;0;0;0;0.00
40;CP;478419;0;0;0;0.00
40;CP;486278;0;0;0;0.00
40;CP;477263;0;0;0;0.00
40;CP;485990;0;0;0;0.00
40;CP;478059;0;0;0;0.00
40;CP;1041341;0;0;0;0.00
40;CP;946261;0;0;0;0.00
40;CP;985545;0;0;0;0.00
40;CP;950670;0;0;0;0.00
40;CP;987704;0;0;0;0.00
40;CP;972402;0;0;0;0.00
40;CP;975322;0;0;0;0.00
40;CP;983769;0;0;0;0.00
40;CP;960914;0;0;0;0.00
40;CP;995313;0;0;0;0.00
40;CP;932744;0;0;0;0.00
40;CP;969738;0;0;0;0.00
40;CP;962767;0;0;0;0.00
40;CP;962947;0;0;0;0.00
40;CP;950217;0;0;0;0.00
40;CP;969889;0;0;0;0.00
40;CP;989745;0;0;0;0.00
40;CP;983141;0;0;0;0.00
40;CP;980730;0;0;0;0.00
40;CP;977349;0;0;0;0.00
40;SCP;97189;0;0;0;0.00
40;SCP;94004;0;0;0;0.00
40;SCP;94648;0;0;0;0.00
40;SCP;96137;0;0;0;0.00
40;SCP;95470;0;0;0;0.00
40;SCP;95998;0;0;0;0.00
40;SCP;96218;0;0;0;0.00
40;SCP;97268;0;0;0;0.00
40;SCP;94020;0;0;0;0.00
40;SCP;96085;0;0;0;0.00
40;SCP;95337;0;0;0;0.00
40;SCP;95130;0;0;0;0.00
40;SCP;95516;0;0;0;0.00
40;SCP;94867;0;0;0;0.00
40;SCP;96687;0;0;0;0.00
40;SCP;95730;0;0;0;0.00
40;SCP;96705;0;0;0;0.00
40;SCP;95129;0;0;0;0.00
40;SCP;95443;0;0;0;0.00
40;SCP;95915;0;0;0;0.00
40;SCP;353878;0;0;0;0.00
40;SCP;359937;0;0;0;0.00
40;SCP;349892;0;0;0;0.00
40;SCP;349229;0;0;0;0.00
40;SCP;356058;0;0;0;0.00
40;SCP;349861;0;0;0;0.00
40;SCP;348463;0;0;0;0.00
40;SCP;351095;0;0;0;0.00
40;SCP;351087;0;0;0;0.00
40;SCP;351307;0;0;0;0.00
40;SCP;349708;0;0;0;0.00
40;SCP;353929;0;0;0;0.00
40;SCP;348645;0;0;0;0.00
40;SCP;350455;0;0;0;0.00
40;SCP;351122;0;0;0;0.00
40;SCP;352713;0;0;0;0.00
40;SCP;347793;0;0;0;0.00
40;SCP;347400;0;0;0;0.00
40;SCP;347645;0;0;0;0.00
40;SCP;345305;0;0;0;0.00
40;KAB;197;0;0;0;0.00
40;KAB;145;0;0;0;0.00
40;KAB;140;0;0;0;0.00
40;KAB;139;0;0;0;0.00
40;KAB;137;0;0;0;0.00
40;KAB;139;0;0;0;0.00
40;KAB;138;0;0;0;0.00
40;KAB;142;0;0;0;0.00
40;KAB;142;0;0;0;0.00
40;KAB;140;0;0;0;0.00
40;KAB;140;0;0;0;0.00
40;KAB;140;0;0;0;0.00
40;KAB;141;0;0;0;0.00
40;KAB;140;0;0;0;0.00
40;KAB;138;0;0;0;0.00
40;KAB;139;0;0;0;0.00
40;KAB;139;0;0;0;0.00
40;KAB;141;0;0;0;0.00
40;KAB;141;0;0;0;0.00
40;KAB;141;0;0;0;0.00
40;KAB;431;0;0;0;0.00
40;KAB;383;0;0;0;0.00
40;KAB;373;0;0;0;0.00
40;KAB;382;0;0;0;0.00
40;KAB;373;0;0;0;0.00
40;KAB;372;0;0;0;0.00
40;KAB;373;0;0;0;0.00
40;KAB;370;0;0;0;0.00
40;KAB;370;0;0;0;0.00
40;KAB;376;0;0;0;0.00
40;KAB;370;0;0;0;0.00
40;KAB;371;0;0;0;0.00
40;KAB;378;0;0;0;0.00
40;KAB;368;0;0;0;0.00
40;KAB;370;0;0;0;0.00
40;KAB;369;0;0;0;0.00
40;KAB;369;0;0;0;0.00
40;KAB;370;0;0;0;0.00
40;KAB;370;0;0;0;0.00
40;KAB;373;0;0;0;0.00
40;BFDC;144;0;0;0;0.87
40;BFDC;141;0;0;0;0.87
40;BFDC;141;0;0;0;0.87
40;BFDC;139;0;0;0;0.87
40;BFDC;141;0;0;0;0.87
40;BFDC;140;0;0;0;0.87
40;BFDC;140;0;0;0;0.87
40;BFDC;140;0;0;0;0.87
40;BFDC;146;0;0;0;0.87
40;BFDC;140;0;0;0;0.87
40;BFDC;138;0;0;0;0.87
40;BFDC;140;0;0;0;0.87
40;BFDC;138;0;0;0;0.87
40;BFDC;139;0;0;0;0.87
40;BFDC;140;0;0;0;0.87
40;BFDC;140;0;0;0;0.87
40;BFDC;140;0;0;0;0.87
40;BFDC;139;0;0;0;0.87
40;BFDC;139;0;0;0;0.87
40;BFDC;140;0;0;0;0.87
40;BFDC;763;0;0;0;4.71
40;BFDC;758;0;0;0;4.71
40;BFDC;758;0;0;0;4.71
40;BFDC;765;0;0;0;4.71
40;BFDC;759;0;0;0;4.71
40;BFDC;758;0;0;0;4.71
40;BFDC;760;0;0;0;4.71
40;BFDC;766;0;0;0;4.71
40;BFDC;758;0;0;0;4.71
40;BFDC;760;0;0;0;4.71
40;BFDC;758;0;0;0;4.71
40;BFDC;756;0;0;0;4.71
40;BFDC;776;0;0;0;4.71
40;BFDC;760;0;0;0;4.71
40;BFDC;757;0;0;0;4.71
40;BFDC;760;0;0;0;4.71
40;BFDC;764;0;0;0;4.71
40;BFDC;758;0;0;0;4.71
40;BFDC;759;0;0;0;4.71
40;BFDC;757;0;0;0;4.71
40;CRA;159;0;0;0;0.54
40;CRA;94;0;0;0;0.54
40;CRA;91;0;0;0;0.54
40;CRA;90;0;0;0;0.54
40;CRA;89;0;0;0;0.54
40;CRA;88;0;0;0;0.54
40;CRA;87;0;0;0;0.54
40;CRA;86;0;0;0;0.54
40;CRA;86;0;0;0;0.54
40;CRA;86;0;0;0;0.54
40;CRA;85;0;0;0;0.54
40;CRA;85;0;0;0;0.54
40;CRA;85;0;0;0;0.54
40;CRA;84;0;0;0;0.54
40;CRA;84;0;0;0;0.54
40;CRA;85;0;0;0;0.54
40;CRA;84;0;0;0;0.54
40;CRA;84;0;0;0;0.54
40;CRA;84;0;0;0;0.54
40;CRA;84;0;0;0;0.54
40;CRA;471;0;0;0;3.30
40;CRA;446;0;0;0;3.30
40;CRA;446;0;0;0;3.30
40;CRA;447;0;0;0;3.30
40;CRA;446;0;0;0;3.30
40;CRA;447;0;0;0;3.30
40;CRA;446;0;0;0;3.30
40;CRA;451;0;0;0;3.30
40;CRA;446;0;0;0;3.30
40;CRA;447;0;0;0;3.30
40;CRA;446;0;0;0;3.30
40;CRA;446;0;0;0;3.30
40;CRA;445;0;0;0;3.30
40;CRA;446;0;0;0;3.30
40;CRA;446;0;0;0;3.30
40;CRA;450;0;0;0;3.30
40;CRA;445;0;0;0;3.30
40;CRA;445;0;0;0;3.30
40;CRA;446;0;0;0;3.30
40;CRA;447;0;0;0;3.30
20;ULT;2000001;0;0;1;586.65
20;ULT;2000000;0;0;1;580.44
20;ULT;2000000;0;0;1;586.45
20;ULT;2000000;0;0;1;583.09
20;ULT;2000001;0;0;1;579.81
20;ULT;2000000;0;0;1;585.56
20;ULT;2000001;0;0;1;585.50
20;ULT;2000000;0;0;1;579.28
20;ULT;2000001;0;0;1;583.99
20;ULT;2000000;0;0;1;586.52
20;ULT;2000001;0;0;1;578.96
20;ULT;2000001;0;0;1;590.53
20;ULT;2000000;0;0;1;591.81
20;ULT;2000001;0;0;1;585.08
20;ULT;2000000;0;0;1;586.53
20;ULT;2000000;0;0;1;601.63
20;ULT;2000001;0;0;1;604.23
20;ULT;2000000;0;0;1;605.56
20;ULT;2000000;0;0;1;608.94
20;ULT;2000001;0;0;1;593.60
20;ULT;1039475;0;0;0;313.85
20;ULT;1087756;0;0;0;313.85
20;ULT;1060991;0;0;0;313.85
20;ULT;1047241;0;0;0;313.85
20;ULT;1062928;0;0;0;313.85
20;ULT;1051375;0;0;0;313.85
20;ULT;1061351;0;0;0;313.85
20;ULT;1056173;0;0;0;313.85
20;ULT;1052002;0;0;0;313.85
20;ULT;1063326;0;0;0;313.85
20;ULT;1051025;0;0;0;313.85
20;ULT;1061403;0;0;0;313.85
20;ULT;1052634;0;0;0;313.85
20;ULT;1054969;0;0;0;313.85
20;ULT;1063499;0;0;0;313.85
20;ULT;1050333;0;0;0;313.85
20;ULT;1061754;0;0;0;313.85
20;ULT;1052293;0;0;0;313.85
20;ULT;1059377;0;0;0;313.85
20;ULT;1063716;0;0;0;313.85
20;RULT;136;0;0;0;1.33
20;RULT;136;0;0;0;1.33
20;RULT;136;0;0;0;1.33
20;RULT;136;0;0;0;1.33
20;RULT;136;0;0;0;1.33
20;RULT;136;0;0;0;1.33
20;RULT;136;0;0;0;1.33
20;RULT;136;0;0;0;1.33
20;RULT;136;0;0;0;1.33
20;RULT;136;0;0;0;1.33
20;RULT;137;0;0;0;1.33
20;RULT;137;0;0;0;1.33
20;RULT;136;0;0;0;1.33
20;RULT;136;0;0;0;1.33
20;RULT;135;0;0;0;1.33
20;RULT;136;0;0;0;1.33
20;RULT;136;0;0;0;1.33
20;RULT;136;0;0;0;1.33
20;RULT;136;0;0;0;1.33
20;RULT;136;0;0;0;1.33
20;RULT;86;0;0;0;0.82
20;RULT;85;0;0;0;0.82
20;RULT;85;0;0;0;0.82
20;RULT;85;0;0;0;0.82
20;RULT;85;0;0;0;0.82
20;RULT;85;0;0;0;0.82
20;RULT;86;0;0;0;0.82
20;RULT;84;0;0;0;0.82
20;RULT;85;0;0;0;0.82
20;RULT;86;0;0;0;0.82
20;RULT;86;0;0;0;0.82
20;RULT;86;0;0;0;0.82
20;RULT;85;0;0;0;0.82
20;RULT;85;0;0;0;0.82
20;RULT;85;0;0;0;0.82
20;RULT;85;0;0;0;0.82
20;RULT;86;0;0;0;0.82
20;RULT;85;0;0;0;0.82
20;RULT;85;0;0;0;0.82
20;RULT;85;0;0;0;0.82
20;ILP;56278;0;0;0;0.00
20;ILP;55693;0;0;0;0.00
20;ILP;55100;0;0;0;0.00
20;ILP;55019;0;0;0;0.00
20;ILP;55112;0;0;0;0.00
20;ILP;55378;0;0;0;0.00
20;ILP;57244;0;0;0;0.00
20;ILP;55897;0;0;0;0.00
20;ILP;55274;0;0;0;0.00
20;ILP;56197;0;0;0;0.00
20;ILP;57516;0;0;0;0.00
20;ILP;56515;0;0;0;0.00
20;ILP;54945;0;0;0;0.00
20;ILP;56967;0;0;0;0.00
20;ILP;56635;0;0;0;0.00
20;ILP;56833;0;0;0;0.00
20;ILP;54757;0;0;0;0.00
20;ILP;55769;0;0;0;0.00
20;ILP;56842;0;0;0;0.00
20;ILP;57218;0;0;0;0.00
20;ILP;56180;0;0;0;0.00
20;ILP;56532;0;0;0;0.00
20;ILP;56450;0;0;0;0.00
20;ILP;55914;0;0;0;0.00
20;ILP;56327;0;0;0;0.00
20;ILP;55612;0;0;0;0.00
20;ILP;54833;0;0;0;0.00
20;ILP;54981;0;0;0;0.00
20;ILP;56163;0;0;0;0.00
20;ILP;56413;0;0;0;0.00
20;ILP;56640;0;0;0;0.00
20;ILP;56517;0;0;0;0.00
20;ILP;57001;0;0;0;0.00
20;ILP;56796;0;0;0;0.00
20;ILP;56444;0;0;0;0.00
20;ILP;56591;0;0;0;0.00
20;ILP;56665;0;0;0;0.00
20;ILP;56469;0;0;0;0.00
20;ILP;56191;0;0;0;0.00
20;ILP;56144;0;0;0;0.00
20;CP;517864;0;0;0;0.00
20;CP;509194;0;0;0;0.00
20;CP;514476;0;0;0;0.00
20;CP;514995;0;0;0;0.00
20;CP;514873;0;0;0;0.00
20;CP;510035;0;0;0;0.00
20;CP;516475;0;0;0;0.00
20;CP;522588;0;0;0;0.00
20;CP;516244;0;0;0;0.00
20;CP;499362;0;0;0;0.00
20;CP;503346;0;0;0;0.00
20;CP;512278;0;0;0;0.00
20;CP;522114;0;0;0;0.00
20;CP;484011;0;0;0;0.00
20;CP;490263;0;0;0;0.00
20;CP;477224;0;0;0;0.00
20;CP;471471;0;0;0;0.00
20;CP;431966;0;0;0;0.00
20;CP;433939;0;0;0;0.00
20;CP;430751;0;0;0;0.00
20;CP;272976;0;0;0;0.00
20;CP;269550;0;0;0;0.00
20;CP;254161;0;0;0;0.00
20;CP;251221;0;0;0;0.00
20;CP;273356;0;0;0;0.00
20;CP;268947;0;0;0;0.00
20;CP;268698;0;0;0;0.00
20;CP;272622;0;0;0;0.00
20;CP;268268;0;0;0;0.00
20;CP;268349;0;0;0;0.00
20;CP;235246;0;0;0;0.00
20;CP;270282;0;0;0;0.00
20;CP;269588;0;0;0;0.00
20;CP;260967;0;0;0;0.00
20;CP;263446;0;0;0;0.00
20;CP;271906;0;0;0;0.00
20;CP;267978;0;0;0;0.00
20;CP;261870;0;0;0;0.00
20;CP;244572;0;0;0;0.00
20;CP;271126;0;0;0;0.00
20;SCP;303913;0;0;0;0.00
20;SCP;307765;0;0;0;0.00
20;SCP;305408;0;0;0;0.00
20;SCP;303446;0;0;0;0.00
20;SCP;307548;0;0;0;0.00
20;SCP;307591;0;0;0;0.00
20;SCP;308053;0;0;0;0.00
20;SCP;309279;0;0;0;0.00
20;SCP;308013;0;0;0;0.00
20;SCP;307762;0;0;0;0.00
20;SCP;304108;0;0;0;0.00
20;SCP;307115;0;0;0;0.00
20;SCP;307193;0;0;0;0.00
20;SCP;307601;0;0;0;0.00
20;SCP;309070;0;0;0;0.00
20;SCP;308487;0;0;0;0.00
20;SCP;307421;0;0;0;0.00
20;SCP;303437;0;0;0;0.00
20;SCP;305238;0;0;0;0.00
20;SCP;307946;0;0;0;0.00
20;SCP;353174;0;0;0;0.00
20;SCP;351208;0;0;0;0.00
20;SCP;350601;0;0;0;0.00
20;SCP;351022;0;0;0;0.00
20;SCP;351489;0;0;0;0.00
20;SCP;350456;0;0;0;0.00
20;SCP;351426;0;0;0;0.00
20;SCP;351669;0;0;0;0.00
20;SCP;352238;0;0;0;0.00
20;SCP;351387;0;0;0;0.00
20;SCP;352047;0;0;0;0.00
20;SCP;348874;0;0;0;0.00
20;SCP;350686;0;0;0;0.00
20;SCP;350776;0;0;0;0.00
20;SCP;350838;0;0;0;0.00
20;SCP;352132;0;0;0;0.00
20;SCP;352050;0;0;0;0.00
20;SCP;348221;0;0;0;0.00
20;SCP;351886;0;0;0;0.00
20;SCP;351801;0;0;0;0.00
20;KAB;471;0;0;0;0.00
20;KAB;112;0;0;0;0.00
20;KAB;108;0;0;0;0.00
20;KAB;107;0;0;0;0.00
20;KAB;104;0;0;0;0.00
20;KAB;103;0;0;0;0.00
20;KAB;103;0;0;0;0.00
20;KAB;104;0;0;0;0.00
20;KAB;104;0;0;0;0.00
20;KAB;103;0;0;0;0.00
20;KAB;104;0;0;0;0.00
20;KAB;104;0;0;0;0.00
20;KAB;105;0;0;0;0.00
20;KAB;105;0;0;0;0.00
20;KAB;103;0;0;0;0.00
20;KAB;105;0;0;0;0.00
20;KAB;105;0;0;0;0.00
20;KAB;103;0;0;0;0.00
20;KAB;103;0;0;0;0.00
20;KAB;103;0;0;0;0.00
20;KAB;539;0;0;0;0.00
20;KAB;174;0;0;0;0.00
20;KAB;169;0;0;0;0.00
20;KAB;167;0;0;0;0.00
20;KAB;167;0;0;0;0.00
20;KAB;165;0;0;0;0.00
20;KAB;164;0;0;0;0.00
20;KAB;166;0;0;0;0.00
20;KAB;177;0;0;0;0.00
20;KAB;167;0;0;0;0.00
20;KAB;165;0;0;0;0.00
20;KAB;165;0;0;0;0.00
20;KAB;166;0;0;0;0.00
20;KAB;166;0;0;0;0.00
20;KAB;165;0;0;0;0.00
20;KAB;165;0;0;0;0.00
20;KAB;166;0;0;0;0.00
20;KAB;165;0;0;0;0.00
20;KAB;163;0;0;0;0.00
20;KAB;167;0;0;0;0.00
20;BFDC;292;0;0;0;1.96
20;BFDC;291;0;0;0;1.96
20;BFDC;291;0;0;0;1.96
20;BFDC;296;0;0;0;1.96
20;BFDC;290;0;0;0;1.96
20;BFDC;290;0;0;0;1.96
20;BFDC;290;0;0;0;1.96
20;BFDC;289;0;0;0;1.96
20;BFDC;290;0;0;0;1.96
20;BFDC;290;0;0;0;1.96
20;BFDC;288;0;0;0;1.96
20;BFDC;288;0;0;0;1.96
20;BFDC;289;0;0;0;1.96
20;BFDC;289;0;0;0;1.96
20;BFDC;290;0;0;0;1.96
20;BFDC;289;0;0;0;1.96
20;BFDC;289;0;0;0;1.96
20;BFDC;290;0;0;0;1.96
20;BFDC;289;0;0;0;1.96
20;BFDC;289;0;0;0;1.96
20;BFDC;165;0;0;0;1.08
20;BFDC;160;0;0;0;1.08
20;BFDC;160;0;0;0;1.08
20;BFDC;155;0;0;0;1.08
20;BFDC;154;0;0;0;1.08
20;BFDC;155;0;0;0;1.08
20;BFDC;155;0;0;0;1.08
20;BFDC;155;0;0;0;1.08
20;BFDC;156;0;0;0;1.08
20;BFDC;157;0;0;0;1.08
20;BFDC;155;0;0;0;1.08
20;BFDC;156;0;0;0;1.08
20;BFDC;156;0;0;0;1.08
20;BFDC;155;0;0;0;1.08
20;BFDC;155;0;0;0;1.08
20;BFDC;154;0;0;0;1.08
20;BFDC;155;0;0;0;1.08
20;BFDC;154;0;0;0;1.08
20;BFDC;153;0;0;0;1.08
20;BFDC;154;0;0;0;1.08
20;CRA;200;0;0;0;1.06
20;CRA;153;0;0;0;1.06
20;CRA;152;0;0;0;1.06
20;CRA;151;0;0;0;1.06
20;CRA;151;0;0;0;1.06
20;CRA;151;0;0;0;1.06
20;CRA;150;0;0;0;1.06
20;CRA;150;0;0;0;1.06
20;CRA;150;0;0;0;1.06
20;CRA;150;0;0;0;1.06
20;CRA;150;0;0;0;1.06
20;CRA;150;0;0;0;1.06
20;CRA;150;0;0;0;1.06
20;CRA;150;0;0;0;1.06
20;CRA;150;0;0;0;1.06
20;CRA;150;0;0;0;1.06
20;CRA;150;0;0;0;1.06
20;CRA;150;0;0;0;1.06
20;CRA;149;0;0;0;1.06
20;CRA;150;0;0;0;1.06
20;CRA;57;0;0;0;0.16
20;CRA;38;0;0;0;0.16
20;CRA;36;0;0;0;0.16
20;CRA;35;0;0;0;0.16
20;CRA;35;0;0;0;0.16
20;CRA;35;0;0;0;0.16
20;CRA;34;0;0;0;0.16
20;CRA;34;0;0;0;0.16
20;CRA;34;0;0;0;0.16
20;CRA;34;0;0;0;0.16
20;CRA;34;0;0;0;0.16
20;CRA;34;0;0;0;0.16
20;CRA;34;0;0;0;0.16
20;CRA;34;0;0;0;0.16
20;CRA;34;0;0;0;0.16
20;CRA;34;0;0;0;0.16
20;CRA;34;0;0;0;0.16
20;CRA;40;0;0;0;0.16
20;CRA;34;0;0;0;0.16
20;CRA;34;0;0;0;0.16
10;RULT;100;0;0;0;1.05
10;RULT;99;0;0;0;1.05
10;RULT;98;0;0;0;1.05
10;RULT;99;0;0;0;1.05
10;RULT;99;0;0;0;1.05
10;RULT;98;0;0;0;1.05
10;RULT;98;0;0;0;1.05
10;RULT;98;0;0;0;1.05
10;RULT;97;0;0;0;1.05
10;RULT;97;0;0;0;1.05
10;RULT;98;0;0;0;1.05
10;RULT;98;0;0;0;1.05
10;RULT;98;0;0;0;1.05
10;RULT;97;0;0;0;1.05
10;RULT;98;0;0;0;1.05
10;RULT;97;0;0;0;1.05
10;RULT;97;0;0;0;1.05
10;RULT;98;0;0;0;1.05
10;RULT;97;0;0;0;1.05
10;RULT;98;0;0;0;1.05
10;RULT;114;0;0;0;1.19
10;RULT;113;0;0;0;1.19
10;RULT;114;0;0;0;1.19
10;RULT;114;0;0;0;1.19
10;RULT;113;0;0;0;1.19
10;RULT;113;0;0;0;1.19
10;RULT;113;0;0;0;1.19
10;RULT;113;0;0;0;1.19
10;RULT;113;0;0;0;1.19
10;RULT;114;0;0;0;1.19
10;RULT;114;0;0;0;1.19
10;RULT;113;0;0;0;1.19
10;RULT;113;0;0;0;1.19
10;RULT;113;0;0;0;1.19
10;RULT;113;0;0;0;1.19
10;RULT;113;0;0;0;1.19
10;RULT;113;0;0;0;1.19
10;RULT;113;0;0;0;1.19
10;RULT;113;0;0;0;1.19
10;RULT;114;0;0;0;1.19
10;ILP;32320;0;0;0;0.00
10;ILP;32804;0;0;0;0.00
10;ILP;33365;0;0;0;0.00
10;ILP;32824;0;0;0;0.00
10;ILP;33165;0;0;0;0.00
10;ILP;32893;0;0;0;0.00
10;ILP;33155;0;0;0;0.00
10;ILP;32899;0;0;0;0.00
10;ILP;32928;0;0;0;0.00
10;ILP;33171;0;0;0;0.00
10;ILP;33633;0;0;0;0.00
10;ILP;33219;0;0;0;0.00
10;ILP;33065;0;0;0;0.00
10;ILP;33145;0;0;0;0.00
10;ILP;33080;0;0;0;0.00
10;ILP;32309;0;0;0;0.00
10;ILP;32655;0;0;0;0.00
10;ILP;32312;0;0;0;0.00
10;ILP;32589;0;0;0;0.00
10;ILP;33276;0;0;0;0.00
10;ILP;32544;0;0;0;0.00
10;ILP;32680;0;0;0;0.00
10;ILP;32715;0;0;0;0.00
10;ILP;32409;0;0;0;0.00
10;ILP;32756;0;0;0;0.00
10;ILP;32722;0;0;0;0.00
10;ILP;33123;0;0;0;0.00
10;ILP;32795;0;0;0;0.00
10;ILP;33434;0;0;0;0.00
10;ILP;32288;0;0;0;0.00
10;ILP;33208;0;0;0;0.00
10;ILP;32776;0;0;0;0.00
10;ILP;32794;0;0;0;0.00
10;ILP;32521;0;0;0;0.00
10;ILP;33250;0;0;0;0.00
10;ILP;32979;0;0;0;0.00
10;ILP;32705;0;0;0;0.00
10;ILP;33084;0;0;0;0.00
10;ILP;33137;0;0;0;0.00
10;ILP;32647;0;0;0;0.00
10;CP;145552;0;0;0;0.00
10;CP;146147;0;0;0;0.00
10;CP;146649;0;0;0;0.00
10;CP;144386;0;0;0;0.00
10;CP;144286;0;0;0;0.00
10;CP;143126;0;0;0;0.00
10;CP;142969;0;0;0;0.00
10;CP;140539;0;0;0;0.00
10;CP;141614;0;0;0;0.00
10;CP;140005;0;0;0;0.00
10;CP;139954;0;0;0;0.00
10;CP;137218;0;0;0;0.00
10;CP;138675;0;0;0;0.00
10;CP;141299;0;0;0;0.00
10;CP;142344;0;0;0;0.00
10;CP;144034;0;0;0;0.00
10;CP;145227;0;0;0;0.00
10;CP;142106;0;0;0;0.00
10;CP;134424;0;0;0;0.00
10;CP;136531;0;0;0;0.00
10;CP;137464;0;0;0;0.00
10;CP;140981;0;0;0;0.00
10;CP;142742;0;0;0;0.00
10;CP;142377;0;0;0;0.00
10;CP;143640;0;0;0;0.00
10;CP;142982;0;0;0;0.00
10;CP;145161;0;0;0;0.00
10;CP;145655;0;0;0;0.00
10;CP;145987;0;0;0;0.00
10;CP;145198;0;0;0;0.00
10;CP;145127;0;0;0;0.00
10;CP;144988;0;0;0;0.00
10;CP;144583;0;0;0;0.00
10;CP;143360;0;0;0;0.00
10;CP;140029;0;0;0;0.00
10;CP;140150;0;0;0;0.00
10;CP;140661;0;0;0;0.00
10;CP;137731;0;0;0;0.00
10;CP;141543;0;0;0;0.00
10;CP;138451;0;0;0;0.00
10;SCP;133732;0;0;0;0.00
10;SCP;134747;0;0;0;0.00
10;SCP;132987;0;0;0;0.00
10;SCP;132493;0;0;0;0.00
10;SCP;132275;0;0;0;0.00
10;SCP;132076;0;0;0;0.00
10;SCP;132489;0;0;0;0.00
10;SCP;133160;0;0;0;0.00
10;SCP;134967;0;0;0;0.00
10;SCP;133095;0;0;0;0.00
10;SCP;132244;0;0;0;0.00
10;SCP;132084;0;0;0;0.00
10;SCP;132917;0;0;0;0.00
10;SCP;132979;0;0;0;0.00
10;SCP;133259;0;0;0;0.00
10;SCP;132991;0;0;0;0.00
10;SCP;134223;0;0;0;0.00
10;SCP;132502;0;0;0;0.00
10;SCP;132756;0;0;0;0.00
10;SCP;132218;0;0;0;0.00
10;SCP;162359;0;0;0;0.00
10;SCP;158912;0;0;0;0.00
10;SCP;162831;0;0;0;0.00
10;SCP;162696;0;0;0;0.00
10;SCP;162339;0;0;0;0.00
10;SCP;161956;0;0;0;0.00
10;SCP;157797;0;0;0;0.00
10;SCP;161428;0;0;0;0.00
10;SCP;162635;0;0;0;0.00
10;SCP;157834;0;0;0;0.00
10;SCP;162478;0;0;0;0.00
10;SCP;160927;0;0;0;0.00
10;SCP;157283;0;0;0;0.00
10;SCP;162159;0;0;0;0.00
10;SCP;162069;0;0;0;0.00
10;SCP;162664;0;0;0;0.00
10;SCP;162326;0;0;0;0.00
10;SCP;161533;0;0;0;0.00
10;SCP;161666;0;0;0;0.00
10;SCP;161582;0;0;0;0.00
10;KAB;468;0;0;0;0.00
10;KAB;134;0;0;0;0.00
10;KAB;130;0;0;0;0.00
10;KAB;134;0;0;0;0.00
10;KAB;140;0;0;0;0.00
10;KAB;142;0;0;0;0.00
10;KAB;141;0;0;0;0.00
10;KAB;133;0;0;0;0.00
10;KAB;132;0;0;0;0.00
10;KAB;131;0;0;0;0.00
10;KAB;132;0;0;0;0.00
10;KAB;144;0;0;0;0.00
10;KAB;135;0;0;0;0.00
10;KAB;133;0;0;0;0.00
10;KAB;144;0;0;0;0.00
10;KAB;134;0;0;0;0.00
10;KAB;135;0;0;0;0.00
10;KAB;133;0;0;0;0.00
10;KAB;129;0;0;0;0.00
10;KAB;129;0;0;0;0.00
10;KAB;411;0;0;0;0.00
10;KAB;72;0;0;0;0.00
10;KAB;71;0;0;0;0.00
10;KAB;70;0;0;0;0.00
10;KAB;70;0;0;0;0.00
10;KAB;69;0;0;0;0.00
10;KAB;69;0;0;0;0.00
10;KAB;69;0;0;0;0.00
10;KAB;69;0;0;0;0.00
10;KAB;69;0;0;0;0.00
10;KAB;69;0;0;0;0.00
10;KAB;69;0;0;0;0.00
10;KAB;69;0;0;0;0.00
10;KAB;68;0;0;0;0.00
10;KAB;68;0;0;0;0.00
10;KAB;73;0;0;0;0.00
10;KAB;69;0;0;0;0.00
10;KAB;68;0;0;0;0.00
10;KAB;69;0;0;0;0.00
10;KAB;68;0;0;0;0.00
10;BFDC;195;0;0;0;1.40
10;BFDC;194;0;0;0;1.40
10;BFDC;194;0;0;0;1.40
10;BFDC;194;0;0;0;1.40
10;BFDC;193;0;0;0;1.40
10;BFDC;194;0;0;0;1.40
10;BFDC;194;0;0;0;1.40
10;BFDC;194;0;0;0;1.40
10;BFDC;193;0;0;0;1.40
10;BFDC;193;0;0;0;1.40
10;BFDC;193;0;0;0;1.40
10;BFDC;193;0;0;0;1.40
10;BFDC;200;0;0;0;1.40
10;BFDC;199;0;0;0;1.40
10;BFDC;198;0;0;0;1.40
10;BFDC;199;0;0;0;1.40
10;BFDC;198;0;0;0;1.40
10;BFDC;198;0;0;0;1.40
10;BFDC;199;0;0;0;1.40
10;BFDC;198;0;0;0;1.40
10;BFDC;235;0;0;0;1.65
10;BFDC;233;0;0;0;1.65
10;BFDC;232;0;0;0;1.65
10;BFDC;233;0;0;0;1.65
10;BFDC;233;0;0;0;1.65
10;BFDC;233;0;0;0;1.65
10;BFDC;232;0;0;0;1.65
10;BFDC;232;0;0;0;1.65
10;BFDC;237;0;0;0;1.65
10;BFDC;232;0;0;0;1.65
10;BFDC;234;0;0;0;1.65
10;BFDC;232;0;0;0;1.65
10;BFDC;233;0;0;0;1.65
10;BFDC;232;0;0;0;1.65
10;BFDC;232;0;0;0;1.65
10;BFDC;232;0;0;0;1.65
10;BFDC;233;0;0;0;1.65
10;BFDC;232;0;0;0;1.65
10;BFDC;232;0;0;0;1.65
10;BFDC;239;0;0;0;1.65
10;CRA;93;0;0;0;0.58
10;CRA;85;0;0;0;0.58
10;CRA;85;0;0;0;0.58
10;CRA;85;0;0;0;0.58
10;CRA;85;0;0;0;0.58
10;CRA;85;0;0;0;0.58
10;CRA;85;0;0;0;0.58
10;CRA;86;0;0;0;0.58
10;CRA;86;0;0;0;0.58
10;CRA;86;0;0;0;0.58
10;CRA;86;0;0;0;0.58
10;CRA;86;0;0;0;0.58
10;CRA;86;0;0;0;0.58
10;CRA;87;0;0;0;0.58
10;CRA;86;0;0;0;0.58
10;CRA;86;0;0;0;0.58
10;CRA;87;0;0;0;0.58
10;CRA;85;0;0;0;0.58
10;CRA;85;0;0;0;0.58
10;CRA;84;0;0;0;0.58
10;CRA;152;0;0;0;0.87
10;CRA;119;0;0;0;0.87
10;CRA;117;0;0;0;0.87
10;CRA;117;0;0;0;0.87
10;CRA;117;0;0;0;0.87
10;CRA;116;0;0;0;0.87
10;CRA;115;0;0;0;0.87
10;CRA;115;0;0;0;0.87
10;CRA;115;0;0;0;0.87
10;CRA;114;0;0;0;0.87
10;CRA;113;0;0;0;0.87
10;CRA;114;0;0;0;0.87
10;CRA;114;0;0;0;0.87
10;CRA;114;0;0;0;0.87
10;CRA;114;0;0;0;0.87
10;CRA;113;0;0;0;0.87
10;CRA;119;0;0;0;0.87
10;CRA;114;0;0;0;0.87
10;CRA;113;0;0;0;0.87
10;CRA;113;0;0;0;0.87
50;RULT;2089;0;0;0;10.04
50;RULT;2001;0;0;0;10.04
50;RULT;1994;0;0;0;10.04
50;RULT;2002;0;0;0;10.04
50;RULT;1998;0;0;0;10.04
50;RULT;1996;0;0;0;10.04
50;RULT;2006;0;0;0;10.04
50;RULT;2002;0;0;0;10.04
50;RULT;2000;0;0;0;10.04
50;RULT;2020;0;0;0;10.04
50;RULT;1999;0;0;0;10.04
50;RULT;1995;0;0;0;10.04
50;RULT;2008;0;0;0;10.04
50;RULT;2002;0;0;0;10.04
50;RULT;1998;0;0;0;10.04
50;RULT;2000;0;0;0;10.04
50;RULT;2004;0;0;0;10.04
50;RULT;1999;0;0;0;10.04
50;RULT;2004;0;0;0;10.04
50;RULT;2007;0;0;0;10.04
50;RULT;146;0;0;0;1.29
50;RULT;146;0;0;0;1.29
50;RULT;146;0;0;0;1.29
50;RULT;146;0;0;0;1.29
50;RULT;145;0;0;0;1.29
50;RULT;146;0;0;0;1.29
50;RULT;146;0;0;0;1.29
50;RULT;146;0;0;0;1.29
50;RULT;146;0;0;0;1.29
50;RULT;146;0;0;0;1.29
50;RULT;146;0;0;0;1.29
50;RULT;146;0;0;0;1.29
50;RULT;146;0;0;0;1.29
50;RULT;146;0;0;0;1.29
50;RULT;145;0;0;0;1.29
50;RULT;146;0;0;0;1.29
50;RULT;145;0;0;0;1.29
50;RULT;146;0;0;0;1.29
50;RULT;145;0;0;0;1.29
50;RULT;147;0;0;0;1.29
50;ILP;155960;0;0;0;0.00
50;ILP;152069;0;0;0;0.00
50;ILP;151877;0;0;0;0.00
50;ILP;151537;0;0;0;0.00
50;ILP;151568;0;0;0;0.00
50;ILP;143456;0;0;0;0.00
50;ILP;151655;0;0;0;0.00
50;ILP;152168;0;0;0;0.00
50;ILP;151700;0;0;0;0.00
50;ILP;152276;0;0;0;0.00
50;ILP;151986;0;0;0;0.00
50;ILP;152063;0;0;0;0.00
50;ILP;151590;0;0;0;0.00
50;ILP;148178;0;0;0;0.00
50;ILP;143512;0;0;0;0.00
50;ILP;153226;0;0;0;0.00
50;ILP;151701;0;0;0;0.00
50;ILP;151810;0;0;0;0.00
50;ILP;152158;0;0;0;0.00
50;ILP;151788;0;0;0;0.00
50;ILP;133842;0;0;0;0.00
50;ILP;141349;0;0;0;0.00
50;ILP;133824;0;0;0;0.00
50;ILP;129020;0;0;0;0.00
50;ILP;129715;0;0;0;0.00
50;ILP;129257;0;0;0;0.00
50;ILP;129191;0;0;0;0.00
50;ILP;129186;0;0;0;0.00
50;ILP;132288;0;0;0;0.00
50;ILP;138558;0;0;0;0.00
50;ILP;130163;0;0;0;0.00
50;ILP;131529;0;0;0;0.00
50;ILP;131044;0;0;0;0.00
50;ILP;130178;0;0;0;0.00
50;ILP;133677;0;0;0;0.00
50;ILP;132857;0;0;0;0.00
50;ILP;131152;0;0;0;0.00
50;ILP;133809;0;0;0;0.00
50;ILP;132477;0;0;0;0.00
50;ILP;131209;0;0;0;0.00
50;CP;1231421;0;0;0;0.00
50;CP;1211767;0;0;0;0.00
50;CP;1157475;0;0;0;0.00
50;CP;1200889;0;0;0;0.00
50;CP;1388650;0;0;0;0.00
50;CP;1430593;0;0;0;0.00
50;CP;1184347;0;0;0;0.00
50;CP;1191496;0;0;0;0.00
50;CP;1180993;0;0;0;0.00
50;CP;1185275;0;0;0;0.00
50;CP;1189337;0;0;0;0.00
50;CP;1189353;0;0;0;0.00
50;CP;1182302;0;0;0;0.00
50;CP;1194490;0;0;0;0.00
50;CP;1184169;0;0;0;0.00
50;CP;1190355;0;0;0;0.00
50;CP;1189881;0;0;0;0.00
50;CP;1192115;0;0;0;0.00
50;CP;1185242;0;0;0;0.00
50;CP;1196522;0;0;0;0.00
50;CP;1253888;0;0;0;0.00
50;CP;1198454;0;0;0;0.00
50;CP;1205584;0;0;0;0.00
50;CP;1203707;0;0;0;0.00
50;CP;1203900;0;0;0;0.00
50;CP;1199134;0;0;0;0.00
50;CP;1199122;0;0;0;0.00
50;CP;1199998;0;0;0;0.00
50;CP;1202006;0;0;0;0.00
50;CP;1201153;0;0;0;0.00
50;CP;1201211;0;0;0;0.00
50;CP;1201314;0;0;0;0.00
50;CP;1199600;0;0;0;0.00
50;CP;1172686;0;0;0;0.00
50;CP;1137811;0;0;0;0.00
50;CP;1131466;0;0;0;0.00
50;CP;1127929;0;0;0;0.00
50;CP;1131961;0;0;0;0.00
50;CP;1111983;0;0;0;0.00
50;CP;1080207;0;0;0;0.00
50;SCP;291608;0;0;0;0.00
50;SCP;295292;0;0;0;0.00
50;SCP;293308;0;0;0;0.00
50;SCP;297172;0;0;0;0.00
50;SCP;289742;0;0;0;0.00
50;SCP;294600;0;0;0;0.00
50;SCP;292662;0;0;0;0.00
50;SCP;294151;0;0;0;0.00
50;SCP;289822;0;0;0;0.00
50;SCP;296355;0;0;0;0.00
50;SCP;290507;0;0;0;0.00
50;SCP;295599;0;0;0;0.00
50;SCP;290579;0;0;0;0.00
50;SCP;294901;0;0;0;0.00
50;SCP;289300;0;0;0;0.00
50;SCP;296180;0;0;0;0.00
50;SCP;291962;0;0;0;0.00
50;SCP;292445;0;0;0;0.00
50;SCP;291142;0;0;0;0.00
50;SCP;295193;0;0;0;0.00
50;SCP;1183661;0;0;0;0.00
50;SCP;1125375;0;0;0;0.00
50;SCP;1174323;0;0;0;0.00
50;SCP;1126078;0;0;0;0.00
50;SCP;1175553;0;0;0;0.00
50;SCP;1128989;0;0;0;0.00
50;SCP;1172359;0;0;0;0.00
50;SCP;1131066;0;0;0;0.00
50;SCP;1182870;0;0;0;0.00
50;SCP;1124141;0;0;0;0.00
50;SCP;1172398;0;0;0;0.00
50;SCP;1128770;0;0;0;0.00
50;SCP;1179694;0;0;0;0.00
50;SCP;1134977;0;0;0;0.00
50;SCP;1177866;0;0;0;0.00
50;SCP;1127864;0;0;0;0.00
50;SCP;1123566;0;0;0;0.00
50;SCP;1173673;0;0;0;0.00
50;SCP;1122650;0;0;0;0.00
50;SCP;1126371;0;0;0;0.00
50;KAB;1889296;0;0;0;0.00
50;KAB;1884135;0;0;0;0.00
50;KAB;1886382;0;0;0;0.00
50;KAB;1883839;0;0;0;0.00
50;KAB;1883833;0;0;0;0.00
50;KAB;1884683;0;0;0;0.00
50;KAB;1884907;0;0;0;0.00
50;KAB;1887269;0;0;0;0.00
50;KAB;1884263;0;0;0;0.00
50;KAB;1883731;0;0;0;0.00
50;KAB;1884058;0;0;0;0.00
50;KAB;1886414;0;0;0;0.00
50;KAB;1884097;0;0;0;0.00
50;KAB;1883579;0;0;0;0.00
50;KAB;1885026;0;0;0;0.00
50;KAB;1885892;0;0;0;0.00
50;KAB;1884081;0;0;0;0.00
50;KAB;1887321;0;0;0;0.00
50;KAB;1886870;0;0;0;0.00
50;KAB;1889088;0;0;0;0.00
50;KAB;144;0;0;0;0.00
50;KAB;87;0;0;0;0.00
50;KAB;85;0;0;0;0.00
50;KAB;85;0;0;0;0.00
50;KAB;85;0;0;0;0.00
50;KAB;84;0;0;0;0.00
50;KAB;83;0;0;0;0.00
50;KAB;83;0;0;0;0.00
50;KAB;83;0;0;0;0.00
50;KAB;84;0;0;0;0.00
50;KAB;84;0;0;0;0.00
50;KAB;84;0;0;0;0.00
50;KAB;83;0;0;0;0.00
50;KAB;83;0;0;0;0.00
50;KAB;83;0;0;0;0.00
50;KAB;84;0;0;0;0.00
50;KAB;83;0;0;0;0.00
50;KAB;83;0;0;0;0.00
50;KAB;83;0;0;0;0.00
50;KAB;83;0;0;0;0.00
50;BFDC;471;0;0;0;2.88
50;BFDC;467;0;0;0;2.88
50;BFDC;467;0;0;0;2.88
50;BFDC;466;0;0;0;2.88
50;BFDC;466;0;0;0;2.88
50;BFDC;466;0;0;0;2.88
50;BFDC;466;0;0;0;2.88
50;BFDC;462;0;0;0;2.88
50;BFDC;464;0;0;0;2.88
50;BFDC;468;0;0;0;2.88
50;BFDC;464;0;0;0;2.88
50;BFDC;467;0;0;0;2.88
50;BFDC;475;0;0;0;2.88
50;BFDC;474;0;0;0;2.88
50;BFDC;467;0;0;0;2.88
50;BFDC;466;0;0;0;2.88
50;BFDC;465;0;0;0;2.88
50;BFDC;468;0;0;0;2.88
50;BFDC;466;0;0;0;2.88
50;BFDC;471;0;0;0;2.88
50;BFDC;329;0;0;0;2.01
50;BFDC;328;0;0;0;2.01
50;BFDC;331;0;0;0;2.01
50;BFDC;333;0;0;0;2.01
50;BFDC;324;0;0;0;2.01
50;BFDC;326;0;0;0;2.01
50;BFDC;325;0;0;0;2.01
50;BFDC;325;0;0;0;2.01
50;BFDC;325;0;0;0;2.01
50;BFDC;325;0;0;0;2.01
50;BFDC;325;0;0;0;2.01
50;BFDC;325;0;0;0;2.01
50;BFDC;329;0;0;0;2.01
50;BFDC;325;0;0;0;2.01
50;BFDC;325;0;0;0;2.01
50;BFDC;325;0;0;0;2.01
50;BFDC;325;0;0;0;2.01
50;BFDC;325;0;0;0;2.01
50;BFDC;324;0;0;0;2.01
50;BFDC;325;0;0;0;2.01
50;CRA;4979;0;0;0;13.46
50;CRA;4801;0;0;0;13.46
50;CRA;4807;0;0;0;13.46
50;CRA;4798;0;0;0;13.46
50;CRA;4805;0;0;0;13.46
50;CRA;4794;0;0;0;13.46
50;CRA;4804;0;0;0;13.46
50;CRA;4790;0;0;0;13.46
50;CRA;4795;0;0;0;13.46
50;CRA;4794;0;0;0;13.46
50;CRA;4788;0;0;0;13.46
50;CRA;4802;0;0;0;13.46
50;CRA;4794;0;0;0;13.46
50;CRA;4832;0;0;0;13.46
50;CRA;4818;0;0;0;13.46
50;CRA;4817;0;0;0;13.46
50;CRA;4815;0;0;0;13.46
50;CRA;4813;0;0;0;13.46
50;CRA;4809;0;0;0;13.46
50;CRA;4801;0;0;0;13.46
50;CRA;172;0;0;0;0.98
50;CRA;163;0;0;0;0.98
50;CRA;162;0;0;0;0.98
50;CRA;161;0;0;0;0.98
50;CRA;161;0;0;0;0.98
50;CRA;161;0;0;0;0.98
50;CRA;161;0;0;0;0.98
50;CRA;160;0;0;0;0.98
50;CRA;160;0;0;0;0.98
50;CRA;160;0;0;0;0.98
50;CRA;159;0;0;0;0.98
50;CRA;160;0;0;0;0.98
50;CRA;159;0;0;0;0.98
50;CRA;159;0;0;0;0.98
50;CRA;159;0;0;0;0.98
50;CRA;164;0;0;0;0.98
50;CRA;160;0;0;0;0.98
50;CRA;159;0;0;0;0.98
50;CRA;159;0;0;0;0.98
50;CRA;159;0;0;0;0.98
90;ULT;1460658;0;0;0;420.78
90;ULT;1445674;0;0;0;420.78
90;ULT;1455184;0;0;0;420.78
90;ULT;1461668;0;0;0;420.78
90;ULT;1462014;0;0;0;420.78
90;ULT;1431305;0;0;0;420.78
90;ULT;1435587;0;0;0;420.78
90;ULT;1431010;0;0;0;420.78
90;ULT;1428727;0;0;0;420.78
90;ULT;1430076;0;0;0;420.78
90;ULT;1431748;0;0;0;420.78
90;ULT;1433816;0;0;0;420.78
90;ULT;1441293;0;0;0;420.78
90;ULT;1432053;0;0;0;420.78
90;ULT;1441422;0;0;0;420.78
90;ULT;1422032;0;0;0;420.78
90;ULT;1469358;0;0;0;420.78
90;ULT;1464665;0;0;0;420.78
90;ULT;1460270;0;0;0;420.78
90;ULT;1446649;0;0;0;420.78
90;ULT;2000001;0;0;1;571.13
90;ULT;2000001;0;0;1;570.20
90;ULT;2000002;0;0;1;565.84
90;ULT;2000001;0;0;1;579.52
90;ULT;2000000;0;0;1;579.88
90;ULT;2000001;0;0;1;581.59
90;ULT;2000002;0;0;1;581.12
90;ULT;2000001;0;0;1;580.60
90;ULT;2000001;0;0;1;579.81
90;ULT;2000001;0;0;1;581.45
90;ULT;2000001;0;0;1;579.44
90;ULT;2000000;0;0;1;575.15
90;ULT;2000001;0;0;1;575.27
90;ULT;2000001;0;0;1;580.25
90;ULT;2000000;0;0;1;565.53
90;ULT;2000002;0;0;1;563.89
90;ULT;2000000;0;0;1;565.07
90;ULT;2000001;0;0;1;563.95
90;ULT;2000000;0;0;1;563.87
90;ULT;2000000;0;0;1;563.95
90;RULT;139;0;0;0;1.19
90;RULT;140;0;0;0;1.19
90;RULT;139;0;0;0;1.19
90;RULT;138;0;0;0;1.19
90;RULT;137;0;0;0;1.19
90;RULT;138;0;0;0;1.19
90;RULT;138;0;0;0;1.19
90;RULT;138;0;0;0;1.19
90;RULT;139;0;0;0;1.19
90;RULT;138;0;0;0;1.19
90;RULT;138;0;0;0;1.19
90;RULT;138;0;0;0;1.19
90;RULT;138;0;0;0;1.19
90;RULT;138;0;0;0;1.19
90;RULT;138;0;0;0;1.19
90;RULT;138;0;0;0;1.19
90;RULT;139;0;0;0;1.19
90;RULT;137;0;0;0;1.19
90;RULT;138;0;0;0;1.19
90;RULT;138;0;0;0;1.19
90;RULT;243;0;0;0;2.27
90;RULT;242;0;0;0;2.27
90;RULT;243;0;0;0;2.27
90;RULT;245;0;0;0;2.27
90;RULT;242;0;0;0;2.27
90;RULT;242;0;0;0;2.27
90;RULT;241;0;0;0;2.27
90;RULT;242;0;0;0;2.27
90;RULT;243;0;0;0;2.27
90;RULT;241;0;0;0;2.27
90;RULT;242;0;0;0;2.27
90;RULT;243;0;0;0;2.27
90;RULT;242;0;0;0;2.27
90;RULT;243;0;0;0;2.27
90;RULT;242;0;0;0;2.27
90;RULT;242;0;0;0;2.27
90;RULT;242;0;0;0;2.27
90;RULT;242;0;0;0;2.27
90;RULT;243;0;0;0;2.27
90;RULT;243;0;0;0;2.27
90;ILP;238315;0;0;0;0.00
90;ILP;226837;0;0;0;0.00
90;ILP;226091;0;0;0;0.00
90;ILP;218608;0;0;0;0.00
90;ILP;227534;0;0;0;0.00
90;ILP;227138;0;0;0;0.00
90;ILP;226534;0;0;0;0.00
90;ILP;229357;0;0;0;0.00
90;ILP;219043;0;0;0;0.00
90;ILP;226884;0;0;0;0.00
90;ILP;227376;0;0;0;0.00
90;ILP;226743;0;0;0;0.00
90;ILP;227640;0;0;0;0.00
90;ILP;220198;0;0;0;0.00
90;ILP;227126;0;0;0;0.00
90;ILP;227659;0;0;0;0.00
90;ILP;226927;0;0;0;0.00
90;ILP;226944;0;0;0;0.00
90;ILP;221965;0;0;0;0.00
90;ILP;227419;0;0;0;0.00
90;ILP;263170;0;0;0;0.00
90;ILP;253655;0;0;0;0.00
90;ILP;254351;0;0;0;0.00
90;ILP;253729;0;0;0;0.00
90;ILP;254357;0;0;0;0.00
90;ILP;245922;0;0;0;0.00
90;ILP;254580;0;0;0;0.00
90;ILP;254969;0;0;0;0.00
90;ILP;254015;0;0;0;0.00
90;ILP;254744;0;0;0;0.00
90;ILP;250958;0;0;0;0.00
90;ILP;253751;0;0;0;0.00
90;ILP;253665;0;0;0;0.00
90;ILP;253951;0;0;0;0.00
90;ILP;245211;0;0;0;0.00
90;ILP;253751;0;0;0;0.00
90;ILP;253326;0;0;0;0.00
90;ILP;253872;0;0;0;0.00
90;ILP;255640;0;0;0;0.00
90;ILP;249685;0;0;0;0.00
90;CP;1182449;0;0;0;0.00
90;CP;1102409;0;0;0;0.00
90;CP;1097726;0;0;0;0.00
90;CP;1115611;0;0;0;0.00
90;CP;1088511;0;0;0;0.00
90;CP;1110528;0;0;0;0.00
90;CP;1096200;0;0;0;0.00
90;CP;1114589;0;0;0;0.00
90;CP;1097606;0;0;0;0.00
90;CP;1114307;0;0;0;0.00
90;CP;1098521;0;0;0;0.00
90;CP;1097855;0;0;0;0.00
90;CP;1479450;0;0;0;0.00
90;CP;1123139;0;0;0;0.00
90;CP;1074468;0;0;0;0.00
90;CP;1095458;0;0;0;0.00
90;CP;1116814;0;0;0;0.00
90;CP;1106477;0;0;0;0.00
90;CP;1105973;0;0;0;0.00
90;CP;1118530;0;0;0;0.00
90;CP;2026737;0;0;1;0.00
90;CP;2120741;0;0;1;0.00
90;CP;2127185;0;0;1;0.00
90;CP;2129497;0;0;1;0.00
90;CP;2131769;0;0;1;0.00
90;CP;2127481;0;0;1;0.00
90;CP;2121625;0;0;1;0.00
90;CP;2120638;0;0;1;0.00
90;CP;2113733;0;0;1;0.00
90;CP;2117433;0;0;1;0.00
90;CP;2109103;0;0;1;0.00
90;CP;2132542;0;0;1;0.00
90;CP;2114541;0;0;1;0.00
90;CP;2112426;0;0;1;0.00
90;CP;2106332;0;0;1;0.00
90;CP;2114783;0;0;1;0.00
90;CP;2130892;0;0;1;0.00
90;CP;2129132;0;0;1;0.00
90;CP;2136930;0;0;1;0.00
90;CP;2126836;0;0;1;0.00
90;SCP;1447955;0;0;0;0.00
90;SCP;1443999;0;0;0;0.00
90;SCP;1470565;0;0;0;0.00
90;SCP;1443882;0;0;0;0.00
90;SCP;1464663;0;0;0;0.00
90;SCP;1466712;0;0;0;0.00
90;SCP;1449204;0;0;0;0.00
90;SCP;1449065;0;0;0;0.00
90;SCP;1449452;0;0;0;0.00
90;SCP;1444721;0;0;0;0.00
90;SCP;1449431;0;0;0;0.00
90;SCP;1462322;0;0;0;0.00
90;SCP;1448403;0;0;0;0.00
90;SCP;1449110;0;0;0;0.00
90;SCP;1449470;0;0;0;0.00
90;SCP;1452307;0;0;0;0.00
90;SCP;1460042;0;0;0;0.00
90;SCP;1446672;0;0;0;0.00
90;SCP;1441606;0;0;0;0.00
90;SCP;1456752;0;0;0;0.00
90;SCP;734810;0;0;0;0.00
90;SCP;734369;0;0;0;0.00
90;SCP;726782;0;0;0;0.00
90;SCP;727759;0;0;0;0.00
90;SCP;737339;0;0;0;0.00
90;SCP;728457;0;0;0;0.00
90;SCP;730747;0;0;0;0.00
90;SCP;736588;0;0;0;0.00
90;SCP;733326;0;0;0;0.00
90;SCP;728222;0;0;0;0.00
90;SCP;734170;0;0;0;0.00
90;SCP;728268;0;0;0;0.00
90;SCP;733296;0;0;0;0.00
90;SCP;732911;0;0;0;0.00
90;SCP;728248;0;0;0;0.00
90;SCP;733004;0;0;0;0.00
90;SCP;733631;0;0;0;0.00
90;SCP;728203;0;0;0;0.00
90;SCP;731543;0;0;0;0.00
90;SCP;731292;0;0;0;0.00
90;KAB;198;0;0;0;0.00
90;KAB;120;0;0;0;0.00
90;KAB;118;0;0;0;0.00
90;KAB;113;0;0;0;0.00
90;KAB;109;0;0;0;0.00
90;KAB;108;0;0;0;0.00
90;KAB;105;0;0;0;0.00
90;KAB;107;0;0;0;0.00
90;KAB;106;0;0;0;0.00
90;KAB;105;0;0;0;0.00
90;KAB;105;0;0;0;0.00
90;KAB;117;0;0;0;0.00
90;KAB;106;0;0;0;0.00
90;KAB;105;0;0;0;0.00
90;KAB;106;0;0;0;0.00
90;KAB;106;0;0;0;0.00
90;KAB;105;0;0;0;0.00
90;KAB;106;0;0;0;0.00
90;KAB;118;0;0;0;0.00
90;KAB;105;0;0;0;0.00
90;KAB;378;0;0;0;0.00
90;KAB;293;0;0;0;0.00
90;KAB;287;0;0;0;0.00
90;KAB;288;0;0;0;0.00
90;KAB;292;0;0;0;0.00
90;KAB;288;0;0;0;0.00
90;KAB;289;0;0;0;0.00
90;KAB;287;0;0;0;0.00
90;KAB;288;0;0;0;0.00
90;KAB;286;0;0;0;0.00
90;KAB;286;0;0;0;0.00
90;KAB;293;0;0;0;0.00
90;KAB;286;0;0;0;0.00
90;KAB;286;0;0;0;0.00
90;KAB;285;0;0;0;0.00
90;KAB;285;0;0;0;0.00
90;KAB;286;0;0;0;0.00
90;KAB;286;0;0;0;0.00
90;KAB;293;0;0;0;0.00
90;KAB;286;0;0;0;0.00
90;BFDC;367;0;0;0;1.85
90;BFDC;391;0;0;0;1.85
90;BFDC;361;0;0;0;1.85
90;BFDC;361;0;0;0;1.85
90;BFDC;361;0;0;0;1.85
90;BFDC;361;0;0;0;1.85
90;BFDC;361;0;0;0;1.85
90;BFDC;360;0;0;0;1.85
90;BFDC;358;0;0;0;1.85
90;BFDC;366;0;0;0;1.85
90;BFDC;360;0;0;0;1.85
90;BFDC;361;0;0;0;1.85
90;BFDC;359;0;0;0;1.85
90;BFDC;359;0;0;0;1.85
90;BFDC;360;0;0;0;1.85
90;BFDC;358;0;0;0;1.85
90;BFDC;360;0;0;0;1.85
90;BFDC;365;0;0;0;1.85
90;BFDC;360;0;0;0;1.85
90;BFDC;359;0;0;0;1.85
90;BFDC;651;0;0;0;3.50
90;BFDC;641;0;0;0;3.50
90;BFDC;639;0;0;0;3.50
90;BFDC;639;0;0;0;3.50
90;BFDC;639;0;0;0;3.50
90;BFDC;644;0;0;0;3.50
90;BFDC;639;0;0;0;3.50
90;BFDC;639;0;0;0;3.50
90;BFDC;638;0;0;0;3.50
90;BFDC;640;0;0;0;3.50
90;BFDC;638;0;0;0;3.50
90;BFDC;644;0;0;0;3.50
90;BFDC;638;0;0;0;3.50
90;BFDC;638;0;0;0;3.50
90;BFDC;639;0;0;0;3.50
90;BFDC;638;0;0;0;3.50
90;BFDC;643;0;0;0;3.50
90;BFDC;639;0;0;0;3.50
90;BFDC;637;0;0;0;3.50
90;BFDC;639;0;0;0;3.50
90;CRA;192;0;0;0;0.75
90;CRA;130;0;0;0;0.75
90;CRA;128;0;0;0;0.75
90;CRA;128;0;0;0;0.75
90;CRA;133;0;0;0;0.75
90;CRA;126;0;0;0;0.75
90;CRA;126;0;0;0;0.75
90;CRA;126;0;0;0;0.75
90;CRA;125;0;0;0;0.75
90;CRA;126;0;0;0;0.75
90;CRA;125;0;0;0;0.75
90;CRA;125;0;0;0;0.75
90;CRA;124;0;0;0;0.75
90;CRA;124;0;0;0;0.75
90;CRA;124;0;0;0;0.75
90;CRA;123;0;0;0;0.75
90;CRA;124;0;0;0;0.75
90;CRA;123;0;0;0;0.75
90;CRA;124;0;0;0;0.75
90;CRA;123;0;0;0;0.75
90;CRA;324;0;0;0;2.17
90;CRA;310;0;0;0;2.17
90;CRA;309;0;0;0;2.17
90;CRA;308;0;0;0;2.17
90;CRA;309;0;0;0;2.17
90;CRA;309;0;0;0;2.17
90;CRA;307;0;0;0;2.17
90;CRA;309;0;0;0;2.17
90;CRA;309;0;0;0;2.17
90;CRA;308;0;0;0;2.17
90;CRA;315;0;0;0;2.17
90;CRA;310;0;0;0;2.17
90;CRA;310;0;0;0;2.17
90;CRA;310;0;0;0;2.17
90;CRA;310;0;0;0;2.17
90;CRA;311;0;0;0;2.17
90;CRA;310;0;0;0;2.17
90;CRA;309;0;0;0;2.17
90;CRA;309;0;0;0;2.17
90;CRA;309;0;0;0;2.17
5;RULT;262;0;0;0;2.84
5;RULT;262;0;0;0;2.84
5;RULT;262;0;0;0;2.84
5;RULT;262;0;0;0;2.84
5;RULT;261;0;0;0;2.84
5;RULT;262;0;0;0;2.84
5;RULT;262;0;0;0;2.84
5;RULT;262;0;0;0;2.84
5;RULT;262;0;0;0;2.84
5;RULT;262;0;0;0;2.84
5;RULT;262;0;0;0;2.84
5;RULT;262;0;0;0;2.84
5;RULT;267;0;0;0;2.84
5;RULT;262;0;0;0;2.84
5;RULT;263;0;0;0;2.84
5;RULT;262;0;0;0;2.84
5;RULT;262;0;0;0;2.84
5;RULT;262;0;0;0;2.84
5;RULT;263;0;0;0;2.84
5;RULT;262;0;0;0;2.84
5;RULT;107;0;0;0;1.19
5;RULT;107;0;0;0;1.19
5;RULT;107;0;0;0;1.19
5;RULT;107;0;0;0;1.19
5;RULT;107;0;0;0;1.19
5;RULT;107;0;0;0;1.19
5;RULT;107;0;0;0;1.19
5;RULT;107;0;0;0;1.19
5;RULT;106;0;0;0;1.19
5;RULT;107;0;0;0;1.19
5;RULT;107;0;0;0;1.19
5;RULT;106;0;0;0;1.19
5;RULT;107;0;0;0;1.19
5;RULT;107;0;0;0;1.19
5;RULT;107;0;0;0;1.19
5;RULT;107;0;0;0;1.19
5;RULT;107;0;0;0;1.19
5;RULT;107;0;0;0;1.19
5;RULT;107;0;0;0;1.19
5;RULT;106;0;0;0;1.19
5;ILP;27336;0;0;0;0.00
5;ILP;27107;0;0;0;0.00
5;ILP;26533;0;0;0;0.00
5;ILP;26678;0;0;0;0.00
5;ILP;26399;0;0;0;0.00
5;ILP;26109;0;0;0;0.00
5;ILP;26281;0;0;0;0.00
5;ILP;26344;0;0;0;0.00
5;ILP;26031;0;0;0;0.00
5;ILP;27280;0;0;0;0.00
5;ILP;26758;0;0;0;0.00
5;ILP;26596;0;0;0;0.00
5;ILP;26654;0;0;0;0.00
5;ILP;26717;0;0;0;0.00
5;ILP;26698;0;0;0;0.00
5;ILP;26800;0;0;0;0.00
5;ILP;26506;0;0;0;0.00
5;ILP;26436;0;0;0;0.00
5;ILP;26778;0;0;0;0.00
5;ILP;26691;0;0;0;0.00
5;ILP;20532;0;0;0;0.00
5;ILP;20554;0;0;0;0.00
5;ILP;20857;0;0;0;0.00
5;ILP;20939;0;0;0;0.00
5;ILP;20356;0;0;0;0.00
5;ILP;21360;0;0;0;0.00
5;ILP;20560;0;0;0;0.00
5;ILP;20382;0;0;0;0.00
5;ILP;20820;0;0;0;0.00
5;ILP;20623;0;0;0;0.00
5;ILP;20358;0;0;0;0.00
5;ILP;20789;0;0;0;0.00
5;ILP;20697;0;0;0;0.00
5;ILP;20843;0;0;0;0.00
5;ILP;21268;0;0;0;0.00
5;ILP;20264;0;0;0;0.00
5;ILP;20539;0;0;0;0.00
5;ILP;21320;0;0;0;0.00
5;ILP;20389;0;0;0;0.00
5;ILP;21088;0;0;0;0.00
5;CP;151597;0;0;0;0.00
5;CP;151335;0;0;0;0.00
5;CP;153570;0;0;0;0.00
5;CP;163077;0;0;0;0.00
5;CP;158949;0;0;0;0.00
5;CP;160630;0;0;0;0.00
5;CP;161497;0;0;0;0.00
5;CP;163645;0;0;0;0.00
5;CP;164548;0;0;0;0.00
5;CP;165245;0;0;0;0.00
5;CP;164919;0;0;0;0.00
5;CP;162479;0;0;0;0.00
5;CP;162815;0;0;0;0.00
5;CP;162898;0;0;0;0.00
5;CP;161520;0;0;0;0.00
5;CP;159620;0;0;0;0.00
5;CP;159456;0;0;0;0.00
5;CP;157271;0;0;0;0.00
5;CP;157735;0;0;0;0.00
5;CP;160743;0;0;0;0.00
5;CP;149885;0;0;0;0.00
5;CP;149168;0;0;0;0.00
5;CP;148098;0;0;0;0.00
5;CP;160041;0;0;0;0.00
5;CP;159465;0;0;0;0.00
5;CP;162258;0;0;0;0.00
5;CP;158204;0;0;0;0.00
5;CP;159051;0;0;0;0.00
5;CP;157312;0;0;0;0.00
5;CP;156677;0;0;0;0.00
5;CP;156346;0;0;0;0.00
5;CP;156187;0;0;0;0.00
5;CP;154016;0;0;0;0.00
5;CP;154868;0;0;0;0.00
5;CP;155773;0;0;0;0.00
5;CP;157880;0;0;0;0.00
5;CP;155809;0;0;0;0.00
5;CP;158438;0;0;0;0.00
5;CP;159833;0;0;0;0.00
5;CP;159994;0;0;0;0.00
5;SCP;143714;0;0;0;0.00
5;SCP;142700;0;0;0;0.00
5;SCP;140950;0;0;0;0.00
5;SCP;141074;0;0;0;0.00
5;SCP;141049;0;0;0;0.00
5;SCP;138878;0;0;0;0.00
5;SCP;140248;0;0;0;0.00
5;SCP;139608;0;0;0;0.00
5;SCP;139297;0;0;0;0.00
5;SCP;140838;0;0;0;0.00
5;SCP;140284;0;0;0;0.00
5;SCP;142556;0;0;0;0.00
5;SCP;139482;0;0;0;0.00
5;SCP;139079;0;0;0;0.00
5;SCP;139208;0;0;0;0.00
5;SCP;139610;0;0;0;0.00
5;SCP;140717;0;0;0;0.00
5;SCP;140333;0;0;0;0.00
5;SCP;141739;0;0;0;0.00
5;SCP;138261;0;0;0;0.00
5;SCP;158878;0;0;0;0.00
5;SCP;158890;0;0;0;0.00
5;SCP;157500;0;0;0;0.00
5;SCP;159032;0;0;0;0.00
5;SCP;157151;0;0;0;0.00
5;SCP;156512;0;0;0;0.00
5;SCP;156052;0;0;0;0.00
5;SCP;156961;0;0;0;0.00
5;SCP;159482;0;0;0;0.00
5;SCP;159560;0;0;0;0.00
5;SCP;158458;0;0;0;0.00
5;SCP;156586;0;0;0;0.00
5;SCP;156281;0;0;0;0.00
5;SCP;156748;0;0;0;0.00
5;SCP;157485;0;0;0;0.00
5;SCP;159490;0;0;0;0.00
5;SCP;157308;0;0;0;0.00
5;SCP;156376;0;0;0;0.00
5;SCP;156449;0;0;0;0.00
5;SCP;158069;0;0;0;0.00
5;KAB;616;0;0;0;0.00
5;KAB;277;0;0;0;0.00
5;KAB;271;0;0;0;0.00
5;KAB;269;0;0;0;0.00
5;KAB;270;0;0;0;0.00
5;KAB;268;0;0;0;0.00
5;KAB;267;0;0;0;0.00
5;KAB;269;0;0;0;0.00
5;KAB;267;0;0;0;0.00
5;KAB;266;0;0;0;0.00
5;KAB;268;0;0;0;0.00
5;KAB;266;0;0;0;0.00
5;KAB;267;0;0;0;0.00
5;KAB;268;0;0;0;0.00
5;KAB;267;0;0;0;0.00
5;KAB;268;0;0;0;0.00
5;KAB;268;0;0;0;0.00
5;KAB;268;0;0;0;0.00
5;KAB;267;0;0;0;0.00
5;KAB;266;0;0;0;0.00
5;KAB;441;0;0;0;0.00
5;KAB;115;0;0;0;0.00
5;KAB;112;0;0;0;0.00
5;KAB;112;0;0;0;0.00
5;KAB;111;0;0;0;0.00
5;KAB;111;0;0;0;0.00
5;KAB;111;0;0;0;0.00
5;KAB;111;0;0;0;0.00
5;KAB;110;0;0;0;0.00
5;KAB;111;0;0;0;0.00
5;KAB;111;0;0;0;0.00
5;KAB;110;0;0;0;0.00
5;KAB;111;0;0;0;0.00
5;KAB;111;0;0;0;0.00
5;KAB;110;0;0;0;0.00
5;KAB;110;0;0;0;0.00
5;KAB;111;0;0;0;0.00
5;KAB;110;0;0;0;0.00
5;KAB;110;0;0;0;0.00
5;KAB;116;0;0;0;0.00
5;BFDC;448;0;0;0;3.15
5;BFDC;447;0;0;0;3.15
5;BFDC;461;0;0;0;3.15
5;BFDC;447;0;0;0;3.15
5;BFDC;447;0;0;0;3.15
5;BFDC;447;0;0;0;3.15
5;BFDC;448;0;0;0;3.15
5;BFDC;447;0;0;0;3.15
5;BFDC;447;0;0;0;3.15
5;BFDC;452;0;0;0;3.15
5;BFDC;447;0;0;0;3.15
5;BFDC;447;0;0;0;3.15
5;BFDC;447;0;0;0;3.15
5;BFDC;447;0;0;0;3.15
5;BFDC;447;0;0;0;3.15
5;BFDC;448;0;0;0;3.15
5;BFDC;454;0;0;0;3.15
5;BFDC;448;0;0;0;3.15
5;BFDC;447;0;0;0;3.15
5;BFDC;448;0;0;0;3.15
5;BFDC;213;0;0;0;1.58
5;BFDC;212;0;0;0;1.58
5;BFDC;213;0;0;0;1.58
5;BFDC;212;0;0;0;1.58
5;BFDC;212;0;0;0;1.58
5;BFDC;213;0;0;0;1.58
5;BFDC;212;0;0;0;1.58
5;BFDC;212;0;0;0;1.58
5;BFDC;213;0;0;0;1.58
5;BFDC;212;0;0;0;1.58
5;BFDC;212;0;0;0;1.58
5;BFDC;212;0;0;0;1.58
5;BFDC;212;0;0;0;1.58
5;BFDC;212;0;0;0;1.58
5;BFDC;212;0;0;0;1.58
5;BFDC;217;0;0;0;1.58
5;BFDC;213;0;0;0;1.58
5;BFDC;212;0;0;0;1.58
5;BFDC;213;0;0;0;1.58
5;BFDC;212;0;0;0;1.58
5;CRA;369;0;0;0;2.79
5;CRA;358;0;0;0;2.79
5;CRA;358;0;0;0;2.79
5;CRA;357;0;0;0;2.79
5;CRA;357;0;0;0;2.79
5;CRA;357;0;0;0;2.79
5;CRA;356;0;0;0;2.79
5;CRA;357;0;0;0;2.79
5;CRA;357;0;0;0;2.79
5;CRA;356;0;0;0;2.79
5;CRA;357;0;0;0;2.79
5;CRA;360;0;0;0;2.79
5;CRA;356;0;0;0;2.79
5;CRA;357;0;0;0;2.79
5;CRA;357;0;0;0;2.79
5;CRA;358;0;0;0;2.79
5;CRA;357;0;0;0;2.79
5;CRA;358;0;0;0;2.79
5;CRA;357;0;0;0;2.79
5;CRA;357;0;0;0;2.79
5;CRA;152;0;0;0;0.88
5;CRA;113;0;0;0;0.88
5;CRA;110;0;0;0;0.88
5;CRA;109;0;0;0;0.88
5;CRA;108;0;0;0;0.88
5;CRA;107;0;0;0;0.88
5;CRA;107;0;0;0;0.88
5;CRA;108;0;0;0;0.88
5;CRA;113;0;0;0;0.88
5;CRA;107;0;0;0;0.88
5;CRA;107;0;0;0;0.88
5;CRA;106;0;0;0;0.88
5;CRA;106;0;0;0;0.88
5;CRA;105;0;0;0;0.88
5;CRA;105;0;0;0;0.88
5;CRA;106;0;0;0;0.88
5;CRA;106;0;0;0;0.88
5;CRA;105;0;0;0;0.88
5;CRA;105;0;0;0;0.88
5;CRA;105;0;0;0;0.88
70;ULT;1331495;0;0;0;398.23
70;ULT;1305490;0;0;0;398.23
70;ULT;1306682;0;0;0;398.23
70;ULT;1306492;0;0;0;398.23
70;ULT;1306685;0;0;0;398.23
70;ULT;1306651;0;0;0;398.23
70;ULT;1306198;0;0;0;398.23
70;ULT;1306936;0;0;0;398.23
70;ULT;1306653;0;0;0;398.23
70;ULT;1306585;0;0;0;398.23
70;ULT;1306618;0;0;0;398.23
70;ULT;1305579;0;0;0;398.23
70;ULT;1305577;0;0;0;398.23
70;ULT;1306597;0;0;0;398.23
70;ULT;1307015;0;0;0;398.23
70;ULT;1306491;0;0;0;398.23
70;ULT;1305660;0;0;0;398.23
70;ULT;1305830;0;0;0;398.23
70;ULT;1306887;0;0;0;398.23
70;ULT;1306476;0;0;0;398.23
70;ULT;2000001;0;0;1;581.11
70;ULT;2000000;0;0;1;582.15
70;ULT;2000000;0;0;1;584.06
70;ULT;2000000;0;0;1;578.45
70;ULT;2000000;0;0;1;586.89
70;ULT;1986523;0;0;1;586.98
70;ULT;2000000;0;0;1;583.25
70;ULT;2000001;0;0;1;582.36
70;ULT;2000000;0;0;1;584.15
70;ULT;2000000;0;0;1;583.29
70;ULT;2000001;0;0;1;581.34
70;ULT;2000001;0;0;1;583.75
70;ULT;2000001;0;0;1;583.23
70;ULT;2000000;0;0;1;582.92
70;ULT;2000000;0;0;1;584.74
70;ULT;2000000;0;0;1;584.18
70;ULT;2000000;0;0;1;581.28
70;ULT;2000001;0;0;1;583.36
70;ULT;2000001;0;0;1;582.86
70;ULT;2000000;0;0;1;581.28
70;RULT;147;0;0;0;1.28
70;RULT;146;0;0;0;1.28
70;RULT;146;0;0;0;1.28
70;RULT;147;0;0;0;1.28
70;RULT;146;0;0;0;1.28
70;RULT;146;0;0;0;1.28
70;RULT;146;0;0;0;1.28
70;RULT;146;0;0;0;1.28
70;RULT;147;0;0;0;1.28
70;RULT;147;0;0;0;1.28
70;RULT;147;0;0;0;1.28
70;RULT;147;0;0;0;1.28
70;RULT;152;0;0;0;1.28
70;RULT;146;0;0;0;1.28
70;RULT;146;0;0;0;1.28
70;RULT;145;0;0;0;1.28
70;RULT;145;0;0;0;1.28
70;RULT;145;0;0;0;1.28
70;RULT;146;0;0;0;1.28
70;RULT;147;0;0;0;1.28
70;RULT;141;0;0;0;1.25
70;RULT;141;0;0;0;1.25
70;RULT;147;0;0;0;1.25
70;RULT;141;0;0;0;1.25
70;RULT;141;0;0;0;1.25
70;RULT;142;0;0;0;1.25
70;RULT;142;0;0;0;1.25
70;RULT;141;0;0;0;1.25
70;RULT;142;0;0;0;1.25
70;RULT;141;0;0;0;1.25
70;RULT;141;0;0;0;1.25
70;RULT;142;0;0;0;1.25
70;RULT;142;0;0;0;1.25
70;RULT;142;0;0;0;1.25
70;RULT;141;0;0;0;1.25
70;RULT;141;0;0;0;1.25
70;RULT;142;0;0;0;1.25
70;RULT;141;0;0;0;1.25
70;RULT;141;0;0;0;1.25
70;RULT;141;0;0;0;1.25
70;ILP;184463;0;0;0;0.00
70;ILP;175256;0;0;0;0.00
70;ILP;172476;0;0;0;0.00
70;ILP;171821;0;0;0;0.00
70;ILP;173081;0;0;0;0.00
70;ILP;178599;0;0;0;0.00
70;ILP;179352;0;0;0;0.00
70;ILP;178545;0;0;0;0.00
70;ILP;178388;0;0;0;0.00
70;ILP;173630;0;0;0;0.00
70;ILP;177929;0;0;0;0.00
70;ILP;178535;0;0;0;0.00
70;ILP;177751;0;0;0;0.00
70;ILP;178292;0;0;0;0.00
70;ILP;177643;0;0;0;0.00
70;ILP;174919;0;0;0;0.00
70;ILP;177816;0;0;0;0.00
70;ILP;178257;0;0;0;0.00
70;ILP;179671;0;0;0;0.00
70;ILP;178145;0;0;0;0.00
70;ILP;185435;0;0;0;0.00
70;ILP;176036;0;0;0;0.00
70;ILP;177928;0;0;0;0.00
70;ILP;177832;0;0;0;0.00
70;ILP;172269;0;0;0;0.00
70;ILP;177412;0;0;0;0.00
70;ILP;173186;0;0;0;0.00
70;ILP;173456;0;0;0;0.00
70;ILP;180226;0;0;0;0.00
70;ILP;173974;0;0;0;0.00
70;ILP;174888;0;0;0;0.00
70;ILP;173834;0;0;0;0.00
70;ILP;173421;0;0;0;0.00
70;ILP;175455;0;0;0;0.00
70;ILP;173770;0;0;0;0.00
70;ILP;172744;0;0;0;0.00
70;ILP;176006;0;0;0;0.00
70;ILP;173439;0;0;0;0.00
70;ILP;172641;0;0;0;0.00
70;ILP;176544;0;0;0;0.00
70;CP;1706498;0;0;0;0.00
70;CP;1634882;0;0;0;0.00
70;CP;1638574;0;0;0;0.00
70;CP;1622861;0;0;0;0.00
70;CP;1608423;0;0;0;0.00
70;CP;1625519;0;0;0;0.00
70;CP;1634863;0;0;0;0.00
70;CP;1631091;0;0;0;0.00
70;CP;1609836;0;0;0;0.00
70;CP;1619029;0;0;0;0.00
70;CP;1638535;0;0;0;0.00
70;CP;1622852;0;0;0;0.00
70;CP;1603338;0;0;0;0.00
70;CP;1624443;0;0;0;0.00
70;CP;1645761;0;0;0;0.00
70;CP;1618622;0;0;0;0.00
70;CP;1606993;0;0;0;0.00
70;CP;1625710;0;0;0;0.00
70;CP;1647177;0;0;0;0.00
70;CP;1619177;0;0;0;0.00
70;CP;1892715;0;0;0;0.00
70;CP;1783764;0;0;0;0.00
70;CP;1789083;0;0;0;0.00
70;CP;1805875;0;0;0;0.00
70;CP;1830573;0;0;0;0.00
70;CP;1864372;0;0;0;0.00
70;CP;1870717;0;0;0;0.00
70;CP;1855824;0;0;0;0.00
70;CP;1867411;0;0;0;0.00
70;CP;1862271;0;0;0;0.00
70;CP;1870425;0;0;0;0.00
70;CP;1869160;0;0;0;0.00
70;CP;1855860;0;0;0;0.00
70;CP;1857450;0;0;0;0.00
70;CP;1862147;0;0;0;0.00
70;CP;1860277;0;0;0;0.00
70;CP;1854380;0;0;0;0.00
70;CP;1866747;0;0;0;0.00
70;CP;1868204;0;0;0;0.00
70;CP;1856777;0;0;0;0.00
70;SCP;536975;0;0;0;0.00
70;SCP;548294;0;0;0;0.00
70;SCP;547597;0;0;0;0.00
70;SCP;548680;0;0;0;0.00
70;SCP;547017;0;0;0;0.00
70;SCP;547875;0;0;0;0.00
70;SCP;548978;0;0;0;0.00
70;SCP;547203;0;0;0;0.00
70;SCP;553124;0;0;0;0.00
70;SCP;547388;0;0;0;0.00
70;SCP;545191;0;0;0;0.00
70;SCP;550754;0;0;0;0.00
70;SCP;548119;0;0;0;0.00
70;SCP;549723;0;0;0;0.00
70;SCP;548451;0;0;0;0.00
70;SCP;549264;0;0;0;0.00
70;SCP;546952;0;0;0;0.00
70;SCP;545560;0;0;0;0.00
70;SCP;549730;0;0;0;0.00
70;SCP;549794;0;0;0;0.00
70;SCP;647260;0;0;0;0.00
70;SCP;649531;0;0;0;0.00
70;SCP;649632;0;0;0;0.00
70;SCP;646832;0;0;0;0.00
70;SCP;648262;0;0;0;0.00
70;SCP;645724;0;0;0;0.00
70;SCP;649837;0;0;0;0.00
70;SCP;648359;0;0;0;0.00
70;SCP;645386;0;0;0;0.00
70;SCP;648137;0;0;0;0.00
70;SCP;646246;0;0;0;0.00
70;SCP;647499;0;0;0;0.00
70;SCP;649813;0;0;0;0.00
70;SCP;647137;0;0;0;0.00
70;SCP;648832;0;0;0;0.00
70;SCP;642568;0;0;0;0.00
70;SCP;639682;0;0;0;0.00
70;SCP;642375;0;0;0;0.00
70;SCP;642320;0;0;0;0.00
70;SCP;639634;0;0;0;0.00
70;KAB;257;0;0;0;0.00
70;KAB;183;0;0;0;0.00
70;KAB;177;0;0;0;0.00
70;KAB;176;0;0;0;0.00
70;KAB;178;0;0;0;0.00
70;KAB;177;0;0;0;0.00
70;KAB;178;0;0;0;0.00
70;KAB;183;0;0;0;0.00
70;KAB;185;0;0;0;0.00
70;KAB;185;0;0;0;0.00
70;KAB;184;0;0;0;0.00
70;KAB;179;0;0;0;0.00
70;KAB;177;0;0;0;0.00
70;KAB;177;0;0;0;0.00
70;KAB;176;0;0;0;0.00
70;KAB;177;0;0;0;0.00
70;KAB;178;0;0;0;0.00
70;KAB;177;0;0;0;0.00
70;KAB;178;0;0;0;0.00
70;KAB;177;0;0;0;0.00
70;KAB;285;0;0;0;0.00
70;KAB;208;0;0;0;0.00
70;KAB;205;0;0;0;0.00
70;KAB;204;0;0;0;0.00
70;KAB;204;0;0;0;0.00
70;KAB;204;0;0;0;0.00
70;KAB;204;0;0;0;0.00
70;KAB;204;0;0;0;0.00
70;KAB;203;0;0;0;0.00
70;KAB;204;0;0;0;0.00
70;KAB;204;0;0;0;0.00
70;KAB;205;0;0;0;0.00
70;KAB;203;0;0;0;0.00
70;KAB;204;0;0;0;0.00
70;KAB;204;0;0;0;0.00
70;KAB;204;0;0;0;0.00
70;KAB;211;0;0;0;0.00
70;KAB;204;0;0;0;0.00
70;KAB;204;0;0;0;0.00
70;KAB;204;0;0;0;0.00
70;BFDC;360;0;0;0;1.97
70;BFDC;356;0;0;0;1.97
70;BFDC;354;0;0;0;1.97
70;BFDC;356;0;0;0;1.97
70;BFDC;354;0;0;0;1.97
70;BFDC;367;0;0;0;1.97
70;BFDC;355;0;0;0;1.97
70;BFDC;355;0;0;0;1.97
70;BFDC;354;0;0;0;1.97
70;BFDC;355;0;0;0;1.97
70;BFDC;353;0;0;0;1.97
70;BFDC;354;0;0;0;1.97
70;BFDC;353;0;0;0;1.97
70;BFDC;354;0;0;0;1.97
70;BFDC;355;0;0;0;1.97
70;BFDC;353;0;0;0;1.97
70;BFDC;354;0;0;0;1.97
70;BFDC;354;0;0;0;1.97
70;BFDC;353;0;0;0;1.97
70;BFDC;353;0;0;0;1.97
70;BFDC;346;0;0;0;1.93
70;BFDC;364;0;0;0;1.93
70;BFDC;340;0;0;0;1.93
70;BFDC;341;0;0;0;1.93
70;BFDC;339;0;0;0;1.93
70;BFDC;340;0;0;0;1.93
70;BFDC;339;0;0;0;1.93
70;BFDC;339;0;0;0;1.93
70;BFDC;339;0;0;0;1.93
70;BFDC;340;0;0;0;1.93
70;BFDC;346;0;0;0;1.93
70;BFDC;341;0;0;0;1.93
70;BFDC;338;0;0;0;1.93
70;BFDC;339;0;0;0;1.93
70;BFDC;338;0;0;0;1.93
70;BFDC;339;0;0;0;1.93
70;BFDC;338;0;0;0;1.93
70;BFDC;338;0;0;0;1.93
70;BFDC;345;0;0;0;1.93
70;BFDC;338;0;0;0;1.93
70;CRA;267;0;0;0;0.97
70;CRA;158;0;0;0;0.97
70;CRA;153;0;0;0;0.97
70;CRA;152;0;0;0;0.97
70;CRA;153;0;0;0;0.97
70;CRA;152;0;0;0;0.97
70;CRA;152;0;0;0;0.97
70;CRA;152;0;0;0;0.97
70;CRA;151;0;0;0;0.97
70;CRA;155;0;0;0;0.97
70;CRA;155;0;0;0;0.97
70;CRA;154;0;0;0;0.97
70;CRA;154;0;0;0;0.97
70;CRA;155;0;0;0;0.97
70;CRA;154;0;0;0;0.97
70;CRA;153;0;0;0;0.97
70;CRA;159;0;0;0;0.97
70;CRA;152;0;0;0;0.97
70;CRA;151;0;0;0;0.97
70;CRA;150;0;0;0;0.97
70;CRA;155;0;0;0;0.92
70;CRA;147;0;0;0;0.92
70;CRA;147;0;0;0;0.92
70;CRA;146;0;0;0;0.92
70;CRA;147;0;0;0;0.92
70;CRA;146;0;0;0;0.92
70;CRA;147;0;0;0;0.92
70;CRA;146;0;0;0;0.92
70;CRA;146;0;0;0;0.92
70;CRA;147;0;0;0;0.92
70;CRA;146;0;0;0;0.92
70;CRA;146;0;0;0;0.92
70;CRA;146;0;0;0;0.92
70;CRA;146;0;0;0;0.92
70;CRA;146;0;0;0;0.92
70;CRA;146;0;0;0;0.92
70;CRA;146;0;0;0;0.92
70;CRA;146;0;0;0;0.92
70;CRA;146;0;0;0;0.92
70;CRA;146;0;0;0;0.92
