Size;Method;Time;Status;Solution;Timeout;Scans
0.3000;ULT;552787;0;0;0;164.25
0.3000;ULT;548150;0;0;0;164.25
0.3000;ULT;552741;0;0;0;164.25
0.3000;ULT;551173;0;0;0;164.25
0.3000;ULT;542530;0;0;0;164.25
0.3000;ULT;553585;0;0;0;164.25
0.3000;ULT;541854;0;0;0;164.25
0.3000;ULT;553026;0;0;0;164.25
0.3000;ULT;549059;0;0;0;164.25
0.3000;ULT;539172;0;0;0;164.25
0.3000;ULT;537826;0;0;0;164.25
0.3000;ULT;539195;0;0;0;164.25
0.3000;ULT;538035;0;0;0;164.25
0.3000;ULT;538863;0;0;0;164.25
0.3000;ULT;538799;0;0;0;164.25
0.3000;ULT;538281;0;0;0;164.25
0.3000;ULT;539297;0;0;0;164.25
0.3000;ULT;537807;0;0;0;164.25
0.3000;ULT;532075;0;0;0;164.25
0.3000;ULT;540546;0;0;0;164.25
0.3000;ULT;247814;0;0;0;75.56
0.3000;ULT;247700;0;0;0;75.56
0.3000;ULT;243685;0;0;0;75.56
0.3000;ULT;243575;0;0;0;75.56
0.3000;ULT;248543;0;0;0;75.56
0.3000;ULT;247429;0;0;0;75.56
0.3000;ULT;254352;0;0;0;75.56
0.3000;ULT;242976;0;0;0;75.56
0.3000;ULT;253284;0;0;0;75.56
0.3000;ULT;253152;0;0;0;75.56
0.3000;ULT;243052;0;0;0;75.56
0.3000;ULT;253075;0;0;0;75.56
0.3000;ULT;253204;0;0;0;75.56
0.3000;ULT;243026;0;0;0;75.56
0.3000;ULT;253032;0;0;0;75.56
0.3000;ULT;252807;0;0;0;75.56
0.3000;ULT;243411;0;0;0;75.56
0.3000;ULT;253111;0;0;0;75.56
0.3000;ULT;252119;0;0;0;75.56
0.3000;ULT;244135;0;0;0;75.56
0.3000;RULT;28;0;0;0;0.25
0.3000;RULT;28;0;0;0;0.25
0.3000;RULT;28;0;0;0;0.25
0.3000;RULT;28;0;0;0;0.25
0.3000;RULT;28;0;0;0;0.25
0.3000;RULT;28;0;0;0;0.25
0.3000;RULT;28;0;0;0;0.25
0.3000;RULT;28;0;0;0;0.25
0.3000;RULT;28;0;0;0;0.25
0.3000;RULT;28;0;0;0;0.25
0.3000;RULT;28;0;0;0;0.25
0.3000;RULT;28;0;0;0;0.25
0.3000;RULT;28;0;0;0;0.25
0.3000;RULT;28;0;0;0;0.25
0.3000;RULT;28;0;0;0;0.25
0.3000;RULT;28;0;0;0;0.25
0.3000;RULT;28;0;0;0;0.25
0.3000;RULT;28;0;0;0;0.25
0.3000;RULT;28;0;0;0;0.25
0.3000;RULT;28;0;0;0;0.25
0.3000;RULT;91;0;0;0;1.04
0.3000;RULT;90;0;0;0;1.04
0.3000;RULT;89;0;0;0;1.04
0.3000;RULT;90;0;0;0;1.04
0.3000;RULT;90;0;0;0;1.04
0.3000;RULT;90;0;0;0;1.04
0.3000;RULT;90;0;0;0;1.04
0.3000;RULT;90;0;0;0;1.04
0.3000;RULT;90;0;0;0;1.04
0.3000;RULT;90;0;0;0;1.04
0.3000;RULT;90;0;0;0;1.04
0.3000;RULT;96;0;0;0;1.04
0.3000;RULT;90;0;0;0;1.04
0.3000;RULT;90;0;0;0;1.04
0.3000;RULT;90;0;0;0;1.04
0.3000;RULT;90;0;0;0;1.04
0.3000;RULT;90;0;0;0;1.04
0.3000;RULT;90;0;0;0;1.04
0.3000;RULT;90;0;0;0;1.04
0.3000;RULT;90;0;0;0;1.04
0.3000;ILP;19423;0;0;0;0.00
0.3000;ILP;18957;0;0;0;0.00
0.3000;ILP;19245;0;0;0;0.00
0.3000;ILP;19149;0;0;0;0.00
0.3000;ILP;19161;0;0;0;0.00
0.3000;ILP;19329;0;0;0;0.00
0.3000;ILP;18932;0;0;0;0.00
0.3000;ILP;18682;0;0;0;0.00
0.3000;ILP;19100;0;0;0;0.00
0.3000;ILP;19395;0;0;0;0.00
0.3000;ILP;19058;0;0;0;0.00
0.3000;ILP;19141;0;0;0;0.00
0.3000;ILP;19067;0;0;0;0.00
0.3000;ILP;18985;0;0;0;0.00
0.3000;ILP;18944;0;0;0;0.00
0.3000;ILP;18747;0;0;0;0.00
0.3000;ILP;19408;0;0;0;0.00
0.3000;ILP;19361;0;0;0;0.00
0.3000;ILP;18899;0;0;0;0.00
0.3000;ILP;19064;0;0;0;0.00
0.3000;ILP;19467;0;0;0;0.00
0.3000;ILP;19219;0;0;0;0.00
0.3000;ILP;19892;0;0;0;0.00
0.3000;ILP;19194;0;0;0;0.00
0.3000;ILP;19312;0;0;0;0.00
0.3000;ILP;18993;0;0;0;0.00
0.3000;ILP;19522;0;0;0;0.00
0.3000;ILP;19384;0;0;0;0.00
0.3000;ILP;18173;0;0;0;0.00
0.3000;ILP;18333;0;0;0;0.00
0.3000;ILP;18342;0;0;0;0.00
0.3000;ILP;18367;0;0;0;0.00
0.3000;ILP;18339;0;0;0;0.00
0.3000;ILP;18119;0;0;0;0.00
0.3000;ILP;18144;0;0;0;0.00
0.3000;ILP;18258;0;0;0;0.00
0.3000;ILP;18017;0;0;0;0.00
0.3000;ILP;19111;0;0;0;0.00
0.3000;ILP;19194;0;0;0;0.00
0.3000;ILP;19371;0;0;0;0.00
0.3000;CP;86298;0;0;0;0.00
0.3000;CP;87510;0;0;0;0.00
0.3000;CP;87503;0;0;0;0.00
0.3000;CP;87191;0;0;0;0.00
0.3000;CP;84089;0;0;0;0.00
0.3000;CP;83487;0;0;0;0.00
0.3000;CP;83796;0;0;0;0.00
0.3000;CP;83321;0;0;0;0.00
0.3000;CP;83636;0;0;0;0.00
0.3000;CP;82781;0;0;0;0.00
0.3000;CP;83205;0;0;0;0.00
0.3000;CP;83736;0;0;0;0.00
0.3000;CP;84316;0;0;0;0.00
0.3000;CP;84099;0;0;0;0.00
0.3000;CP;85098;0;0;0;0.00
0.3000;CP;84608;0;0;0;0.00
0.3000;CP;84553;0;0;0;0.00
0.3000;CP;84714;0;0;0;0.00
0.3000;CP;84555;0;0;0;0.00
0.3000;CP;84642;0;0;0;0.00
0.3000;CP;86417;0;0;0;0.00
0.3000;CP;86739;0;0;0;0.00
0.3000;CP;86928;0;0;0;0.00
0.3000;CP;86746;0;0;0;0.00
0.3000;CP;87190;0;0;0;0.00
0.3000;CP;78549;0;0;0;0.00
0.3000;CP;78690;0;0;0;0.00
0.3000;CP;78281;0;0;0;0.00
0.3000;CP;85358;0;0;0;0.00
0.3000;CP;83919;0;0;0;0.00
0.3000;CP;83071;0;0;0;0.00
0.3000;CP;82900;0;0;0;0.00
0.3000;CP;83521;0;0;0;0.00
0.3000;CP;83637;0;0;0;0.00
0.3000;CP;83061;0;0;0;0.00
0.3000;CP;82838;0;0;0;0.00
0.3000;CP;84803;0;0;0;0.00
0.3000;CP;87364;0;0;0;0.00
0.3000;CP;86557;0;0;0;0.00
0.3000;CP;86993;0;0;0;0.00
0.3000;SCP;59501;0;0;0;0.00
0.3000;SCP;60170;0;0;0;0.00
0.3000;SCP;58793;0;0;0;0.00
0.3000;SCP;59195;0;0;0;0.00
0.3000;SCP;58795;0;0;0;0.00
0.3000;SCP;60819;0;0;0;0.00
0.3000;SCP;57013;0;0;0;0.00
0.3000;SCP;57995;0;0;0;0.00
0.3000;SCP;57752;0;0;0;0.00
0.3000;SCP;56811;0;0;0;0.00
0.3000;SCP;56930;0;0;0;0.00
0.3000;SCP;57034;0;0;0;0.00
0.3000;SCP;56839;0;0;0;0.00
0.3000;SCP;56656;0;0;0;0.00
0.3000;SCP;58165;0;0;0;0.00
0.3000;SCP;57688;0;0;0;0.00
0.3000;SCP;57383;0;0;0;0.00
0.3000;SCP;56932;0;0;0;0.00
0.3000;SCP;57156;0;0;0;0.00
0.3000;SCP;56926;0;0;0;0.00
0.3000;SCP;87038;0;0;0;0.00
0.3000;SCP;87408;0;0;0;0.00
0.3000;SCP;86900;0;0;0;0.00
0.3000;SCP;86787;0;0;0;0.00
0.3000;SCP;86487;0;0;0;0.00
0.3000;SCP;86552;0;0;0;0.00
0.3000;SCP;86811;0;0;0;0.00
0.3000;SCP;87476;0;0;0;0.00
0.3000;SCP;87392;0;0;0;0.00
0.3000;SCP;87114;0;0;0;0.00
0.3000;SCP;87294;0;0;0;0.00
0.3000;SCP;87464;0;0;0;0.00
0.3000;SCP;88179;0;0;0;0.00
0.3000;SCP;88185;0;0;0;0.00
0.3000;SCP;88347;0;0;0;0.00
0.3000;SCP;88280;0;0;0;0.00
0.3000;SCP;87788;0;0;0;0.00
0.3000;SCP;87431;0;0;0;0.00
0.3000;SCP;87402;0;0;0;0.00
0.3000;SCP;87288;0;0;0;0.00
0.3000;KAB;442;0;0;0;0.00
0.3000;KAB;92;0;0;0;0.00
0.3000;KAB;89;0;0;0;0.00
0.3000;KAB;90;0;0;0;0.00
0.3000;KAB;89;0;0;0;0.00
0.3000;KAB;89;0;0;0;0.00
0.3000;KAB;88;0;0;0;0.00
0.3000;KAB;88;0;0;0;0.00
0.3000;KAB;88;0;0;0;0.00
0.3000;KAB;89;0;0;0;0.00
0.3000;KAB;89;0;0;0;0.00
0.3000;KAB;88;0;0;0;0.00
0.3000;KAB;89;0;0;0;0.00
0.3000;KAB;88;0;0;0;0.00
0.3000;KAB;88;0;0;0;0.00
0.3000;KAB;88;0;0;0;0.00
0.3000;KAB;89;0;0;0;0.00
0.3000;KAB;88;0;0;0;0.00
0.3000;KAB;88;0;0;0;0.00
0.3000;KAB;88;0;0;0;0.00
0.3000;KAB;415;0;0;0;0.00
0.3000;KAB;67;0;0;0;0.00
0.3000;KAB;62;0;0;0;0.00
0.3000;KAB;57;0;0;0;0.00
0.3000;KAB;58;0;0;0;0.00
0.3000;KAB;59;0;0;0;0.00
0.3000;KAB;60;0;0;0;0.00
0.3000;KAB;60;0;0;0;0.00
0.3000;KAB;59;0;0;0;0.00
0.3000;KAB;56;0;0;0;0.00
0.3000;KAB;60;0;0;0;0.00
0.3000;KAB;60;0;0;0;0.00
0.3000;KAB;61;0;0;0;0.00
0.3000;KAB;56;0;0;0;0.00
0.3000;KAB;53;0;0;0;0.00
0.3000;KAB;54;0;0;0;0.00
0.3000;KAB;54;0;0;0;0.00
0.3000;KAB;54;0;0;0;0.00
0.3000;KAB;53;0;0;0;0.00
0.3000;KAB;54;0;0;0;0.00
0.3000;BFDC;46;0;0;0;0.26
0.3000;BFDC;45;0;0;0;0.26
0.3000;BFDC;45;0;0;0;0.26
0.3000;BFDC;45;0;0;0;0.26
0.3000;BFDC;45;0;0;0;0.26
0.3000;BFDC;45;0;0;0;0.26
0.3000;BFDC;45;0;0;0;0.26
0.3000;BFDC;45;0;0;0;0.26
0.3000;BFDC;45;0;0;0;0.26
0.3000;BFDC;45;0;0;0;0.26
0.3000;BFDC;45;0;0;0;0.26
0.3000;BFDC;45;0;0;0;0.26
0.3000;BFDC;45;0;0;0;0.26
0.3000;BFDC;45;0;0;0;0.26
0.3000;BFDC;44;0;0;0;0.26
0.3000;BFDC;45;0;0;0;0.26
0.3000;BFDC;44;0;0;0;0.26
0.3000;BFDC;45;0;0;0;0.26
0.3000;BFDC;45;0;0;0;0.26
0.3000;BFDC;45;0;0;0;0.26
0.3000;BFDC;181;0;0;0;1.20
0.3000;BFDC;180;0;0;0;1.20
0.3000;BFDC;180;0;0;0;1.20
0.3000;BFDC;180;0;0;0;1.20
0.3000;BFDC;180;0;0;0;1.20
0.3000;BFDC;180;0;0;0;1.20
0.3000;BFDC;180;0;0;0;1.20
0.3000;BFDC;183;0;0;0;1.20
0.3000;BFDC;183;0;0;0;1.20
0.3000;BFDC;179;0;0;0;1.20
0.3000;BFDC;179;0;0;0;1.20
0.3000;BFDC;179;0;0;0;1.20
0.3000;BFDC;179;0;0;0;1.20
0.3000;BFDC;180;0;0;0;1.20
0.3000;BFDC;179;0;0;0;1.20
0.3000;BFDC;179;0;0;0;1.20
0.3000;BFDC;180;0;0;0;1.20
0.3000;BFDC;179;0;0;0;1.20
0.3000;BFDC;180;0;0;0;1.20
0.3000;BFDC;179;0;0;0;1.20
0.3000;CRA;39;0;0;0;0.08
0.3000;CRA;33;0;0;0;0.08
0.3000;CRA;27;0;0;0;0.08
0.3000;CRA;26;0;0;0;0.08
0.3000;CRA;26;0;0;0;0.08
0.3000;CRA;27;0;0;0;0.08
0.3000;CRA;26;0;0;0;0.08
0.3000;CRA;26;0;0;0;0.08
0.3000;CRA;26;0;0;0;0.08
0.3000;CRA;26;0;0;0;0.08
0.3000;CRA;26;0;0;0;0.08
0.3000;CRA;26;0;0;0;0.08
0.3000;CRA;26;0;0;0;0.08
0.3000;CRA;26;0;0;0;0.08
0.3000;CRA;27;0;0;0;0.08
0.3000;CRA;26;0;0;0;0.08
0.3000;CRA;27;0;0;0;0.08
0.3000;CRA;26;0;0;0;0.08
0.3000;CRA;26;0;0;0;0.08
0.3000;CRA;26;0;0;0;0.08
0.3000;CRA;80;0;0;0;0.55
0.3000;CRA;77;0;0;0;0.55
0.3000;CRA;77;0;0;0;0.55
0.3000;CRA;77;0;0;0;0.55
0.3000;CRA;77;0;0;0;0.55
0.3000;CRA;77;0;0;0;0.55
0.3000;CRA;77;0;0;0;0.55
0.3000;CRA;77;0;0;0;0.55
0.3000;CRA;77;0;0;0;0.55
0.3000;CRA;78;0;0;0;0.55
0.3000;CRA;78;0;0;0;0.55
0.3000;CRA;78;0;0;0;0.55
0.3000;CRA;78;0;0;0;0.55
0.3000;CRA;78;0;0;0;0.55
0.3000;CRA;78;0;0;0;0.55
0.3000;CRA;78;0;0;0;0.55
0.3000;CRA;78;0;0;0;0.55
0.3000;CRA;78;0;0;0;0.55
0.3000;CRA;78;0;0;0;0.55
0.3000;CRA;78;0;0;0;0.55
0.5000;ULT;785253;0;0;0;242.76
0.5000;ULT;816400;0;0;0;242.76
0.5000;ULT;815892;0;0;0;242.76
0.5000;ULT;811582;0;0;0;242.76
0.5000;ULT;804617;0;0;0;242.76
0.5000;ULT;804532;0;0;0;242.76
0.5000;ULT;803958;0;0;0;242.76
0.5000;ULT;809461;0;0;0;242.76
0.5000;ULT;817320;0;0;0;242.76
0.5000;ULT;815836;0;0;0;242.76
0.5000;ULT;808920;0;0;0;242.76
0.5000;ULT;804632;0;0;0;242.76
0.5000;ULT;805356;0;0;0;242.76
0.5000;ULT;803872;0;0;0;242.76
0.5000;ULT;812400;0;0;0;242.76
0.5000;ULT;817127;0;0;0;242.76
0.5000;ULT;813097;0;0;0;242.76
0.5000;ULT;806247;0;0;0;242.76
0.5000;ULT;804508;0;0;0;242.76
0.5000;ULT;805320;0;0;0;242.76
0.5000;ULT;1010250;0;0;0;303.28
0.5000;ULT;1013624;0;0;0;303.28
0.5000;ULT;1007487;0;0;0;303.28
0.5000;ULT;1007975;0;0;0;303.28
0.5000;ULT;1008758;0;0;0;303.28
0.5000;ULT;1008861;0;0;0;303.28
0.5000;ULT;1013462;0;0;0;303.28
0.5000;ULT;1011088;0;0;0;303.28
0.5000;ULT;1008156;0;0;0;303.28
0.5000;ULT;1008285;0;0;0;303.28
0.5000;ULT;1008773;0;0;0;303.28
0.5000;ULT;1009871;0;0;0;303.28
0.5000;ULT;1012985;0;0;0;303.28
0.5000;ULT;1007846;0;0;0;303.28
0.5000;ULT;1008603;0;0;0;303.28
0.5000;ULT;1008251;0;0;0;303.28
0.5000;ULT;993063;0;0;0;303.28
0.5000;ULT;1006560;0;0;0;303.28
0.5000;ULT;1008660;0;0;0;303.28
0.5000;ULT;995682;0;0;0;303.28
0.5000;RULT;69;0;0;0;0.75
0.5000;RULT;68;0;0;0;0.75
0.5000;RULT;67;0;0;0;0.75
0.5000;RULT;68;0;0;0;0.75
0.5000;RULT;68;0;0;0;0.75
0.5000;RULT;68;0;0;0;0.75
0.5000;RULT;67;0;0;0;0.75
0.5000;RULT;68;0;0;0;0.75
0.5000;RULT;67;0;0;0;0.75
0.5000;RULT;67;0;0;0;0.75
0.5000;RULT;68;0;0;0;0.75
0.5000;RULT;68;0;0;0;0.75
0.5000;RULT;67;0;0;0;0.75
0.5000;RULT;67;0;0;0;0.75
0.5000;RULT;67;0;0;0;0.75
0.5000;RULT;68;0;0;0;0.75
0.5000;RULT;68;0;0;0;0.75
0.5000;RULT;68;0;0;0;0.75
0.5000;RULT;68;0;0;0;0.75
0.5000;RULT;68;0;0;0;0.75
0.5000;RULT;46;0;0;0;0.47
0.5000;RULT;45;0;0;0;0.47
0.5000;RULT;46;0;0;0;0.47
0.5000;RULT;45;0;0;0;0.47
0.5000;RULT;46;0;0;0;0.47
0.5000;RULT;45;0;0;0;0.47
0.5000;RULT;46;0;0;0;0.47
0.5000;RULT;45;0;0;0;0.47
0.5000;RULT;46;0;0;0;0.47
0.5000;RULT;45;0;0;0;0.47
0.5000;RULT;45;0;0;0;0.47
0.5000;RULT;45;0;0;0;0.47
0.5000;RULT;45;0;0;0;0.47
0.5000;RULT;46;0;0;0;0.47
0.5000;RULT;45;0;0;0;0.47
0.5000;RULT;45;0;0;0;0.47
0.5000;RULT;45;0;0;0;0.47
0.5000;RULT;46;0;0;0;0.47
0.5000;RULT;46;0;0;0;0.47
0.5000;RULT;46;0;0;0;0.47
0.5000;ILP;25343;0;0;0;0.00
0.5000;ILP;25445;0;0;0;0.00
0.5000;ILP;25650;0;0;0;0.00
0.5000;ILP;25371;0;0;0;0.00
0.5000;ILP;25543;0;0;0;0.00
0.5000;ILP;24976;0;0;0;0.00
0.5000;ILP;25585;0;0;0;0.00
0.5000;ILP;25512;0;0;0;0.00
0.5000;ILP;25575;0;0;0;0.00
0.5000;ILP;25411;0;0;0;0.00
0.5000;ILP;25294;0;0;0;0.00
0.5000;ILP;25626;0;0;0;0.00
0.5000;ILP;24623;0;0;0;0.00
0.5000;ILP;24253;0;0;0;0.00
0.5000;ILP;24095;0;0;0;0.00
0.5000;ILP;24009;0;0;0;0.00
0.5000;ILP;23908;0;0;0;0.00
0.5000;ILP;23642;0;0;0;0.00
0.5000;ILP;24167;0;0;0;0.00
0.5000;ILP;25162;0;0;0;0.00
0.5000;ILP;25922;0;0;0;0.00
0.5000;ILP;24763;0;0;0;0.00
0.5000;ILP;25439;0;0;0;0.00
0.5000;ILP;25270;0;0;0;0.00
0.5000;ILP;24910;0;0;0;0.00
0.5000;ILP;25201;0;0;0;0.00
0.5000;ILP;24659;0;0;0;0.00
0.5000;ILP;24374;0;0;0;0.00
0.5000;ILP;24779;0;0;0;0.00
0.5000;ILP;24202;0;0;0;0.00
0.5000;ILP;24039;0;0;0;0.00
0.5000;ILP;24098;0;0;0;0.00
0.5000;ILP;24529;0;0;0;0.00
0.5000;ILP;24476;0;0;0;0.00
0.5000;ILP;23726;0;0;0;0.00
0.5000;ILP;24511;0;0;0;0.00
0.5000;ILP;23691;0;0;0;0.00
0.5000;ILP;24577;0;0;0;0.00
0.5000;ILP;23594;0;0;0;0.00
0.5000;ILP;24766;0;0;0;0.00
0.5000;CP;107787;0;0;0;0.00
0.5000;CP;108010;0;0;0;0.00
0.5000;CP;107826;0;0;0;0.00
0.5000;CP;108063;0;0;0;0.00
0.5000;CP;107402;0;0;0;0.00
0.5000;CP;107997;0;0;0;0.00
0.5000;CP;108033;0;0;0;0.00
0.5000;CP;109997;0;0;0;0.00
0.5000;CP;95953;0;0;0;0.00
0.5000;CP;95883;0;0;0;0.00
0.5000;CP;101457;0;0;0;0.00
0.5000;CP;107910;0;0;0;0.00
0.5000;CP;108136;0;0;0;0.00
0.5000;CP;107935;0;0;0;0.00
0.5000;CP;108092;0;0;0;0.00
0.5000;CP;108211;0;0;0;0.00
0.5000;CP;108035;0;0;0;0.00
0.5000;CP;107957;0;0;0;0.00
0.5000;CP;109528;0;0;0;0.00
0.5000;CP;96484;0;0;0;0.00
0.5000;CP;95358;0;0;0;0.00
0.5000;CP;97718;0;0;0;0.00
0.5000;CP;97402;0;0;0;0.00
0.5000;CP;96440;0;0;0;0.00
0.5000;CP;97279;0;0;0;0.00
0.5000;CP;96720;0;0;0;0.00
0.5000;CP;96689;0;0;0;0.00
0.5000;CP;97304;0;0;0;0.00
0.5000;CP;98498;0;0;0;0.00
0.5000;CP;97365;0;0;0;0.00
0.5000;CP;98550;0;0;0;0.00
0.5000;CP;96061;0;0;0;0.00
0.5000;CP;95819;0;0;0;0.00
0.5000;CP;108127;0;0;0;0.00
0.5000;CP;108051;0;0;0;0.00
0.5000;CP;107835;0;0;0;0.00
0.5000;CP;108256;0;0;0;0.00
0.5000;CP;107799;0;0;0;0.00
0.5000;CP;107867;0;0;0;0.00
0.5000;CP;108099;0;0;0;0.00
0.5000;SCP;80190;0;0;0;0.00
0.5000;SCP;82276;0;0;0;0.00
0.5000;SCP;84321;0;0;0;0.00
0.5000;SCP;84326;0;0;0;0.00
0.5000;SCP;84397;0;0;0;0.00
0.5000;SCP;84597;0;0;0;0.00
0.5000;SCP;84475;0;0;0;0.00
0.5000;SCP;85007;0;0;0;0.00
0.5000;SCP;84123;0;0;0;0.00
0.5000;SCP;84919;0;0;0;0.00
0.5000;SCP;84354;0;0;0;0.00
0.5000;SCP;84181;0;0;0;0.00
0.5000;SCP;84443;0;0;0;0.00
0.5000;SCP;85456;0;0;0;0.00
0.5000;SCP;82157;0;0;0;0.00
0.5000;SCP;82221;0;0;0;0.00
0.5000;SCP;82383;0;0;0;0.00
0.5000;SCP;82464;0;0;0;0.00
0.5000;SCP;83277;0;0;0;0.00
0.5000;SCP;83413;0;0;0;0.00
0.5000;SCP;103733;0;0;0;0.00
0.5000;SCP;103582;0;0;0;0.00
0.5000;SCP;103657;0;0;0;0.00
0.5000;SCP;103742;0;0;0;0.00
0.5000;SCP;103630;0;0;0;0.00
0.5000;SCP;103784;0;0;0;0.00
0.5000;SCP;103746;0;0;0;0.00
0.5000;SCP;103288;0;0;0;0.00
0.5000;SCP;103643;0;0;0;0.00
0.5000;SCP;103939;0;0;0;0.00
0.5000;SCP;103717;0;0;0;0.00
0.5000;SCP;104498;0;0;0;0.00
0.5000;SCP;104221;0;0;0;0.00
0.5000;SCP;101884;0;0;0;0.00
0.5000;SCP;103918;0;0;0;0.00
0.5000;SCP;103955;0;0;0;0.00
0.5000;SCP;103706;0;0;0;0.00
0.5000;SCP;103751;0;0;0;0.00
0.5000;SCP;104158;0;0;0;0.00
0.5000;SCP;103350;0;0;0;0.00
0.5000;KAB;771;0;0;0;0.00
0.5000;KAB;86;0;0;0;0.00
0.5000;KAB;73;0;0;0;0.00
0.5000;KAB;73;0;0;0;0.00
0.5000;KAB;72;0;0;0;0.00
0.5000;KAB;73;0;0;0;0.00
0.5000;KAB;72;0;0;0;0.00
0.5000;KAB;72;0;0;0;0.00
0.5000;KAB;72;0;0;0;0.00
0.5000;KAB;73;0;0;0;0.00
0.5000;KAB;76;0;0;0;0.00
0.5000;KAB;73;0;0;0;0.00
0.5000;KAB;74;0;0;0;0.00
0.5000;KAB;74;0;0;0;0.00
0.5000;KAB;72;0;0;0;0.00
0.5000;KAB;72;0;0;0;0.00
0.5000;KAB;72;0;0;0;0.00
0.5000;KAB;72;0;0;0;0.00
0.5000;KAB;71;0;0;0;0.00
0.5000;KAB;72;0;0;0;0.00
0.5000;KAB;390;0;0;0;0.00
0.5000;KAB;49;0;0;0;0.00
0.5000;KAB;46;0;0;0;0.00
0.5000;KAB;44;0;0;0;0.00
0.5000;KAB;44;0;0;0;0.00
0.5000;KAB;43;0;0;0;0.00
0.5000;KAB;42;0;0;0;0.00
0.5000;KAB;42;0;0;0;0.00
0.5000;KAB;42;0;0;0;0.00
0.5000;KAB;41;0;0;0;0.00
0.5000;KAB;42;0;0;0;0.00
0.5000;KAB;40;0;0;0;0.00
0.5000;KAB;42;0;0;0;0.00
0.5000;KAB;41;0;0;0;0.00
0.5000;KAB;42;0;0;0;0.00
0.5000;KAB;41;0;0;0;0.00
0.5000;KAB;40;0;0;0;0.00
0.5000;KAB;42;0;0;0;0.00
0.5000;KAB;41;0;0;0;0.00
0.5000;KAB;40;0;0;0;0.00
0.5000;BFDC;128;0;0;0;0.87
0.5000;BFDC;127;0;0;0;0.87
0.5000;BFDC;127;0;0;0;0.87
0.5000;BFDC;126;0;0;0;0.87
0.5000;BFDC;126;0;0;0;0.87
0.5000;BFDC;126;0;0;0;0.87
0.5000;BFDC;126;0;0;0;0.87
0.5000;BFDC;131;0;0;0;0.87
0.5000;BFDC;126;0;0;0;0.87
0.5000;BFDC;126;0;0;0;0.87
0.5000;BFDC;126;0;0;0;0.87
0.5000;BFDC;126;0;0;0;0.87
0.5000;BFDC;126;0;0;0;0.87
0.5000;BFDC;126;0;0;0;0.87
0.5000;BFDC;125;0;0;0;0.87
0.5000;BFDC;126;0;0;0;0.87
0.5000;BFDC;126;0;0;0;0.87
0.5000;BFDC;126;0;0;0;0.87
0.5000;BFDC;126;0;0;0;0.87
0.5000;BFDC;126;0;0;0;0.87
0.5000;BFDC;82;0;0;0;0.53
0.5000;BFDC;81;0;0;0;0.53
0.5000;BFDC;81;0;0;0;0.53
0.5000;BFDC;80;0;0;0;0.53
0.5000;BFDC;80;0;0;0;0.53
0.5000;BFDC;80;0;0;0;0.53
0.5000;BFDC;80;0;0;0;0.53
0.5000;BFDC;81;0;0;0;0.53
0.5000;BFDC;80;0;0;0;0.53
0.5000;BFDC;80;0;0;0;0.53
0.5000;BFDC;80;0;0;0;0.53
0.5000;BFDC;80;0;0;0;0.53
0.5000;BFDC;80;0;0;0;0.53
0.5000;BFDC;80;0;0;0;0.53
0.5000;BFDC;80;0;0;0;0.53
0.5000;BFDC;80;0;0;0;0.53
0.5000;BFDC;80;0;0;0;0.53
0.5000;BFDC;80;0;0;0;0.53
0.5000;BFDC;80;0;0;0;0.53
0.5000;BFDC;80;0;0;0;0.53
0.5000;CRA;79;0;0;0;0.49
0.5000;CRA;72;0;0;0;0.49
0.5000;CRA;70;0;0;0;0.49
0.5000;CRA;69;0;0;0;0.49
0.5000;CRA;67;0;0;0;0.49
0.5000;CRA;67;0;0;0;0.49
0.5000;CRA;66;0;0;0;0.49
0.5000;CRA;65;0;0;0;0.49
0.5000;CRA;65;0;0;0;0.49
0.5000;CRA;65;0;0;0;0.49
0.5000;CRA;65;0;0;0;0.49
0.5000;CRA;66;0;0;0;0.49
0.5000;CRA;65;0;0;0;0.49
0.5000;CRA;65;0;0;0;0.49
0.5000;CRA;65;0;0;0;0.49
0.5000;CRA;65;0;0;0;0.49
0.5000;CRA;65;0;0;0;0.49
0.5000;CRA;65;0;0;0;0.49
0.5000;CRA;65;0;0;0;0.49
0.5000;CRA;64;0;0;0;0.49
0.5000;CRA;73;0;0;0;0.35
0.5000;CRA;56;0;0;0;0.35
0.5000;CRA;53;0;0;0;0.35
0.5000;CRA;52;0;0;0;0.35
0.5000;CRA;51;0;0;0;0.35
0.5000;CRA;50;0;0;0;0.35
0.5000;CRA;50;0;0;0;0.35
0.5000;CRA;50;0;0;0;0.35
0.5000;CRA;49;0;0;0;0.35
0.5000;CRA;49;0;0;0;0.35
0.5000;CRA;49;0;0;0;0.35
0.5000;CRA;49;0;0;0;0.35
0.5000;CRA;49;0;0;0;0.35
0.5000;CRA;49;0;0;0;0.35
0.5000;CRA;49;0;0;0;0.35
0.5000;CRA;49;0;0;0;0.35
0.5000;CRA;49;0;0;0;0.35
0.5000;CRA;49;0;0;0;0.35
0.5000;CRA;49;0;0;0;0.35
0.5000;CRA;49;0;0;0;0.35
0.4000;ULT;2000001;0;0;1;577.03
0.4000;ULT;2000001;0;0;1;595.24
0.4000;ULT;2000000;0;0;1;602.30
0.4000;ULT;2000002;0;0;1;586.82
0.4000;ULT;2000000;0;0;1;580.47
0.4000;ULT;2000000;0;0;1;580.45
0.4000;ULT;2000000;0;0;1;580.36
0.4000;ULT;2000000;0;0;1;580.52
0.4000;ULT;2000001;0;0;1;580.50
0.4000;ULT;2000000;0;0;1;580.43
0.4000;ULT;2000000;0;0;1;580.33
0.4000;ULT;2000001;0;0;1;580.38
0.4000;ULT;2000000;0;0;1;580.69
0.4000;ULT;2000001;0;0;1;580.29
0.4000;ULT;2000000;0;0;1;580.37
0.4000;ULT;2000000;0;0;1;580.24
0.4000;ULT;2000001;0;0;1;580.28
0.4000;ULT;2000000;0;0;1;580.33
0.4000;ULT;2000000;0;0;1;580.20
0.4000;ULT;2000000;0;0;1;580.06
0.4000;ULT;1989170;0;0;0;581.87
0.4000;ULT;1989876;0;0;0;581.87
0.4000;ULT;1989619;0;0;0;581.87
0.4000;ULT;1989968;0;0;0;581.87
0.4000;ULT;1988656;0;0;0;581.87
0.4000;ULT;1988544;0;0;0;581.87
0.4000;ULT;1988243;0;0;0;581.87
0.4000;ULT;1988029;0;0;0;581.87
0.4000;ULT;1987220;0;0;0;581.87
0.4000;ULT;1986003;0;0;0;581.87
0.4000;ULT;1987191;0;0;0;581.87
0.4000;ULT;1986378;0;0;0;581.87
0.4000;ULT;1986223;0;0;0;581.87
0.4000;ULT;1985747;0;0;0;581.87
0.4000;ULT;1985235;0;0;0;581.87
0.4000;ULT;1985682;0;0;0;581.87
0.4000;ULT;1965350;0;0;0;581.87
0.4000;ULT;1968393;0;0;0;581.87
0.4000;ULT;1924695;0;0;0;581.87
0.4000;ULT;1923153;0;0;0;581.87
0.4000;RULT;110;0;0;0;1.21
0.4000;RULT;108;0;0;0;1.21
0.4000;RULT;109;0;0;0;1.21
0.4000;RULT;108;0;0;0;1.21
0.4000;RULT;109;0;0;0;1.21
0.4000;RULT;109;0;0;0;1.21
0.4000;RULT;108;0;0;0;1.21
0.4000;RULT;108;0;0;0;1.21
0.4000;RULT;109;0;0;0;1.21
0.4000;RULT;108;0;0;0;1.21
0.4000;RULT;108;0;0;0;1.21
0.4000;RULT;108;0;0;0;1.21
0.4000;RULT;108;0;0;0;1.21
0.4000;RULT;109;0;0;0;1.21
0.4000;RULT;108;0;0;0;1.21
0.4000;RULT;109;0;0;0;1.21
0.4000;RULT;108;0;0;0;1.21
0.4000;RULT;109;0;0;0;1.21
0.4000;RULT;108;0;0;0;1.21
0.4000;RULT;114;0;0;0;1.21
0.4000;RULT;54;0;0;0;0.58
0.4000;RULT;53;0;0;0;0.58
0.4000;RULT;53;0;0;0;0.58
0.4000;RULT;53;0;0;0;0.58
0.4000;RULT;53;0;0;0;0.58
0.4000;RULT;53;0;0;0;0.58
0.4000;RULT;53;0;0;0;0.58
0.4000;RULT;53;0;0;0;0.58
0.4000;RULT;53;0;0;0;0.58
0.4000;RULT;53;0;0;0;0.58
0.4000;RULT;53;0;0;0;0.58
0.4000;RULT;53;0;0;0;0.58
0.4000;RULT;53;0;0;0;0.58
0.4000;RULT;53;0;0;0;0.58
0.4000;RULT;53;0;0;0;0.58
0.4000;RULT;53;0;0;0;0.58
0.4000;RULT;53;0;0;0;0.58
0.4000;RULT;53;0;0;0;0.58
0.4000;RULT;53;0;0;0;0.58
0.4000;RULT;53;0;0;0;0.58
0.4000;ILP;22439;0;0;0;0.00
0.4000;ILP;21647;0;0;0;0.00
0.4000;ILP;22256;0;0;0;0.00
0.4000;ILP;22046;0;0;0;0.00
0.4000;ILP;21863;0;0;0;0.00
0.4000;ILP;21769;0;0;0;0.00
0.4000;ILP;22558;0;0;0;0.00
0.4000;ILP;21170;0;0;0;0.00
0.4000;ILP;20738;0;0;0;0.00
0.4000;ILP;21027;0;0;0;0.00
0.4000;ILP;21006;0;0;0;0.00
0.4000;ILP;20868;0;0;0;0.00
0.4000;ILP;20936;0;0;0;0.00
0.4000;ILP;21024;0;0;0;0.00
0.4000;ILP;20630;0;0;0;0.00
0.4000;ILP;22042;0;0;0;0.00
0.4000;ILP;22762;0;0;0;0.00
0.4000;ILP;22055;0;0;0;0.00
0.4000;ILP;22204;0;0;0;0.00
0.4000;ILP;22034;0;0;0;0.00
0.4000;ILP;22395;0;0;0;0.00
0.4000;ILP;20665;0;0;0;0.00
0.4000;ILP;21233;0;0;0;0.00
0.4000;ILP;21516;0;0;0;0.00
0.4000;ILP;21961;0;0;0;0.00
0.4000;ILP;21943;0;0;0;0.00
0.4000;ILP;20523;0;0;0;0.00
0.4000;ILP;20451;0;0;0;0.00
0.4000;ILP;21000;0;0;0;0.00
0.4000;ILP;20392;0;0;0;0.00
0.4000;ILP;20604;0;0;0;0.00
0.4000;ILP;20634;0;0;0;0.00
0.4000;ILP;20419;0;0;0;0.00
0.4000;ILP;20590;0;0;0;0.00
0.4000;ILP;21438;0;0;0;0.00
0.4000;ILP;22054;0;0;0;0.00
0.4000;ILP;21931;0;0;0;0.00
0.4000;ILP;20511;0;0;0;0.00
0.4000;ILP;21372;0;0;0;0.00
0.4000;ILP;21119;0;0;0;0.00
0.4000;CP;172978;0;0;0;0.00
0.4000;CP;172697;0;0;0;0.00
0.4000;CP;173012;0;0;0;0.00
0.4000;CP;173705;0;0;0;0.00
0.4000;CP;174848;0;0;0;0.00
0.4000;CP;172798;0;0;0;0.00
0.4000;CP;173024;0;0;0;0.00
0.4000;CP;172598;0;0;0;0.00
0.4000;CP;172670;0;0;0;0.00
0.4000;CP;171818;0;0;0;0.00
0.4000;CP;158864;0;0;0;0.00
0.4000;CP;187606;0;0;0;0.00
0.4000;CP;164633;0;0;0;0.00
0.4000;CP;187818;0;0;0;0.00
0.4000;CP;199858;0;0;0;0.00
0.4000;CP;239027;0;0;0;0.00
0.4000;CP;176635;0;0;0;0.00
0.4000;CP;174300;0;0;0;0.00
0.4000;CP;174094;0;0;0;0.00
0.4000;CP;173914;0;0;0;0.00
0.4000;CP;117605;0;0;0;0.00
0.4000;CP;113511;0;0;0;0.00
0.4000;CP;145264;0;0;0;0.00
0.4000;CP;105359;0;0;0;0.00
0.4000;CP;97644;0;0;0;0.00
0.4000;CP;97040;0;0;0;0.00
0.4000;CP;97196;0;0;0;0.00
0.4000;CP;97496;0;0;0;0.00
0.4000;CP;97439;0;0;0;0.00
0.4000;CP;97223;0;0;0;0.00
0.4000;CP;99245;0;0;0;0.00
0.4000;CP;97049;0;0;0;0.00
0.4000;CP;96895;0;0;0;0.00
0.4000;CP;97021;0;0;0;0.00
0.4000;CP;96585;0;0;0;0.00
0.4000;CP;93407;0;0;0;0.00
0.4000;CP;88219;0;0;0;0.00
0.4000;CP;87711;0;0;0;0.00
0.4000;CP;94393;0;0;0;0.00
0.4000;CP;97476;0;0;0;0.00
0.4000;SCP;100822;0;0;0;0.00
0.4000;SCP;99589;0;0;0;0.00
0.4000;SCP;99587;0;0;0;0.00
0.4000;SCP;99459;0;0;0;0.00
0.4000;SCP;99605;0;0;0;0.00
0.4000;SCP;99519;0;0;0;0.00
0.4000;SCP;98117;0;0;0;0.00
0.4000;SCP;94219;0;0;0;0.00
0.4000;SCP;94034;0;0;0;0.00
0.4000;SCP;97884;0;0;0;0.00
0.4000;SCP;100735;0;0;0;0.00
0.4000;SCP;100035;0;0;0;0.00
0.4000;SCP;99608;0;0;0;0.00
0.4000;SCP;99698;0;0;0;0.00
0.4000;SCP;99719;0;0;0;0.00
0.4000;SCP;99696;0;0;0;0.00
0.4000;SCP;99762;0;0;0;0.00
0.4000;SCP;99632;0;0;0;0.00
0.4000;SCP;99570;0;0;0;0.00
0.4000;SCP;99746;0;0;0;0.00
0.4000;SCP;104418;0;0;0;0.00
0.4000;SCP;83346;0;0;0;0.00
0.4000;SCP;83217;0;0;0;0.00
0.4000;SCP;83333;0;0;0;0.00
0.4000;SCP;83053;0;0;0;0.00
0.4000;SCP;83400;0;0;0;0.00
0.4000;SCP;83381;0;0;0;0.00
0.4000;SCP;83149;0;0;0;0.00
0.4000;SCP;82957;0;0;0;0.00
0.4000;SCP;83068;0;0;0;0.00
0.4000;SCP;83197;0;0;0;0.00
0.4000;SCP;83319;0;0;0;0.00
0.4000;SCP;83038;0;0;0;0.00
0.4000;SCP;83172;0;0;0;0.00
0.4000;SCP;83090;0;0;0;0.00
0.4000;SCP;83210;0;0;0;0.00
0.4000;SCP;83166;0;0;0;0.00
0.4000;SCP;83106;0;0;0;0.00
0.4000;SCP;83477;0;0;0;0.00
0.4000;SCP;83217;0;0;0;0.00
0.4000;KAB;472;0;0;0;0.00
0.4000;KAB;126;0;0;0;0.00
0.4000;KAB;133;0;0;0;0.00
0.4000;KAB;120;0;0;0;0.00
0.4000;KAB;119;0;0;0;0.00
0.4000;KAB;119;0;0;0;0.00
0.4000;KAB;118;0;0;0;0.00
0.4000;KAB;118;0;0;0;0.00
0.4000;KAB;118;0;0;0;0.00
0.4000;KAB;119;0;0;0;0.00
0.4000;KAB;117;0;0;0;0.00
0.4000;KAB;117;0;0;0;0.00
0.4000;KAB;118;0;0;0;0.00
0.4000;KAB;117;0;0;0;0.00
0.4000;KAB;118;0;0;0;0.00
0.4000;KAB;118;0;0;0;0.00
0.4000;KAB;118;0;0;0;0.00
0.4000;KAB;118;0;0;0;0.00
0.4000;KAB;118;0;0;0;0.00
0.4000;KAB;115;0;0;0;0.00
0.4000;KAB;451;0;0;0;0.00
0.4000;KAB;91;0;0;0;0.00
0.4000;KAB;90;0;0;0;0.00
0.4000;KAB;87;0;0;0;0.00
0.4000;KAB;86;0;0;0;0.00
0.4000;KAB;86;0;0;0;0.00
0.4000;KAB;87;0;0;0;0.00
0.4000;KAB;88;0;0;0;0.00
0.4000;KAB;92;0;0;0;0.00
0.4000;KAB;92;0;0;0;0.00
0.4000;KAB;91;0;0;0;0.00
0.4000;KAB;93;0;0;0;0.00
0.4000;KAB;91;0;0;0;0.00
0.4000;KAB;93;0;0;0;0.00
0.4000;KAB;93;0;0;0;0.00
0.4000;KAB;92;0;0;0;0.00
0.4000;KAB;92;0;0;0;0.00
0.4000;KAB;92;0;0;0;0.00
0.4000;KAB;91;0;0;0;0.00
0.4000;KAB;90;0;0;0;0.00
0.4000;BFDC;223;0;0;0;1.48
0.4000;BFDC;222;0;0;0;1.48
0.4000;BFDC;222;0;0;0;1.48
0.4000;BFDC;222;0;0;0;1.48
0.4000;BFDC;222;0;0;0;1.48
0.4000;BFDC;222;0;0;0;1.48
0.4000;BFDC;222;0;0;0;1.48
0.4000;BFDC;221;0;0;0;1.48
0.4000;BFDC;221;0;0;0;1.48
0.4000;BFDC;223;0;0;0;1.48
0.4000;BFDC;222;0;0;0;1.48
0.4000;BFDC;221;0;0;0;1.48
0.4000;BFDC;221;0;0;0;1.48
0.4000;BFDC;221;0;0;0;1.48
0.4000;BFDC;221;0;0;0;1.48
0.4000;BFDC;220;0;0;0;1.48
0.4000;BFDC;221;0;0;0;1.48
0.4000;BFDC;220;0;0;0;1.48
0.4000;BFDC;221;0;0;0;1.48
0.4000;BFDC;221;0;0;0;1.48
0.4000;BFDC;99;0;0;0;0.64
0.4000;BFDC;98;0;0;0;0.64
0.4000;BFDC;97;0;0;0;0.64
0.4000;BFDC;97;0;0;0;0.64
0.4000;BFDC;97;0;0;0;0.64
0.4000;BFDC;97;0;0;0;0.64
0.4000;BFDC;97;0;0;0;0.64
0.4000;BFDC;97;0;0;0;0.64
0.4000;BFDC;97;0;0;0;0.64
0.4000;BFDC;97;0;0;0;0.64
0.4000;BFDC;97;0;0;0;0.64
0.4000;BFDC;97;0;0;0;0.64
0.4000;BFDC;97;0;0;0;0.64
0.4000;BFDC;97;0;0;0;0.64
0.4000;BFDC;97;0;0;0;0.64
0.4000;BFDC;97;0;0;0;0.64
0.4000;BFDC;96;0;0;0;0.64
0.4000;BFDC;102;0;0;0;0.64
0.4000;BFDC;98;0;0;0;0.64
0.4000;BFDC;98;0;0;0;0.64
0.4000;CRA;146;0;0;0;0.92
0.4000;CRA;119;0;0;0;0.92
0.4000;CRA;117;0;0;0;0.92
0.4000;CRA;117;0;0;0;0.92
0.4000;CRA;116;0;0;0;0.92
0.4000;CRA;116;0;0;0;0.92
0.4000;CRA;115;0;0;0;0.92
0.4000;CRA;115;0;0;0;0.92
0.4000;CRA;114;0;0;0;0.92
0.4000;CRA;114;0;0;0;0.92
0.4000;CRA;115;0;0;0;0.92
0.4000;CRA;115;0;0;0;0.92
0.4000;CRA;114;0;0;0;0.92
0.4000;CRA;114;0;0;0;0.92
0.4000;CRA;114;0;0;0;0.92
0.4000;CRA;114;0;0;0;0.92
0.4000;CRA;114;0;0;0;0.92
0.4000;CRA;114;0;0;0;0.92
0.4000;CRA;113;0;0;0;0.92
0.4000;CRA;125;0;0;0;0.92
0.4000;CRA;92;0;0;0;0.47
0.4000;CRA;70;0;0;0;0.47
0.4000;CRA;68;0;0;0;0.47
0.4000;CRA;67;0;0;0;0.47
0.4000;CRA;65;0;0;0;0.47
0.4000;CRA;64;0;0;0;0.47
0.4000;CRA;63;0;0;0;0.47
0.4000;CRA;63;0;0;0;0.47
0.4000;CRA;63;0;0;0;0.47
0.4000;CRA;62;0;0;0;0.47
0.4000;CRA;62;0;0;0;0.47
0.4000;CRA;62;0;0;0;0.47
0.4000;CRA;62;0;0;0;0.47
0.4000;CRA;62;0;0;0;0.47
0.4000;CRA;61;0;0;0;0.47
0.4000;CRA;61;0;0;0;0.47
0.4000;CRA;61;0;0;0;0.47
0.4000;CRA;62;0;0;0;0.47
0.4000;CRA;62;0;0;0;0.47
0.4000;CRA;61;0;0;0;0.47
0.9000;ULT;2000001;0;0;1;575.05
0.9000;ULT;2000000;0;0;1;581.07
0.9000;ULT;2000000;0;0;1;575.12
0.9000;ULT;2000000;0;0;1;581.58
0.9000;ULT;2000001;0;0;1;575.05
0.9000;ULT;2000000;0;0;1;582.01
0.9000;ULT;2000001;0;0;1;575.42
0.9000;ULT;2000001;0;0;1;582.59
0.9000;ULT;2000001;0;0;1;594.06
0.9000;ULT;2000001;0;0;1;583.69
0.9000;ULT;2000002;0;0;1;597.38
0.9000;ULT;2000001;0;0;1;595.20
0.9000;ULT;2000001;0;0;1;577.93
0.9000;ULT;2000001;0;0;1;575.25
0.9000;ULT;2000001;0;0;1;579.59
0.9000;ULT;2000001;0;0;1;582.21
0.9000;ULT;2000001;0;0;1;578.71
0.9000;ULT;2000001;0;0;1;575.92
0.9000;ULT;2000000;0;0;1;575.18
0.9000;ULT;2000001;0;0;1;581.88
0.9000;ULT;1567749;0;0;0;457.31
0.9000;ULT;1558024;0;0;0;457.31
0.9000;ULT;1549623;0;0;0;457.31
0.9000;ULT;1576174;0;0;0;457.31
0.9000;ULT;1575055;0;0;0;457.31
0.9000;ULT;1569785;0;0;0;457.31
0.9000;ULT;1562819;0;0;0;457.31
0.9000;ULT;1546475;0;0;0;457.31
0.9000;ULT;1574993;0;0;0;457.31
0.9000;ULT;1579969;0;0;0;457.31
0.9000;ULT;1519604;0;0;0;457.31
0.9000;ULT;1553430;0;0;0;457.31
0.9000;ULT;1557769;0;0;0;457.31
0.9000;ULT;1555127;0;0;0;457.31
0.9000;ULT;1526781;0;0;0;457.31
0.9000;ULT;1513578;0;0;0;457.31
0.9000;ULT;1501553;0;0;0;457.31
0.9000;ULT;1479419;0;0;0;457.31
0.9000;ULT;1476645;0;0;0;457.31
0.9000;ULT;1475981;0;0;0;457.31
0.9000;RULT;143;0;0;0;1.49
0.9000;RULT;142;0;0;0;1.49
0.9000;RULT;142;0;0;0;1.49
0.9000;RULT;142;0;0;0;1.49
0.9000;RULT;141;0;0;0;1.49
0.9000;RULT;142;0;0;0;1.49
0.9000;RULT;142;0;0;0;1.49
0.9000;RULT;142;0;0;0;1.49
0.9000;RULT;142;0;0;0;1.49
0.9000;RULT;142;0;0;0;1.49
0.9000;RULT;141;0;0;0;1.49
0.9000;RULT;142;0;0;0;1.49
0.9000;RULT;141;0;0;0;1.49
0.9000;RULT;142;0;0;0;1.49
0.9000;RULT;142;0;0;0;1.49
0.9000;RULT;142;0;0;0;1.49
0.9000;RULT;142;0;0;0;1.49
0.9000;RULT;142;0;0;0;1.49
0.9000;RULT;142;0;0;0;1.49
0.9000;RULT;142;0;0;0;1.49
0.9000;RULT;35;0;0;0;0.31
0.9000;RULT;34;0;0;0;0.31
0.9000;RULT;34;0;0;0;0.31
0.9000;RULT;34;0;0;0;0.31
0.9000;RULT;34;0;0;0;0.31
0.9000;RULT;34;0;0;0;0.31
0.9000;RULT;34;0;0;0;0.31
0.9000;RULT;34;0;0;0;0.31
0.9000;RULT;34;0;0;0;0.31
0.9000;RULT;34;0;0;0;0.31
0.9000;RULT;34;0;0;0;0.31
0.9000;RULT;34;0;0;0;0.31
0.9000;RULT;34;0;0;0;0.31
0.9000;RULT;34;0;0;0;0.31
0.9000;RULT;34;0;0;0;0.31
0.9000;RULT;34;0;0;0;0.31
0.9000;RULT;34;0;0;0;0.31
0.9000;RULT;34;0;0;0;0.31
0.9000;RULT;34;0;0;0;0.31
0.9000;RULT;34;0;0;0;0.31
0.9000;ILP;34451;0;0;0;0.00
0.9000;ILP;34778;0;0;0;0.00
0.9000;ILP;34847;0;0;0;0.00
0.9000;ILP;35099;0;0;0;0.00
0.9000;ILP;34421;0;0;0;0.00
0.9000;ILP;34761;0;0;0;0.00
0.9000;ILP;34792;0;0;0;0.00
0.9000;ILP;34870;0;0;0;0.00
0.9000;ILP;34648;0;0;0;0.00
0.9000;ILP;36089;0;0;0;0.00
0.9000;ILP;35485;0;0;0;0.00
0.9000;ILP;35743;0;0;0;0.00
0.9000;ILP;35465;0;0;0;0.00
0.9000;ILP;35380;0;0;0;0.00
0.9000;ILP;35275;0;0;0;0.00
0.9000;ILP;34666;0;0;0;0.00
0.9000;ILP;35330;0;0;0;0.00
0.9000;ILP;34306;0;0;0;0.00
0.9000;ILP;34131;0;0;0;0.00
0.9000;ILP;33991;0;0;0;0.00
0.9000;ILP;34715;0;0;0;0.00
0.9000;ILP;34626;0;0;0;0.00
0.9000;ILP;34599;0;0;0;0.00
0.9000;ILP;34465;0;0;0;0.00
0.9000;ILP;34563;0;0;0;0.00
0.9000;ILP;34519;0;0;0;0.00
0.9000;ILP;34379;0;0;0;0.00
0.9000;ILP;34481;0;0;0;0.00
0.9000;ILP;34487;0;0;0;0.00
0.9000;ILP;34611;0;0;0;0.00
0.9000;ILP;34702;0;0;0;0.00
0.9000;ILP;34556;0;0;0;0.00
0.9000;ILP;35538;0;0;0;0.00
0.9000;ILP;34611;0;0;0;0.00
0.9000;ILP;34617;0;0;0;0.00
0.9000;ILP;34542;0;0;0;0.00
0.9000;ILP;34614;0;0;0;0.00
0.9000;ILP;34523;0;0;0;0.00
0.9000;ILP;34512;0;0;0;0.00
0.9000;ILP;34526;0;0;0;0.00
0.9000;CP;291380;0;0;0;0.00
0.9000;CP;303981;0;0;0;0.00
0.9000;CP;301907;0;0;0;0.00
0.9000;CP;302878;0;0;0;0.00
0.9000;CP;301631;0;0;0;0.00
0.9000;CP;253686;0;0;0;0.00
0.9000;CP;296918;0;0;0;0.00
0.9000;CP;303665;0;0;0;0.00
0.9000;CP;299819;0;0;0;0.00
0.9000;CP;301837;0;0;0;0.00
0.9000;CP;298231;0;0;0;0.00
0.9000;CP;250596;0;0;0;0.00
0.9000;CP;298438;0;0;0;0.00
0.9000;CP;303796;0;0;0;0.00
0.9000;CP;302787;0;0;0;0.00
0.9000;CP;301714;0;0;0;0.00
0.9000;CP;300302;0;0;0;0.00
0.9000;CP;246866;0;0;0;0.00
0.9000;CP;300327;0;0;0;0.00
0.9000;CP;302458;0;0;0;0.00
0.9000;CP;133793;0;0;0;0.00
0.9000;CP;137258;0;0;0;0.00
0.9000;CP;136477;0;0;0;0.00
0.9000;CP;138321;0;0;0;0.00
0.9000;CP;136844;0;0;0;0.00
0.9000;CP;137324;0;0;0;0.00
0.9000;CP;136982;0;0;0;0.00
0.9000;CP;137483;0;0;0;0.00
0.9000;CP;137607;0;0;0;0.00
0.9000;CP;136579;0;0;0;0.00
0.9000;CP;135901;0;0;0;0.00
0.9000;CP;136101;0;0;0;0.00
0.9000;CP;137509;0;0;0;0.00
0.9000;CP;138048;0;0;0;0.00
0.9000;CP;135859;0;0;0;0.00
0.9000;CP;137847;0;0;0;0.00
0.9000;CP;137880;0;0;0;0.00
0.9000;CP;137228;0;0;0;0.00
0.9000;CP;136809;0;0;0;0.00
0.9000;CP;136955;0;0;0;0.00
0.9000;SCP;192015;0;0;0;0.00
0.9000;SCP;191036;0;0;0;0.00
0.9000;SCP;191026;0;0;0;0.00
0.9000;SCP;191040;0;0;0;0.00
0.9000;SCP;188375;0;0;0;0.00
0.9000;SCP;184807;0;0;0;0.00
0.9000;SCP;190580;0;0;0;0.00
0.9000;SCP;190946;0;0;0;0.00
0.9000;SCP;190936;0;0;0;0.00
0.9000;SCP;191959;0;0;0;0.00
0.9000;SCP;191959;0;0;0;0.00
0.9000;SCP;191133;0;0;0;0.00
0.9000;SCP;191340;0;0;0;0.00
0.9000;SCP;190087;0;0;0;0.00
0.9000;SCP;183365;0;0;0;0.00
0.9000;SCP;189489;0;0;0;0.00
0.9000;SCP;191392;0;0;0;0.00
0.9000;SCP;191131;0;0;0;0.00
0.9000;SCP;191091;0;0;0;0.00
0.9000;SCP;191059;0;0;0;0.00
0.9000;SCP;148620;0;0;0;0.00
0.9000;SCP;147802;0;0;0;0.00
0.9000;SCP;149958;0;0;0;0.00
0.9000;SCP;148300;0;0;0;0.00
0.9000;SCP;147800;0;0;0;0.00
0.9000;SCP;148077;0;0;0;0.00
0.9000;SCP;148028;0;0;0;0.00
0.9000;SCP;148043;0;0;0;0.00
0.9000;SCP;148248;0;0;0;0.00
0.9000;SCP;148772;0;0;0;0.00
0.9000;SCP;148045;0;0;0;0.00
0.9000;SCP;148146;0;0;0;0.00
0.9000;SCP;148533;0;0;0;0.00
0.9000;SCP;148098;0;0;0;0.00
0.9000;SCP;147895;0;0;0;0.00
0.9000;SCP;149177;0;0;0;0.00
0.9000;SCP;148563;0;0;0;0.00
0.9000;SCP;147962;0;0;0;0.00
0.9000;SCP;147848;0;0;0;0.00
0.9000;SCP;148006;0;0;0;0.00
0.9000;KAB;509;0;0;0;0.00
0.9000;KAB;178;0;0;0;0.00
0.9000;KAB;172;0;0;0;0.00
0.9000;KAB;172;0;0;0;0.00
0.9000;KAB;170;0;0;0;0.00
0.9000;KAB;170;0;0;0;0.00
0.9000;KAB;169;0;0;0;0.00
0.9000;KAB;170;0;0;0;0.00
0.9000;KAB;169;0;0;0;0.00
0.9000;KAB;170;0;0;0;0.00
0.9000;KAB;169;0;0;0;0.00
0.9000;KAB;171;0;0;0;0.00
0.9000;KAB;169;0;0;0;0.00
0.9000;KAB;169;0;0;0;0.00
0.9000;KAB;169;0;0;0;0.00
0.9000;KAB;170;0;0;0;0.00
0.9000;KAB;169;0;0;0;0.00
0.9000;KAB;168;0;0;0;0.00
0.9000;KAB;168;0;0;0;0.00
0.9000;KAB;170;0;0;0;0.00
0.9000;KAB;434;0;0;0;0.00
0.9000;KAB;102;0;0;0;0.00
0.9000;KAB;101;0;0;0;0.00
0.9000;KAB;100;0;0;0;0.00
0.9000;KAB;100;0;0;0;0.00
0.9000;KAB;100;0;0;0;0.00
0.9000;KAB;100;0;0;0;0.00
0.9000;KAB;100;0;0;0;0.00
0.9000;KAB;99;0;0;0;0.00
0.9000;KAB;99;0;0;0;0.00
0.9000;KAB;100;0;0;0;0.00
0.9000;KAB;100;0;0;0;0.00
0.9000;KAB;99;0;0;0;0.00
0.9000;KAB;99;0;0;0;0.00
0.9000;KAB;100;0;0;0;0.00
0.9000;KAB;99;0;0;0;0.00
0.9000;KAB;99;0;0;0;0.00
0.9000;KAB;99;0;0;0;0.00
0.9000;KAB;100;0;0;0;0.00
0.9000;KAB;100;0;0;0;0.00
0.9000;BFDC;311;0;0;0;2.21
0.9000;BFDC;308;0;0;0;2.21
0.9000;BFDC;307;0;0;0;2.21
0.9000;BFDC;302;0;0;0;2.21
0.9000;BFDC;301;0;0;0;2.21
0.9000;BFDC;301;0;0;0;2.21
0.9000;BFDC;300;0;0;0;2.21
0.9000;BFDC;300;0;0;0;2.21
0.9000;BFDC;301;0;0;0;2.21
0.9000;BFDC;300;0;0;0;2.21
0.9000;BFDC;300;0;0;0;2.21
0.9000;BFDC;301;0;0;0;2.21
0.9000;BFDC;301;0;0;0;2.21
0.9000;BFDC;300;0;0;0;2.21
0.9000;BFDC;301;0;0;0;2.21
0.9000;BFDC;300;0;0;0;2.21
0.9000;BFDC;300;0;0;0;2.21
0.9000;BFDC;299;0;0;0;2.21
0.9000;BFDC;301;0;0;0;2.21
0.9000;BFDC;305;0;0;0;2.21
0.9000;BFDC;56;0;0;0;0.35
0.9000;BFDC;54;0;0;0;0.35
0.9000;BFDC;54;0;0;0;0.35
0.9000;BFDC;54;0;0;0;0.35
0.9000;BFDC;54;0;0;0;0.35
0.9000;BFDC;54;0;0;0;0.35
0.9000;BFDC;54;0;0;0;0.35
0.9000;BFDC;54;0;0;0;0.35
0.9000;BFDC;54;0;0;0;0.35
0.9000;BFDC;54;0;0;0;0.35
0.9000;BFDC;54;0;0;0;0.35
0.9000;BFDC;54;0;0;0;0.35
0.9000;BFDC;54;0;0;0;0.35
0.9000;BFDC;54;0;0;0;0.35
0.9000;BFDC;54;0;0;0;0.35
0.9000;BFDC;54;0;0;0;0.35
0.9000;BFDC;54;0;0;0;0.35
0.9000;BFDC;54;0;0;0;0.35
0.9000;BFDC;54;0;0;0;0.35
0.9000;BFDC;54;0;0;0;0.35
0.9000;CRA;215;0;0;0;1.27
0.9000;CRA;170;0;0;0;1.27
0.9000;CRA;168;0;0;0;1.27
0.9000;CRA;167;0;0;0;1.27
0.9000;CRA;167;0;0;0;1.27
0.9000;CRA;167;0;0;0;1.27
0.9000;CRA;167;0;0;0;1.27
0.9000;CRA;166;0;0;0;1.27
0.9000;CRA;166;0;0;0;1.27
0.9000;CRA;166;0;0;0;1.27
0.9000;CRA;167;0;0;0;1.27
0.9000;CRA;173;0;0;0;1.27
0.9000;CRA;166;0;0;0;1.27
0.9000;CRA;167;0;0;0;1.27
0.9000;CRA;166;0;0;0;1.27
0.9000;CRA;166;0;0;0;1.27
0.9000;CRA;166;0;0;0;1.27
0.9000;CRA;166;0;0;0;1.27
0.9000;CRA;166;0;0;0;1.27
0.9000;CRA;166;0;0;0;1.27
0.9000;CRA;48;0;0;0;0.23
0.9000;CRA;42;0;0;0;0.23
0.9000;CRA;40;0;0;0;0.23
0.9000;CRA;39;0;0;0;0.23
0.9000;CRA;38;0;0;0;0.23
0.9000;CRA;38;0;0;0;0.23
0.9000;CRA;38;0;0;0;0.23
0.9000;CRA;38;0;0;0;0.23
0.9000;CRA;38;0;0;0;0.23
0.9000;CRA;38;0;0;0;0.23
0.9000;CRA;38;0;0;0;0.23
0.9000;CRA;38;0;0;0;0.23
0.9000;CRA;38;0;0;0;0.23
0.9000;CRA;38;0;0;0;0.23
0.9000;CRA;38;0;0;0;0.23
0.9000;CRA;38;0;0;0;0.23
0.9000;CRA;38;0;0;0;0.23
0.9000;CRA;38;0;0;0;0.23
0.9000;CRA;38;0;0;0;0.23
0.9000;CRA;38;0;0;0;0.23
0.7000;ULT;389736;0;0;0;119.19
0.7000;ULT;389740;0;0;0;119.19
0.7000;ULT;390360;0;0;0;119.19
0.7000;ULT;389675;0;0;0;119.19
0.7000;ULT;391663;0;0;0;119.19
0.7000;ULT;396388;0;0;0;119.19
0.7000;ULT;398882;0;0;0;119.19
0.7000;ULT;397878;0;0;0;119.19
0.7000;ULT;397679;0;0;0;119.19
0.7000;ULT;391439;0;0;0;119.19
0.7000;ULT;390390;0;0;0;119.19
0.7000;ULT;391011;0;0;0;119.19
0.7000;ULT;391469;0;0;0;119.19
0.7000;ULT;385163;0;0;0;119.19
0.7000;ULT;385369;0;0;0;119.19
0.7000;ULT;386999;0;0;0;119.19
0.7000;ULT;404300;0;0;0;119.19
0.7000;ULT;394558;0;0;0;119.19
0.7000;ULT;403313;0;0;0;119.19
0.7000;ULT;400770;0;0;0;119.19
0.7000;ULT;155694;0;0;0;46.37
0.7000;ULT;155410;0;0;0;46.37
0.7000;ULT;149463;0;0;0;46.37
0.7000;ULT;156870;0;0;0;46.37
0.7000;ULT;155740;0;0;0;46.37
0.7000;ULT;155502;0;0;0;46.37
0.7000;ULT;155382;0;0;0;46.37
0.7000;ULT;149462;0;0;0;46.37
0.7000;ULT;155767;0;0;0;46.37
0.7000;ULT;155796;0;0;0;46.37
0.7000;ULT;155160;0;0;0;46.37
0.7000;ULT;155455;0;0;0;46.37
0.7000;ULT;149605;0;0;0;46.37
0.7000;ULT;155801;0;0;0;46.37
0.7000;ULT;155649;0;0;0;46.37
0.7000;ULT;155444;0;0;0;46.37
0.7000;ULT;155338;0;0;0;46.37
0.7000;ULT;150945;0;0;0;46.37
0.7000;ULT;155760;0;0;0;46.37
0.7000;ULT;155688;0;0;0;46.37
0.7000;RULT;30;0;0;0;0.26
0.7000;RULT;30;0;0;0;0.26
0.7000;RULT;30;0;0;0;0.26
0.7000;RULT;30;0;0;0;0.26
0.7000;RULT;30;0;0;0;0.26
0.7000;RULT;30;0;0;0;0.26
0.7000;RULT;30;0;0;0;0.26
0.7000;RULT;30;0;0;0;0.26
0.7000;RULT;30;0;0;0;0.26
0.7000;RULT;30;0;0;0;0.26
0.7000;RULT;29;0;0;0;0.26
0.7000;RULT;30;0;0;0;0.26
0.7000;RULT;30;0;0;0;0.26
0.7000;RULT;30;0;0;0;0.26
0.7000;RULT;30;0;0;0;0.26
0.7000;RULT;29;0;0;0;0.26
0.7000;RULT;30;0;0;0;0.26
0.7000;RULT;29;0;0;0;0.26
0.7000;RULT;30;0;0;0;0.26
0.7000;RULT;30;0;0;0;0.26
0.7000;RULT;39;0;0;0;0.37
0.7000;RULT;38;0;0;0;0.37
0.7000;RULT;38;0;0;0;0.37
0.7000;RULT;39;0;0;0;0.37
0.7000;RULT;38;0;0;0;0.37
0.7000;RULT;38;0;0;0;0.37
0.7000;RULT;39;0;0;0;0.37
0.7000;RULT;39;0;0;0;0.37
0.7000;RULT;38;0;0;0;0.37
0.7000;RULT;39;0;0;0;0.37
0.7000;RULT;38;0;0;0;0.37
0.7000;RULT;39;0;0;0;0.37
0.7000;RULT;38;0;0;0;0.37
0.7000;RULT;38;0;0;0;0.37
0.7000;RULT;38;0;0;0;0.37
0.7000;RULT;38;0;0;0;0.37
0.7000;RULT;39;0;0;0;0.37
0.7000;RULT;38;0;0;0;0.37
0.7000;RULT;38;0;0;0;0.37
0.7000;RULT;39;0;0;0;0.37
0.7000;ILP;30254;0;0;0;0.00
0.7000;ILP;30654;0;0;0;0.00
0.7000;ILP;30093;0;0;0;0.00
0.7000;ILP;30917;0;0;0;0.00
0.7000;ILP;30065;0;0;0;0.00
0.7000;ILP;29664;0;0;0;0.00
0.7000;ILP;30178;0;0;0;0.00
0.7000;ILP;29675;0;0;0;0.00
0.7000;ILP;30322;0;0;0;0.00
0.7000;ILP;30162;0;0;0;0.00
0.7000;ILP;30291;0;0;0;0.00
0.7000;ILP;30239;0;0;0;0.00
0.7000;ILP;29881;0;0;0;0.00
0.7000;ILP;29737;0;0;0;0.00
0.7000;ILP;30748;0;0;0;0.00
0.7000;ILP;30706;0;0;0;0.00
0.7000;ILP;30217;0;0;0;0.00
0.7000;ILP;30172;0;0;0;0.00
0.7000;ILP;30157;0;0;0;0.00
0.7000;ILP;30203;0;0;0;0.00
0.7000;ILP;30573;0;0;0;0.00
0.7000;ILP;30238;0;0;0;0.00
0.7000;ILP;30158;0;0;0;0.00
0.7000;ILP;30499;0;0;0;0.00
0.7000;ILP;30015;0;0;0;0.00
0.7000;ILP;29848;0;0;0;0.00
0.7000;ILP;30593;0;0;0;0.00
0.7000;ILP;30284;0;0;0;0.00
0.7000;ILP;30218;0;0;0;0.00
0.7000;ILP;30418;0;0;0;0.00
0.7000;ILP;30428;0;0;0;0.00
0.7000;ILP;30319;0;0;0;0.00
0.7000;ILP;30461;0;0;0;0.00
0.7000;ILP;29442;0;0;0;0.00
0.7000;ILP;29670;0;0;0;0.00
0.7000;ILP;29968;0;0;0;0.00
0.7000;ILP;29636;0;0;0;0.00
0.7000;ILP;29200;0;0;0;0.00
0.7000;ILP;29513;0;0;0;0.00
0.7000;ILP;30018;0;0;0;0.00
0.7000;CP;113560;0;0;0;0.00
0.7000;CP;115987;0;0;0;0.00
0.7000;CP;134653;0;0;0;0.00
0.7000;CP;133707;0;0;0;0.00
0.7000;CP;134494;0;0;0;0.00
0.7000;CP;133456;0;0;0;0.00
0.7000;CP;134753;0;0;0;0.00
0.7000;CP;134450;0;0;0;0.00
0.7000;CP;134262;0;0;0;0.00
0.7000;CP;134516;0;0;0;0.00
0.7000;CP;122796;0;0;0;0.00
0.7000;CP;116243;0;0;0;0.00
0.7000;CP;129788;0;0;0;0.00
0.7000;CP;134476;0;0;0;0.00
0.7000;CP;134692;0;0;0;0.00
0.7000;CP;135042;0;0;0;0.00
0.7000;CP;135719;0;0;0;0.00
0.7000;CP;134344;0;0;0;0.00
0.7000;CP;133935;0;0;0;0.00
0.7000;CP;134442;0;0;0;0.00
0.7000;CP;134396;0;0;0;0.00
0.7000;CP;134486;0;0;0;0.00
0.7000;CP;134955;0;0;0;0.00
0.7000;CP;134935;0;0;0;0.00
0.7000;CP;134704;0;0;0;0.00
0.7000;CP;134794;0;0;0;0.00
0.7000;CP;135735;0;0;0;0.00
0.7000;CP;134144;0;0;0;0.00
0.7000;CP;134211;0;0;0;0.00
0.7000;CP;134315;0;0;0;0.00
0.7000;CP;134674;0;0;0;0.00
0.7000;CP;134252;0;0;0;0.00
0.7000;CP;131642;0;0;0;0.00
0.7000;CP;116576;0;0;0;0.00
0.7000;CP;115905;0;0;0;0.00
0.7000;CP;134613;0;0;0;0.00
0.7000;CP;135323;0;0;0;0.00
0.7000;CP;134784;0;0;0;0.00
0.7000;CP;134657;0;0;0;0.00
0.7000;CP;134447;0;0;0;0.00
0.7000;SCP;62066;0;0;0;0.00
0.7000;SCP;60409;0;0;0;0.00
0.7000;SCP;58088;0;0;0;0.00
0.7000;SCP;57611;0;0;0;0.00
0.7000;SCP;58451;0;0;0;0.00
0.7000;SCP;58692;0;0;0;0.00
0.7000;SCP;61539;0;0;0;0.00
0.7000;SCP;61716;0;0;0;0.00
0.7000;SCP;61429;0;0;0;0.00
0.7000;SCP;61581;0;0;0;0.00
0.7000;SCP;61574;0;0;0;0.00
0.7000;SCP;61691;0;0;0;0.00
0.7000;SCP;61563;0;0;0;0.00
0.7000;SCP;61550;0;0;0;0.00
0.7000;SCP;61606;0;0;0;0.00
0.7000;SCP;61522;0;0;0;0.00
0.7000;SCP;61750;0;0;0;0.00
0.7000;SCP;61605;0;0;0;0.00
0.7000;SCP;61745;0;0;0;0.00
0.7000;SCP;61623;0;0;0;0.00
0.7000;SCP;92376;0;0;0;0.00
0.7000;SCP;92333;0;0;0;0.00
0.7000;SCP;92346;0;0;0;0.00
0.7000;SCP;92226;0;0;0;0.00
0.7000;SCP;92194;0;0;0;0.00
0.7000;SCP;93405;0;0;0;0.00
0.7000;SCP;92180;0;0;0;0.00
0.7000;SCP;92159;0;0;0;0.00
0.7000;SCP;92034;0;0;0;0.00
0.7000;SCP;92176;0;0;0;0.00
0.7000;SCP;91920;0;0;0;0.00
0.7000;SCP;92076;0;0;0;0.00
0.7000;SCP;92141;0;0;0;0.00
0.7000;SCP;90250;0;0;0;0.00
0.7000;SCP;91003;0;0;0;0.00
0.7000;SCP;91407;0;0;0;0.00
0.7000;SCP;93124;0;0;0;0.00
0.7000;SCP;92424;0;0;0;0.00
0.7000;SCP;92481;0;0;0;0.00
0.7000;SCP;91919;0;0;0;0.00
0.7000;KAB;368;0;0;0;0.00
0.7000;KAB;33;0;0;0;0.00
0.7000;KAB;30;0;0;0;0.00
0.7000;KAB;28;0;0;0;0.00
0.7000;KAB;27;0;0;0;0.00
0.7000;KAB;27;0;0;0;0.00
0.7000;KAB;27;0;0;0;0.00
0.7000;KAB;26;0;0;0;0.00
0.7000;KAB;26;0;0;0;0.00
0.7000;KAB;25;0;0;0;0.00
0.7000;KAB;25;0;0;0;0.00
0.7000;KAB;25;0;0;0;0.00
0.7000;KAB;25;0;0;0;0.00
0.7000;KAB;25;0;0;0;0.00
0.7000;KAB;24;0;0;0;0.00
0.7000;KAB;24;0;0;0;0.00
0.7000;KAB;24;0;0;0;0.00
0.7000;KAB;24;0;0;0;0.00
0.7000;KAB;24;0;0;0;0.00
0.7000;KAB;24;0;0;0;0.00
0.7000;KAB;440;0;0;0;0.00
0.7000;KAB;102;0;0;0;0.00
0.7000;KAB;101;0;0;0;0.00
0.7000;KAB;97;0;0;0;0.00
0.7000;KAB;94;0;0;0;0.00
0.7000;KAB;94;0;0;0;0.00
0.7000;KAB;94;0;0;0;0.00
0.7000;KAB;94;0;0;0;0.00
0.7000;KAB;94;0;0;0;0.00
0.7000;KAB;94;0;0;0;0.00
0.7000;KAB;93;0;0;0;0.00
0.7000;KAB;94;0;0;0;0.00
0.7000;KAB;105;0;0;0;0.00
0.7000;KAB;93;0;0;0;0.00
0.7000;KAB;93;0;0;0;0.00
0.7000;KAB;93;0;0;0;0.00
0.7000;KAB;94;0;0;0;0.00
0.7000;KAB;93;0;0;0;0.00
0.7000;KAB;94;0;0;0;0.00
0.7000;KAB;93;0;0;0;0.00
0.7000;BFDC;47;0;0;0;0.28
0.7000;BFDC;46;0;0;0;0.28
0.7000;BFDC;46;0;0;0;0.28
0.7000;BFDC;46;0;0;0;0.28
0.7000;BFDC;46;0;0;0;0.28
0.7000;BFDC;45;0;0;0;0.28
0.7000;BFDC;46;0;0;0;0.28
0.7000;BFDC;46;0;0;0;0.28
0.7000;BFDC;45;0;0;0;0.28
0.7000;BFDC;46;0;0;0;0.28
0.7000;BFDC;46;0;0;0;0.28
0.7000;BFDC;46;0;0;0;0.28
0.7000;BFDC;46;0;0;0;0.28
0.7000;BFDC;51;0;0;0;0.28
0.7000;BFDC;46;0;0;0;0.28
0.7000;BFDC;46;0;0;0;0.28
0.7000;BFDC;45;0;0;0;0.28
0.7000;BFDC;45;0;0;0;0.28
0.7000;BFDC;45;0;0;0;0.28
0.7000;BFDC;45;0;0;0;0.28
0.7000;BFDC;66;0;0;0;0.40
0.7000;BFDC;65;0;0;0;0.40
0.7000;BFDC;64;0;0;0;0.40
0.7000;BFDC;64;0;0;0;0.40
0.7000;BFDC;64;0;0;0;0.40
0.7000;BFDC;64;0;0;0;0.40
0.7000;BFDC;64;0;0;0;0.40
0.7000;BFDC;64;0;0;0;0.40
0.7000;BFDC;64;0;0;0;0.40
0.7000;BFDC;64;0;0;0;0.40
0.7000;BFDC;64;0;0;0;0.40
0.7000;BFDC;64;0;0;0;0.40
0.7000;BFDC;64;0;0;0;0.40
0.7000;BFDC;64;0;0;0;0.40
0.7000;BFDC;71;0;0;0;0.40
0.7000;BFDC;64;0;0;0;0.40
0.7000;BFDC;64;0;0;0;0.40
0.7000;BFDC;64;0;0;0;0.40
0.7000;BFDC;64;0;0;0;0.40
0.7000;BFDC;64;0;0;0;0.40
0.7000;CRA;54;0;0;0;0.19
0.7000;CRA;38;0;0;0;0.19
0.7000;CRA;37;0;0;0;0.19
0.7000;CRA;35;0;0;0;0.19
0.7000;CRA;35;0;0;0;0.19
0.7000;CRA;35;0;0;0;0.19
0.7000;CRA;35;0;0;0;0.19
0.7000;CRA;35;0;0;0;0.19
0.7000;CRA;35;0;0;0;0.19
0.7000;CRA;35;0;0;0;0.19
0.7000;CRA;35;0;0;0;0.19
0.7000;CRA;35;0;0;0;0.19
0.7000;CRA;35;0;0;0;0.19
0.7000;CRA;35;0;0;0;0.19
0.7000;CRA;35;0;0;0;0.19
0.7000;CRA;35;0;0;0;0.19
0.7000;CRA;35;0;0;0;0.19
0.7000;CRA;35;0;0;0;0.19
0.7000;CRA;35;0;0;0;0.19
0.7000;CRA;35;0;0;0;0.19
0.7000;CRA;33;0;0;0;0.02
0.7000;CRA;23;0;0;0;0.02
0.7000;CRA;22;0;0;0;0.02
0.7000;CRA;22;0;0;0;0.02
0.7000;CRA;22;0;0;0;0.02
0.7000;CRA;22;0;0;0;0.02
0.7000;CRA;22;0;0;0;0.02
0.7000;CRA;22;0;0;0;0.02
0.7000;CRA;22;0;0;0;0.02
0.7000;CRA;22;0;0;0;0.02
0.7000;CRA;22;0;0;0;0.02
0.7000;CRA;22;0;0;0;0.02
0.7000;CRA;22;0;0;0;0.02
0.7000;CRA;22;0;0;0;0.02
0.7000;CRA;22;0;0;0;0.02
0.7000;CRA;22;0;0;0;0.02
0.7000;CRA;22;0;0;0;0.02
0.7000;CRA;22;0;0;0;0.02
0.7000;CRA;22;0;0;0;0.02
0.7000;CRA;22;0;0;0;0.02
0.2000;ULT;1241772;0;0;0;363.86
0.2000;ULT;1224085;0;0;0;363.86
0.2000;ULT;1216504;0;0;0;363.86
0.2000;ULT;1232985;0;0;0;363.86
0.2000;ULT;1234525;0;0;0;363.86
0.2000;ULT;1223470;0;0;0;363.86
0.2000;ULT;1213675;0;0;0;363.86
0.2000;ULT;1233326;0;0;0;363.86
0.2000;ULT;1230510;0;0;0;363.86
0.2000;ULT;1222500;0;0;0;363.86
0.2000;ULT;1214284;0;0;0;363.86
0.2000;ULT;1234367;0;0;0;363.86
0.2000;ULT;1227648;0;0;0;363.86
0.2000;ULT;1221464;0;0;0;363.86
0.2000;ULT;1220277;0;0;0;363.86
0.2000;ULT;1234763;0;0;0;363.86
0.2000;ULT;1225910;0;0;0;363.86
0.2000;ULT;1220391;0;0;0;363.86
0.2000;ULT;1225836;0;0;0;363.86
0.2000;ULT;1236077;0;0;0;363.86
0.2000;ULT;1396218;0;0;0;400.77
0.2000;ULT;1342637;0;0;0;400.77
0.2000;ULT;1345164;0;0;0;400.77
0.2000;ULT;1341843;0;0;0;400.77
0.2000;ULT;1337465;0;0;0;400.77
0.2000;ULT;1342219;0;0;0;400.77
0.2000;ULT;1343812;0;0;0;400.77
0.2000;ULT;1344404;0;0;0;400.77
0.2000;ULT;1335584;0;0;0;400.77
0.2000;ULT;1341873;0;0;0;400.77
0.2000;ULT;1343564;0;0;0;400.77
0.2000;ULT;1344324;0;0;0;400.77
0.2000;ULT;1338507;0;0;0;400.77
0.2000;ULT;1338657;0;0;0;400.77
0.2000;ULT;1342953;0;0;0;400.77
0.2000;ULT;1344298;0;0;0;400.77
0.2000;ULT;1315413;0;0;0;400.77
0.2000;ULT;1324899;0;0;0;400.77
0.2000;ULT;1297093;0;0;0;400.77
0.2000;ULT;1331003;0;0;0;400.77
0.2000;RULT;48;0;0;0;0.54
0.2000;RULT;48;0;0;0;0.54
0.2000;RULT;48;0;0;0;0.54
0.2000;RULT;48;0;0;0;0.54
0.2000;RULT;48;0;0;0;0.54
0.2000;RULT;48;0;0;0;0.54
0.2000;RULT;48;0;0;0;0.54
0.2000;RULT;48;0;0;0;0.54
0.2000;RULT;48;0;0;0;0.54
0.2000;RULT;48;0;0;0;0.54
0.2000;RULT;48;0;0;0;0.54
0.2000;RULT;48;0;0;0;0.54
0.2000;RULT;48;0;0;0;0.54
0.2000;RULT;48;0;0;0;0.54
0.2000;RULT;48;0;0;0;0.54
0.2000;RULT;48;0;0;0;0.54
0.2000;RULT;48;0;0;0;0.54
0.2000;RULT;48;0;0;0;0.54
0.2000;RULT;54;0;0;0;0.54
0.2000;RULT;48;0;0;0;0.54
0.2000;RULT;68;0;0;0;0.78
0.2000;RULT;67;0;0;0;0.78
0.2000;RULT;67;0;0;0;0.78
0.2000;RULT;67;0;0;0;0.78
0.2000;RULT;67;0;0;0;0.78
0.2000;RULT;67;0;0;0;0.78
0.2000;RULT;67;0;0;0;0.78
0.2000;RULT;67;0;0;0;0.78
0.2000;RULT;67;0;0;0;0.78
0.2000;RULT;67;0;0;0;0.78
0.2000;RULT;67;0;0;0;0.78
0.2000;RULT;67;0;0;0;0.78
0.2000;RULT;67;0;0;0;0.78
0.2000;RULT;67;0;0;0;0.78
0.2000;RULT;67;0;0;0;0.78
0.2000;RULT;67;0;0;0;0.78
0.2000;RULT;67;0;0;0;0.78
0.2000;RULT;68;0;0;0;0.78
0.2000;RULT;67;0;0;0;0.78
0.2000;RULT;67;0;0;0;0.78
0.2000;ILP;16315;0;0;0;0.00
0.2000;ILP;16079;0;0;0;0.00
0.2000;ILP;14775;0;0;0;0.00
0.2000;ILP;14883;0;0;0;0.00
0.2000;ILP;15019;0;0;0;0.00
0.2000;ILP;14854;0;0;0;0.00
0.2000;ILP;14771;0;0;0;0.00
0.2000;ILP;14846;0;0;0;0.00
0.2000;ILP;14938;0;0;0;0.00
0.2000;ILP;14972;0;0;0;0.00
0.2000;ILP;14766;0;0;0;0.00
0.2000;ILP;14803;0;0;0;0.00
0.2000;ILP;14823;0;0;0;0.00
0.2000;ILP;15822;0;0;0;0.00
0.2000;ILP;15820;0;0;0;0.00
0.2000;ILP;16002;0;0;0;0.00
0.2000;ILP;16010;0;0;0;0.00
0.2000;ILP;16268;0;0;0;0.00
0.2000;ILP;16218;0;0;0;0.00
0.2000;ILP;16604;0;0;0;0.00
0.2000;ILP;16441;0;0;0;0.00
0.2000;ILP;16459;0;0;0;0.00
0.2000;ILP;16162;0;0;0;0.00
0.2000;ILP;16354;0;0;0;0.00
0.2000;ILP;16223;0;0;0;0.00
0.2000;ILP;16053;0;0;0;0.00
0.2000;ILP;16376;0;0;0;0.00
0.2000;ILP;15671;0;0;0;0.00
0.2000;ILP;16540;0;0;0;0.00
0.2000;ILP;16298;0;0;0;0.00
0.2000;ILP;16271;0;0;0;0.00
0.2000;ILP;16425;0;0;0;0.00
0.2000;ILP;16274;0;0;0;0.00
0.2000;ILP;16101;0;0;0;0.00
0.2000;ILP;16180;0;0;0;0.00
0.2000;ILP;16346;0;0;0;0.00
0.2000;ILP;16351;0;0;0;0.00
0.2000;ILP;16036;0;0;0;0.00
0.2000;ILP;16393;0;0;0;0.00
0.2000;ILP;16066;0;0;0;0.00
0.2000;CP;70856;0;0;0;0.00
0.2000;CP;76695;0;0;0;0.00
0.2000;CP;83924;0;0;0;0.00
0.2000;CP;84471;0;0;0;0.00
0.2000;CP;114001;0;0;0;0.00
0.2000;CP;75677;0;0;0;0.00
0.2000;CP;74980;0;0;0;0.00
0.2000;CP;74891;0;0;0;0.00
0.2000;CP;74685;0;0;0;0.00
0.2000;CP;74971;0;0;0;0.00
0.2000;CP;74704;0;0;0;0.00
0.2000;CP;74797;0;0;0;0.00
0.2000;CP;75079;0;0;0;0.00
0.2000;CP;75236;0;0;0;0.00
0.2000;CP;74584;0;0;0;0.00
0.2000;CP;74800;0;0;0;0.00
0.2000;CP;75319;0;0;0;0.00
0.2000;CP;70130;0;0;0;0.00
0.2000;CP;68899;0;0;0;0.00
0.2000;CP;69575;0;0;0;0.00
0.2000;CP;72006;0;0;0;0.00
0.2000;CP;73303;0;0;0;0.00
0.2000;CP;72939;0;0;0;0.00
0.2000;CP;73038;0;0;0;0.00
0.2000;CP;73012;0;0;0;0.00
0.2000;CP;72855;0;0;0;0.00
0.2000;CP;75366;0;0;0;0.00
0.2000;CP;72507;0;0;0;0.00
0.2000;CP;69010;0;0;0;0.00
0.2000;CP;69199;0;0;0;0.00
0.2000;CP;70425;0;0;0;0.00
0.2000;CP;69620;0;0;0;0.00
0.2000;CP;68911;0;0;0;0.00
0.2000;CP;69573;0;0;0;0.00
0.2000;CP;70958;0;0;0;0.00
0.2000;CP;69192;0;0;0;0.00
0.2000;CP;69401;0;0;0;0.00
0.2000;CP;70798;0;0;0;0.00
0.2000;CP;69600;0;0;0;0.00
0.2000;CP;68454;0;0;0;0.00
0.2000;SCP;58678;0;0;0;0.00
0.2000;SCP;55801;0;0;0;0.00
0.2000;SCP;55994;0;0;0;0.00
0.2000;SCP;55754;0;0;0;0.00
0.2000;SCP;56450;0;0;0;0.00
0.2000;SCP;56903;0;0;0;0.00
0.2000;SCP;56585;0;0;0;0.00
0.2000;SCP;56355;0;0;0;0.00
0.2000;SCP;55785;0;0;0;0.00
0.2000;SCP;55894;0;0;0;0.00
0.2000;SCP;57234;0;0;0;0.00
0.2000;SCP;56312;0;0;0;0.00
0.2000;SCP;56287;0;0;0;0.00
0.2000;SCP;57313;0;0;0;0.00
0.2000;SCP;55963;0;0;0;0.00
0.2000;SCP;56736;0;0;0;0.00
0.2000;SCP;56584;0;0;0;0.00
0.2000;SCP;57262;0;0;0;0.00
0.2000;SCP;55821;0;0;0;0.00
0.2000;SCP;56868;0;0;0;0.00
0.2000;SCP;70237;0;0;0;0.00
0.2000;SCP;70091;0;0;0;0.00
0.2000;SCP;70138;0;0;0;0.00
0.2000;SCP;68570;0;0;0;0.00
0.2000;SCP;68441;0;0;0;0.00
0.2000;SCP;68401;0;0;0;0.00
0.2000;SCP;70101;0;0;0;0.00
0.2000;SCP;70324;0;0;0;0.00
0.2000;SCP;70039;0;0;0;0.00
0.2000;SCP;72384;0;0;0;0.00
0.2000;SCP;72873;0;0;0;0.00
0.2000;SCP;73054;0;0;0;0.00
0.2000;SCP;72937;0;0;0;0.00
0.2000;SCP;69449;0;0;0;0.00
0.2000;SCP;70298;0;0;0;0.00
0.2000;SCP;70057;0;0;0;0.00
0.2000;SCP;70684;0;0;0;0.00
0.2000;SCP;72854;0;0;0;0.00
0.2000;SCP;72909;0;0;0;0.00
0.2000;SCP;73276;0;0;0;0.00
0.2000;KAB;476;0;0;0;0.00
0.2000;KAB;103;0;0;0;0.00
0.2000;KAB;101;0;0;0;0.00
0.2000;KAB;105;0;0;0;0.00
0.2000;KAB;105;0;0;0;0.00
0.2000;KAB;105;0;0;0;0.00
0.2000;KAB;102;0;0;0;0.00
0.2000;KAB;101;0;0;0;0.00
0.2000;KAB;104;0;0;0;0.00
0.2000;KAB;104;0;0;0;0.00
0.2000;KAB;105;0;0;0;0.00
0.2000;KAB;113;0;0;0;0.00
0.2000;KAB;98;0;0;0;0.00
0.2000;KAB;98;0;0;0;0.00
0.2000;KAB;96;0;0;0;0.00
0.2000;KAB;96;0;0;0;0.00
0.2000;KAB;96;0;0;0;0.00
0.2000;KAB;93;0;0;0;0.00
0.2000;KAB;102;0;0;0;0.00
0.2000;KAB;93;0;0;0;0.00
0.2000;KAB;432;0;0;0;0.00
0.2000;KAB;84;0;0;0;0.00
0.2000;KAB;82;0;0;0;0.00
0.2000;KAB;83;0;0;0;0.00
0.2000;KAB;95;0;0;0;0.00
0.2000;KAB;83;0;0;0;0.00
0.2000;KAB;81;0;0;0;0.00
0.2000;KAB;80;0;0;0;0.00
0.2000;KAB;78;0;0;0;0.00
0.2000;KAB;77;0;0;0;0.00
0.2000;KAB;71;0;0;0;0.00
0.2000;KAB;70;0;0;0;0.00
0.2000;KAB;69;0;0;0;0.00
0.2000;KAB;70;0;0;0;0.00
0.2000;KAB;69;0;0;0;0.00
0.2000;KAB;70;0;0;0;0.00
0.2000;KAB;70;0;0;0;0.00
0.2000;KAB;70;0;0;0;0.00
0.2000;KAB;69;0;0;0;0.00
0.2000;KAB;70;0;0;0;0.00
0.2000;BFDC;90;0;0;0;0.56
0.2000;BFDC;89;0;0;0;0.56
0.2000;BFDC;89;0;0;0;0.56
0.2000;BFDC;89;0;0;0;0.56
0.2000;BFDC;89;0;0;0;0.56
0.2000;BFDC;89;0;0;0;0.56
0.2000;BFDC;89;0;0;0;0.56
0.2000;BFDC;89;0;0;0;0.56
0.2000;BFDC;89;0;0;0;0.56
0.2000;BFDC;88;0;0;0;0.56
0.2000;BFDC;88;0;0;0;0.56
0.2000;BFDC;88;0;0;0;0.56
0.2000;BFDC;88;0;0;0;0.56
0.2000;BFDC;88;0;0;0;0.56
0.2000;BFDC;88;0;0;0;0.56
0.2000;BFDC;88;0;0;0;0.56
0.2000;BFDC;88;0;0;0;0.56
0.2000;BFDC;88;0;0;0;0.56
0.2000;BFDC;88;0;0;0;0.56
0.2000;BFDC;89;0;0;0;0.56
0.2000;BFDC;131;0;0;0;0.84
0.2000;BFDC;130;0;0;0;0.84
0.2000;BFDC;129;0;0;0;0.84
0.2000;BFDC;128;0;0;0;0.84
0.2000;BFDC;129;0;0;0;0.84
0.2000;BFDC;128;0;0;0;0.84
0.2000;BFDC;129;0;0;0;0.84
0.2000;BFDC;129;0;0;0;0.84
0.2000;BFDC;128;0;0;0;0.84
0.2000;BFDC;129;0;0;0;0.84
0.2000;BFDC;128;0;0;0;0.84
0.2000;BFDC;135;0;0;0;0.84
0.2000;BFDC;131;0;0;0;0.84
0.2000;BFDC;131;0;0;0;0.84
0.2000;BFDC;131;0;0;0;0.84
0.2000;BFDC;132;0;0;0;0.84
0.2000;BFDC;131;0;0;0;0.84
0.2000;BFDC;131;0;0;0;0.84
0.2000;BFDC;131;0;0;0;0.84
0.2000;BFDC;131;0;0;0;0.84
0.2000;CRA;46;0;0;0;0.22
0.2000;CRA;40;0;0;0;0.22
0.2000;CRA;39;0;0;0;0.22
0.2000;CRA;38;0;0;0;0.22
0.2000;CRA;38;0;0;0;0.22
0.2000;CRA;37;0;0;0;0.22
0.2000;CRA;37;0;0;0;0.22
0.2000;CRA;37;0;0;0;0.22
0.2000;CRA;37;0;0;0;0.22
0.2000;CRA;37;0;0;0;0.22
0.2000;CRA;37;0;0;0;0.22
0.2000;CRA;37;0;0;0;0.22
0.2000;CRA;37;0;0;0;0.22
0.2000;CRA;37;0;0;0;0.22
0.2000;CRA;37;0;0;0;0.22
0.2000;CRA;37;0;0;0;0.22
0.2000;CRA;37;0;0;0;0.22
0.2000;CRA;37;0;0;0;0.22
0.2000;CRA;37;0;0;0;0.22
0.2000;CRA;37;0;0;0;0.22
0.2000;CRA;76;0;0;0;0.52
0.2000;CRA;72;0;0;0;0.52
0.2000;CRA;77;0;0;0;0.52
0.2000;CRA;72;0;0;0;0.52
0.2000;CRA;72;0;0;0;0.52
0.2000;CRA;72;0;0;0;0.52
0.2000;CRA;72;0;0;0;0.52
0.2000;CRA;72;0;0;0;0.52
0.2000;CRA;72;0;0;0;0.52
0.2000;CRA;72;0;0;0;0.52
0.2000;CRA;72;0;0;0;0.52
0.2000;CRA;72;0;0;0;0.52
0.2000;CRA;72;0;0;0;0.52
0.2000;CRA;72;0;0;0;0.52
0.2000;CRA;72;0;0;0;0.52
0.2000;CRA;72;0;0;0;0.52
0.2000;CRA;72;0;0;0;0.52
0.2000;CRA;72;0;0;0;0.52
0.2000;CRA;72;0;0;0;0.52
0.2000;CRA;72;0;0;0;0.52
0.1000;ULT;1021822;0;0;0;309.80
0.1000;ULT;1025400;0;0;0;309.80
0.1000;ULT;1022864;0;0;0;309.80
0.1000;ULT;1027325;0;0;0;309.80
0.1000;ULT;1036578;0;0;0;309.80
0.1000;ULT;1033727;0;0;0;309.80
0.1000;ULT;1026109;0;0;0;309.80
0.1000;ULT;1025100;0;0;0;309.80
0.1000;ULT;1024082;0;0;0;309.80
0.1000;ULT;1036295;0;0;0;309.80
0.1000;ULT;1037031;0;0;0;309.80
0.1000;ULT;1025976;0;0;0;309.80
0.1000;ULT;1025440;0;0;0;309.80
0.1000;ULT;1024159;0;0;0;309.80
0.1000;ULT;1031924;0;0;0;309.80
0.1000;ULT;1036638;0;0;0;309.80
0.1000;ULT;1030207;0;0;0;309.80
0.1000;ULT;1025782;0;0;0;309.80
0.1000;ULT;1024703;0;0;0;309.80
0.1000;ULT;1027030;0;0;0;309.80
0.1000;ULT;1767590;0;0;0;518.34
0.1000;ULT;1778212;0;0;0;518.34
0.1000;ULT;1777513;0;0;0;518.34
0.1000;ULT;1764430;0;0;0;518.34
0.1000;ULT;1779680;0;0;0;518.34
0.1000;ULT;1767543;0;0;0;518.34
0.1000;ULT;1767624;0;0;0;518.34
0.1000;ULT;1781525;0;0;0;518.34
0.1000;ULT;1757097;0;0;0;518.34
0.1000;ULT;1769504;0;0;0;518.34
0.1000;ULT;1781034;0;0;0;518.34
0.1000;ULT;1752491;0;0;0;518.34
0.1000;ULT;1773809;0;0;0;518.34
0.1000;ULT;1782397;0;0;0;518.34
0.1000;ULT;1750427;0;0;0;518.34
0.1000;ULT;1755012;0;0;0;518.34
0.1000;ULT;1749175;0;0;0;518.34
0.1000;ULT;1753104;0;0;0;518.34
0.1000;ULT;1755722;0;0;0;518.34
0.1000;ULT;1757890;0;0;0;518.34
0.1000;RULT;72;0;0;0;0.85
0.1000;RULT;71;0;0;0;0.85
0.1000;RULT;71;0;0;0;0.85
0.1000;RULT;71;0;0;0;0.85
0.1000;RULT;71;0;0;0;0.85
0.1000;RULT;71;0;0;0;0.85
0.1000;RULT;71;0;0;0;0.85
0.1000;RULT;71;0;0;0;0.85
0.1000;RULT;72;0;0;0;0.85
0.1000;RULT;71;0;0;0;0.85
0.1000;RULT;72;0;0;0;0.85
0.1000;RULT;71;0;0;0;0.85
0.1000;RULT;71;0;0;0;0.85
0.1000;RULT;71;0;0;0;0.85
0.1000;RULT;72;0;0;0;0.85
0.1000;RULT;72;0;0;0;0.85
0.1000;RULT;71;0;0;0;0.85
0.1000;RULT;71;0;0;0;0.85
0.1000;RULT;71;0;0;0;0.85
0.1000;RULT;71;0;0;0;0.85
0.1000;RULT;81;0;0;0;0.98
0.1000;RULT;80;0;0;0;0.98
0.1000;RULT;81;0;0;0;0.98
0.1000;RULT;81;0;0;0;0.98
0.1000;RULT;81;0;0;0;0.98
0.1000;RULT;81;0;0;0;0.98
0.1000;RULT;81;0;0;0;0.98
0.1000;RULT;81;0;0;0;0.98
0.1000;RULT;80;0;0;0;0.98
0.1000;RULT;81;0;0;0;0.98
0.1000;RULT;81;0;0;0;0.98
0.1000;RULT;81;0;0;0;0.98
0.1000;RULT;81;0;0;0;0.98
0.1000;RULT;81;0;0;0;0.98
0.1000;RULT;81;0;0;0;0.98
0.1000;RULT;81;0;0;0;0.98
0.1000;RULT;81;0;0;0;0.98
0.1000;RULT;80;0;0;0;0.98
0.1000;RULT;80;0;0;0;0.98
0.1000;RULT;80;0;0;0;0.98
0.1000;ILP;13753;0;0;0;0.00
0.1000;ILP;13139;0;0;0;0.00
0.1000;ILP;13182;0;0;0;0.00
0.1000;ILP;13051;0;0;0;0.00
0.1000;ILP;13190;0;0;0;0.00
0.1000;ILP;13045;0;0;0;0.00
0.1000;ILP;13113;0;0;0;0.00
0.1000;ILP;13293;0;0;0;0.00
0.1000;ILP;13330;0;0;0;0.00
0.1000;ILP;13213;0;0;0;0.00
0.1000;ILP;13227;0;0;0;0.00
0.1000;ILP;13230;0;0;0;0.00
0.1000;ILP;13247;0;0;0;0.00
0.1000;ILP;13204;0;0;0;0.00
0.1000;ILP;13108;0;0;0;0.00
0.1000;ILP;13065;0;0;0;0.00
0.1000;ILP;13213;0;0;0;0.00
0.1000;ILP;13204;0;0;0;0.00
0.1000;ILP;12820;0;0;0;0.00
0.1000;ILP;13187;0;0;0;0.00
0.1000;ILP;13455;0;0;0;0.00
0.1000;ILP;13002;0;0;0;0.00
0.1000;ILP;12956;0;0;0;0.00
0.1000;ILP;12740;0;0;0;0.00
0.1000;ILP;13089;0;0;0;0.00
0.1000;ILP;12994;0;0;0;0.00
0.1000;ILP;13046;0;0;0;0.00
0.1000;ILP;13069;0;0;0;0.00
0.1000;ILP;13203;0;0;0;0.00
0.1000;ILP;12958;0;0;0;0.00
0.1000;ILP;12911;0;0;0;0.00
0.1000;ILP;13090;0;0;0;0.00
0.1000;ILP;13002;0;0;0;0.00
0.1000;ILP;12830;0;0;0;0.00
0.1000;ILP;13067;0;0;0;0.00
0.1000;ILP;12817;0;0;0;0.00
0.1000;ILP;13037;0;0;0;0.00
0.1000;ILP;13119;0;0;0;0.00
0.1000;ILP;13168;0;0;0;0.00
0.1000;ILP;12903;0;0;0;0.00
0.1000;CP;65076;0;0;0;0.00
0.1000;CP;66398;0;0;0;0.00
0.1000;CP;64968;0;0;0;0.00
0.1000;CP;65608;0;0;0;0.00
0.1000;CP;65081;0;0;0;0.00
0.1000;CP;65410;0;0;0;0.00
0.1000;CP;65194;0;0;0;0.00
0.1000;CP;66024;0;0;0;0.00
0.1000;CP;62989;0;0;0;0.00
0.1000;CP;59929;0;0;0;0.00
0.1000;CP;59086;0;0;0;0.00
0.1000;CP;59397;0;0;0;0.00
0.1000;CP;61477;0;0;0;0.00
0.1000;CP;65211;0;0;0;0.00
0.1000;CP;65314;0;0;0;0.00
0.1000;CP;65242;0;0;0;0.00
0.1000;CP;65104;0;0;0;0.00
0.1000;CP;64970;0;0;0;0.00
0.1000;CP;65454;0;0;0;0.00
0.1000;CP;65530;0;0;0;0.00
0.1000;CP;64215;0;0;0;0.00
0.1000;CP;64411;0;0;0;0.00
0.1000;CP;63871;0;0;0;0.00
0.1000;CP;64088;0;0;0;0.00
0.1000;CP;64543;0;0;0;0.00
0.1000;CP;64453;0;0;0;0.00
0.1000;CP;64465;0;0;0;0.00
0.1000;CP;64275;0;0;0;0.00
0.1000;CP;64240;0;0;0;0.00
0.1000;CP;64237;0;0;0;0.00
0.1000;CP;64440;0;0;0;0.00
0.1000;CP;64166;0;0;0;0.00
0.1000;CP;65211;0;0;0;0.00
0.1000;CP;59124;0;0;0;0.00
0.1000;CP;59370;0;0;0;0.00
0.1000;CP;58818;0;0;0;0.00
0.1000;CP;58941;0;0;0;0.00
0.1000;CP;61473;0;0;0;0.00
0.1000;CP;64163;0;0;0;0.00
0.1000;CP;64342;0;0;0;0.00
0.1000;SCP;54547;0;0;0;0.00
0.1000;SCP;54608;0;0;0;0.00
0.1000;SCP;55275;0;0;0;0.00
0.1000;SCP;54667;0;0;0;0.00
0.1000;SCP;54878;0;0;0;0.00
0.1000;SCP;54729;0;0;0;0.00
0.1000;SCP;54577;0;0;0;0.00
0.1000;SCP;55198;0;0;0;0.00
0.1000;SCP;54733;0;0;0;0.00
0.1000;SCP;54609;0;0;0;0.00
0.1000;SCP;55122;0;0;0;0.00
0.1000;SCP;55028;0;0;0;0.00
0.1000;SCP;54662;0;0;0;0.00
0.1000;SCP;55766;0;0;0;0.00
0.1000;SCP;51427;0;0;0;0.00
0.1000;SCP;50909;0;0;0;0.00
0.1000;SCP;50119;0;0;0;0.00
0.1000;SCP;50117;0;0;0;0.00
0.1000;SCP;50478;0;0;0;0.00
0.1000;SCP;54754;0;0;0;0.00
0.1000;SCP;51909;0;0;0;0.00
0.1000;SCP;52244;0;0;0;0.00
0.1000;SCP;52580;0;0;0;0.00
0.1000;SCP;52286;0;0;0;0.00
0.1000;SCP;52463;0;0;0;0.00
0.1000;SCP;52232;0;0;0;0.00
0.1000;SCP;53099;0;0;0;0.00
0.1000;SCP;52142;0;0;0;0.00
0.1000;SCP;52321;0;0;0;0.00
0.1000;SCP;52355;0;0;0;0.00
0.1000;SCP;52432;0;0;0;0.00
0.1000;SCP;52430;0;0;0;0.00
0.1000;SCP;52207;0;0;0;0.00
0.1000;SCP;52523;0;0;0;0.00
0.1000;SCP;52327;0;0;0;0.00
0.1000;SCP;52366;0;0;0;0.00
0.1000;SCP;52358;0;0;0;0.00
0.1000;SCP;52178;0;0;0;0.00
0.1000;SCP;52206;0;0;0;0.00
0.1000;SCP;52339;0;0;0;0.00
0.1000;KAB;420;0;0;0;0.00
0.1000;KAB;65;0;0;0;0.00
0.1000;KAB;62;0;0;0;0.00
0.1000;KAB;62;0;0;0;0.00
0.1000;KAB;60;0;0;0;0.00
0.1000;KAB;60;0;0;0;0.00
0.1000;KAB;61;0;0;0;0.00
0.1000;KAB;61;0;0;0;0.00
0.1000;KAB;60;0;0;0;0.00
0.1000;KAB;59;0;0;0;0.00
0.1000;KAB;60;0;0;0;0.00
0.1000;KAB;60;0;0;0;0.00
0.1000;KAB;59;0;0;0;0.00
0.1000;KAB;59;0;0;0;0.00
0.1000;KAB;58;0;0;0;0.00
0.1000;KAB;59;0;0;0;0.00
0.1000;KAB;59;0;0;0;0.00
0.1000;KAB;59;0;0;0;0.00
0.1000;KAB;59;0;0;0;0.00
0.1000;KAB;59;0;0;0;0.00
0.1000;KAB;487;0;0;0;0.00
0.1000;KAB;132;0;0;0;0.00
0.1000;KAB;127;0;0;0;0.00
0.1000;KAB;124;0;0;0;0.00
0.1000;KAB;124;0;0;0;0.00
0.1000;KAB;124;0;0;0;0.00
0.1000;KAB;122;0;0;0;0.00
0.1000;KAB;123;0;0;0;0.00
0.1000;KAB;122;0;0;0;0.00
0.1000;KAB;122;0;0;0;0.00
0.1000;KAB;123;0;0;0;0.00
0.1000;KAB;123;0;0;0;0.00
0.1000;KAB;123;0;0;0;0.00
0.1000;KAB;123;0;0;0;0.00
0.1000;KAB;135;0;0;0;0.00
0.1000;KAB;122;0;0;0;0.00
0.1000;KAB;121;0;0;0;0.00
0.1000;KAB;123;0;0;0;0.00
0.1000;KAB;123;0;0;0;0.00
0.1000;KAB;122;0;0;0;0.00
0.1000;BFDC;138;0;0;0;0.88
0.1000;BFDC;137;0;0;0;0.88
0.1000;BFDC;136;0;0;0;0.88
0.1000;BFDC;136;0;0;0;0.88
0.1000;BFDC;135;0;0;0;0.88
0.1000;BFDC;136;0;0;0;0.88
0.1000;BFDC;136;0;0;0;0.88
0.1000;BFDC;141;0;0;0;0.88
0.1000;BFDC;136;0;0;0;0.88
0.1000;BFDC;136;0;0;0;0.88
0.1000;BFDC;136;0;0;0;0.88
0.1000;BFDC;136;0;0;0;0.88
0.1000;BFDC;135;0;0;0;0.88
0.1000;BFDC;135;0;0;0;0.88
0.1000;BFDC;136;0;0;0;0.88
0.1000;BFDC;136;0;0;0;0.88
0.1000;BFDC;136;0;0;0;0.88
0.1000;BFDC;136;0;0;0;0.88
0.1000;BFDC;136;0;0;0;0.88
0.1000;BFDC;136;0;0;0;0.88
0.1000;BFDC;157;0;0;0;1.02
0.1000;BFDC;157;0;0;0;1.02
0.1000;BFDC;156;0;0;0;1.02
0.1000;BFDC;156;0;0;0;1.02
0.1000;BFDC;156;0;0;0;1.02
0.1000;BFDC;156;0;0;0;1.02
0.1000;BFDC;156;0;0;0;1.02
0.1000;BFDC;156;0;0;0;1.02
0.1000;BFDC;156;0;0;0;1.02
0.1000;BFDC;157;0;0;0;1.02
0.1000;BFDC;156;0;0;0;1.02
0.1000;BFDC;156;0;0;0;1.02
0.1000;BFDC;156;0;0;0;1.02
0.1000;BFDC;162;0;0;0;1.02
0.1000;BFDC;156;0;0;0;1.02
0.1000;BFDC;156;0;0;0;1.02
0.1000;BFDC;156;0;0;0;1.02
0.1000;BFDC;156;0;0;0;1.02
0.1000;BFDC;156;0;0;0;1.02
0.1000;BFDC;156;0;0;0;1.02
0.1000;CRA;74;0;0;0;0.39
0.1000;CRA;56;0;0;0;0.39
0.1000;CRA;54;0;0;0;0.39
0.1000;CRA;53;0;0;0;0.39
0.1000;CRA;52;0;0;0;0.39
0.1000;CRA;51;0;0;0;0.39
0.1000;CRA;51;0;0;0;0.39
0.1000;CRA;51;0;0;0;0.39
0.1000;CRA;51;0;0;0;0.39
0.1000;CRA;50;0;0;0;0.39
0.1000;CRA;50;0;0;0;0.39
0.1000;CRA;50;0;0;0;0.39
0.1000;CRA;50;0;0;0;0.39
0.1000;CRA;50;0;0;0;0.39
0.1000;CRA;50;0;0;0;0.39
0.1000;CRA;50;0;0;0;0.39
0.1000;CRA;50;0;0;0;0.39
0.1000;CRA;50;0;0;0;0.39
0.1000;CRA;50;0;0;0;0.39
0.1000;CRA;50;0;0;0;0.39
0.1000;CRA;69;0;0;0;0.34
0.1000;CRA;49;0;0;0;0.34
0.1000;CRA;47;0;0;0;0.34
0.1000;CRA;46;0;0;0;0.34
0.1000;CRA;46;0;0;0;0.34
0.1000;CRA;46;0;0;0;0.34
0.1000;CRA;45;0;0;0;0.34
0.1000;CRA;45;0;0;0;0.34
0.1000;CRA;51;0;0;0;0.34
0.1000;CRA;45;0;0;0;0.34
0.1000;CRA;45;0;0;0;0.34
0.1000;CRA;45;0;0;0;0.34
0.1000;CRA;45;0;0;0;0.34
0.1000;CRA;45;0;0;0;0.34
0.1000;CRA;45;0;0;0;0.34
0.1000;CRA;45;0;0;0;0.34
0.1000;CRA;44;0;0;0;0.34
0.1000;CRA;45;0;0;0;0.34
0.1000;CRA;45;0;0;0;0.34
0.1000;CRA;44;0;0;0;0.34
0.6000;ULT;81523;0;0;0;23.99
0.6000;ULT;81492;0;0;0;23.99
0.6000;ULT;81327;0;0;0;23.99
0.6000;ULT;81270;0;0;0;23.99
0.6000;ULT;81383;0;0;0;23.99
0.6000;ULT;81423;0;0;0;23.99
0.6000;ULT;81381;0;0;0;23.99
0.6000;ULT;81400;0;0;0;23.99
0.6000;ULT;81303;0;0;0;23.99
0.6000;ULT;81284;0;0;0;23.99
0.6000;ULT;77670;0;0;0;23.99
0.6000;ULT;78996;0;0;0;23.99
0.6000;ULT;78947;0;0;0;23.99
0.6000;ULT;77607;0;0;0;23.99
0.6000;ULT;82269;0;0;0;23.99
0.6000;ULT;77624;0;0;0;23.99
0.6000;ULT;81414;0;0;0;23.99
0.6000;ULT;79832;0;0;0;23.99
0.6000;ULT;80504;0;0;0;23.99
0.6000;ULT;82254;0;0;0;23.99
0.6000;ULT;2000001;0;0;1;599.67
0.6000;ULT;2000001;0;0;1;612.17
0.6000;ULT;2000001;0;0;1;596.86
0.6000;ULT;2000001;0;0;1;608.73
0.6000;ULT;2000001;0;0;1;592.67
0.6000;ULT;2000000;0;0;1;600.25
0.6000;ULT;2000001;0;0;1;607.29
0.6000;ULT;2000001;0;0;1;602.99
0.6000;ULT;2000000;0;0;1;602.80
0.6000;ULT;2000000;0;0;1;602.21
0.6000;ULT;2000000;0;0;1;604.39
0.6000;ULT;2000001;0;0;1;588.03
0.6000;ULT;2000000;0;0;1;598.22
0.6000;ULT;2000000;0;0;1;606.44
0.6000;ULT;2000001;0;0;1;585.64
0.6000;ULT;2000000;0;0;1;584.05
0.6000;ULT;2000001;0;0;1;584.11
0.6000;ULT;2000000;0;0;1;583.95
0.6000;ULT;2000001;0;0;1;583.93
0.6000;ULT;2000000;0;0;1;584.03
0.6000;RULT;109;0;0;0;1.18
0.6000;RULT;108;0;0;0;1.18
0.6000;RULT;108;0;0;0;1.18
0.6000;RULT;108;0;0;0;1.18
0.6000;RULT;108;0;0;0;1.18
0.6000;RULT;108;0;0;0;1.18
0.6000;RULT;108;0;0;0;1.18
0.6000;RULT;108;0;0;0;1.18
0.6000;RULT;108;0;0;0;1.18
0.6000;RULT;108;0;0;0;1.18
0.6000;RULT;108;0;0;0;1.18
0.6000;RULT;108;0;0;0;1.18
0.6000;RULT;108;0;0;0;1.18
0.6000;RULT;108;0;0;0;1.18
0.6000;RULT;108;0;0;0;1.18
0.6000;RULT;108;0;0;0;1.18
0.6000;RULT;113;0;0;0;1.18
0.6000;RULT;108;0;0;0;1.18
0.6000;RULT;108;0;0;0;1.18
0.6000;RULT;108;0;0;0;1.18
0.6000;RULT;124;0;0;0;1.32
0.6000;RULT;123;0;0;0;1.32
0.6000;RULT;123;0;0;0;1.32
0.6000;RULT;123;0;0;0;1.32
0.6000;RULT;123;0;0;0;1.32
0.6000;RULT;124;0;0;0;1.32
0.6000;RULT;123;0;0;0;1.32
0.6000;RULT;123;0;0;0;1.32
0.6000;RULT;123;0;0;0;1.32
0.6000;RULT;124;0;0;0;1.32
0.6000;RULT;124;0;0;0;1.32
0.6000;RULT;123;0;0;0;1.32
0.6000;RULT;123;0;0;0;1.32
0.6000;RULT;124;0;0;0;1.32
0.6000;RULT;123;0;0;0;1.32
0.6000;RULT;123;0;0;0;1.32
0.6000;RULT;123;0;0;0;1.32
0.6000;RULT;123;0;0;0;1.32
0.6000;RULT;123;0;0;0;1.32
0.6000;RULT;123;0;0;0;1.32
0.6000;ILP;27972;0;0;0;0.00
0.6000;ILP;27333;0;0;0;0.00
0.6000;ILP;26949;0;0;0;0.00
0.6000;ILP;27406;0;0;0;0.00
0.6000;ILP;27790;0;0;0;0.00
0.6000;ILP;28535;0;0;0;0.00
0.6000;ILP;27917;0;0;0;0.00
0.6000;ILP;27769;0;0;0;0.00
0.6000;ILP;27818;0;0;0;0.00
0.6000;ILP;27699;0;0;0;0.00
0.6000;ILP;28303;0;0;0;0.00
0.6000;ILP;28251;0;0;0;0.00
0.6000;ILP;28360;0;0;0;0.00
0.6000;ILP;27603;0;0;0;0.00
0.6000;ILP;27449;0;0;0;0.00
0.6000;ILP;27383;0;0;0;0.00
0.6000;ILP;27398;0;0;0;0.00
0.6000;ILP;26745;0;0;0;0.00
0.6000;ILP;27172;0;0;0;0.00
0.6000;ILP;27826;0;0;0;0.00
0.6000;ILP;28127;0;0;0;0.00
0.6000;ILP;27756;0;0;0;0.00
0.6000;ILP;27653;0;0;0;0.00
0.6000;ILP;27617;0;0;0;0.00
0.6000;ILP;27561;0;0;0;0.00
0.6000;ILP;27794;0;0;0;0.00
0.6000;ILP;27780;0;0;0;0.00
0.6000;ILP;27765;0;0;0;0.00
0.6000;ILP;27589;0;0;0;0.00
0.6000;ILP;27753;0;0;0;0.00
0.6000;ILP;27452;0;0;0;0.00
0.6000;ILP;27549;0;0;0;0.00
0.6000;ILP;27868;0;0;0;0.00
0.6000;ILP;28168;0;0;0;0.00
0.6000;ILP;26958;0;0;0;0.00
0.6000;ILP;26624;0;0;0;0.00
0.6000;ILP;26909;0;0;0;0.00
0.6000;ILP;26517;0;0;0;0.00
0.6000;ILP;27239;0;0;0;0.00
0.6000;ILP;27382;0;0;0;0.00
0.6000;CP;118938;0;0;0;0.00
0.6000;CP;119072;0;0;0;0.00
0.6000;CP;116139;0;0;0;0.00
0.6000;CP;106091;0;0;0;0.00
0.6000;CP;105894;0;0;0;0.00
0.6000;CP;119167;0;0;0;0.00
0.6000;CP;119495;0;0;0;0.00
0.6000;CP;119621;0;0;0;0.00
0.6000;CP;108044;0;0;0;0.00
0.6000;CP;106575;0;0;0;0.00
0.6000;CP;114241;0;0;0;0.00
0.6000;CP;119676;0;0;0;0.00
0.6000;CP;119920;0;0;0;0.00
0.6000;CP;115232;0;0;0;0.00
0.6000;CP;105731;0;0;0;0.00
0.6000;CP;105648;0;0;0;0.00
0.6000;CP;119787;0;0;0;0.00
0.6000;CP;119845;0;0;0;0.00
0.6000;CP;119161;0;0;0;0.00
0.6000;CP;108290;0;0;0;0.00
0.6000;CP;212180;0;0;0;0.00
0.6000;CP;212692;0;0;0;0.00
0.6000;CP;211952;0;0;0;0.00
0.6000;CP;212492;0;0;0;0.00
0.6000;CP;211837;0;0;0;0.00
0.6000;CP;211808;0;0;0;0.00
0.6000;CP;211436;0;0;0;0.00
0.6000;CP;211682;0;0;0;0.00
0.6000;CP;211775;0;0;0;0.00
0.6000;CP;180997;0;0;0;0.00
0.6000;CP;206057;0;0;0;0.00
0.6000;CP;211592;0;0;0;0.00
0.6000;CP;214002;0;0;0;0.00
0.6000;CP;211578;0;0;0;0.00
0.6000;CP;212019;0;0;0;0.00
0.6000;CP;211787;0;0;0;0.00
0.6000;CP;211527;0;0;0;0.00
0.6000;CP;210977;0;0;0;0.00
0.6000;CP;211336;0;0;0;0.00
0.6000;CP;187001;0;0;0;0.00
0.6000;SCP;130042;0;0;0;0.00
0.6000;SCP;132618;0;0;0;0.00
0.6000;SCP;132565;0;0;0;0.00
0.6000;SCP;132608;0;0;0;0.00
0.6000;SCP;131945;0;0;0;0.00
0.6000;SCP;131983;0;0;0;0.00
0.6000;SCP;134694;0;0;0;0.00
0.6000;SCP;133109;0;0;0;0.00
0.6000;SCP;131978;0;0;0;0.00
0.6000;SCP;130301;0;0;0;0.00
0.6000;SCP;129328;0;0;0;0.00
0.6000;SCP;131070;0;0;0;0.00
0.6000;SCP;132601;0;0;0;0.00
0.6000;SCP;132596;0;0;0;0.00
0.6000;SCP;132751;0;0;0;0.00
0.6000;SCP;129308;0;0;0;0.00
0.6000;SCP;130973;0;0;0;0.00
0.6000;SCP;132422;0;0;0;0.00
0.6000;SCP;132714;0;0;0;0.00
0.6000;SCP;132081;0;0;0;0.00
0.6000;SCP;238324;0;0;0;0.00
0.6000;SCP;241367;0;0;0;0.00
0.6000;SCP;241500;0;0;0;0.00
0.6000;SCP;240960;0;0;0;0.00
0.6000;SCP;240841;0;0;0;0.00
0.6000;SCP;240893;0;0;0;0.00
0.6000;SCP;241208;0;0;0;0.00
0.6000;SCP;241536;0;0;0;0.00
0.6000;SCP;237967;0;0;0;0.00
0.6000;SCP;237084;0;0;0;0.00
0.6000;SCP;241562;0;0;0;0.00
0.6000;SCP;241076;0;0;0;0.00
0.6000;SCP;241803;0;0;0;0.00
0.6000;SCP;241044;0;0;0;0.00
0.6000;SCP;241400;0;0;0;0.00
0.6000;SCP;240792;0;0;0;0.00
0.6000;SCP;240950;0;0;0;0.00
0.6000;SCP;240322;0;0;0;0.00
0.6000;SCP;234623;0;0;0;0.00
0.6000;SCP;240627;0;0;0;0.00
0.6000;KAB;433;0;0;0;0.00
0.6000;KAB;86;0;0;0;0.00
0.6000;KAB;85;0;0;0;0.00
0.6000;KAB;84;0;0;0;0.00
0.6000;KAB;84;0;0;0;0.00
0.6000;KAB;84;0;0;0;0.00
0.6000;KAB;84;0;0;0;0.00
0.6000;KAB;84;0;0;0;0.00
0.6000;KAB;84;0;0;0;0.00
0.6000;KAB;84;0;0;0;0.00
0.6000;KAB;84;0;0;0;0.00
0.6000;KAB;83;0;0;0;0.00
0.6000;KAB;84;0;0;0;0.00
0.6000;KAB;84;0;0;0;0.00
0.6000;KAB;84;0;0;0;0.00
0.6000;KAB;83;0;0;0;0.00
0.6000;KAB;84;0;0;0;0.00
0.6000;KAB;83;0;0;0;0.00
0.6000;KAB;84;0;0;0;0.00
0.6000;KAB;84;0;0;0;0.00
0.6000;KAB;487;0;0;0;0.00
0.6000;KAB;143;0;0;0;0.00
0.6000;KAB;140;0;0;0;0.00
0.6000;KAB;137;0;0;0;0.00
0.6000;KAB;136;0;0;0;0.00
0.6000;KAB;137;0;0;0;0.00
0.6000;KAB;136;0;0;0;0.00
0.6000;KAB;138;0;0;0;0.00
0.6000;KAB;137;0;0;0;0.00
0.6000;KAB;135;0;0;0;0.00
0.6000;KAB;136;0;0;0;0.00
0.6000;KAB;135;0;0;0;0.00
0.6000;KAB;147;0;0;0;0.00
0.6000;KAB;136;0;0;0;0.00
0.6000;KAB;135;0;0;0;0.00
0.6000;KAB;136;0;0;0;0.00
0.6000;KAB;136;0;0;0;0.00
0.6000;KAB;138;0;0;0;0.00
0.6000;KAB;136;0;0;0;0.00
0.6000;KAB;136;0;0;0;0.00
0.6000;BFDC;229;0;0;0;1.55
0.6000;BFDC;228;0;0;0;1.55
0.6000;BFDC;227;0;0;0;1.55
0.6000;BFDC;226;0;0;0;1.55
0.6000;BFDC;227;0;0;0;1.55
0.6000;BFDC;232;0;0;0;1.55
0.6000;BFDC;227;0;0;0;1.55
0.6000;BFDC;226;0;0;0;1.55
0.6000;BFDC;226;0;0;0;1.55
0.6000;BFDC;227;0;0;0;1.55
0.6000;BFDC;226;0;0;0;1.55
0.6000;BFDC;226;0;0;0;1.55
0.6000;BFDC;226;0;0;0;1.55
0.6000;BFDC;226;0;0;0;1.55
0.6000;BFDC;226;0;0;0;1.55
0.6000;BFDC;226;0;0;0;1.55
0.6000;BFDC;225;0;0;0;1.55
0.6000;BFDC;226;0;0;0;1.55
0.6000;BFDC;226;0;0;0;1.55
0.6000;BFDC;226;0;0;0;1.55
0.6000;BFDC;239;0;0;0;1.63
0.6000;BFDC;238;0;0;0;1.63
0.6000;BFDC;237;0;0;0;1.63
0.6000;BFDC;238;0;0;0;1.63
0.6000;BFDC;238;0;0;0;1.63
0.6000;BFDC;238;0;0;0;1.63
0.6000;BFDC;237;0;0;0;1.63
0.6000;BFDC;238;0;0;0;1.63
0.6000;BFDC;238;0;0;0;1.63
0.6000;BFDC;237;0;0;0;1.63
0.6000;BFDC;237;0;0;0;1.63
0.6000;BFDC;238;0;0;0;1.63
0.6000;BFDC;239;0;0;0;1.63
0.6000;BFDC;238;0;0;0;1.63
0.6000;BFDC;237;0;0;0;1.63
0.6000;BFDC;238;0;0;0;1.63
0.6000;BFDC;237;0;0;0;1.63
0.6000;BFDC;239;0;0;0;1.63
0.6000;BFDC;238;0;0;0;1.63
0.6000;BFDC;237;0;0;0;1.63
0.6000;CRA;120;0;0;0;0.86
0.6000;CRA;115;0;0;0;0.86
0.6000;CRA;114;0;0;0;0.86
0.6000;CRA;113;0;0;0;0.86
0.6000;CRA;112;0;0;0;0.86
0.6000;CRA;112;0;0;0;0.86
0.6000;CRA;112;0;0;0;0.86
0.6000;CRA;113;0;0;0;0.86
0.6000;CRA;113;0;0;0;0.86
0.6000;CRA;112;0;0;0;0.86
0.6000;CRA;113;0;0;0;0.86
0.6000;CRA;110;0;0;0;0.86
0.6000;CRA;110;0;0;0;0.86
0.6000;CRA;110;0;0;0;0.86
0.6000;CRA;110;0;0;0;0.86
0.6000;CRA;109;0;0;0;0.86
0.6000;CRA;110;0;0;0;0.86
0.6000;CRA;110;0;0;0;0.86
0.6000;CRA;110;0;0;0;0.86
0.6000;CRA;109;0;0;0;0.86
0.6000;CRA;149;0;0;0;1.08
0.6000;CRA;144;0;0;0;1.08
0.6000;CRA;143;0;0;0;1.08
0.6000;CRA;143;0;0;0;1.08
0.6000;CRA;143;0;0;0;1.08
0.6000;CRA;142;0;0;0;1.08
0.6000;CRA;142;0;0;0;1.08
0.6000;CRA;142;0;0;0;1.08
0.6000;CRA;142;0;0;0;1.08
0.6000;CRA;142;0;0;0;1.08
0.6000;CRA;147;0;0;0;1.08
0.6000;CRA;141;0;0;0;1.08
0.6000;CRA;141;0;0;0;1.08
0.6000;CRA;141;0;0;0;1.08
0.6000;CRA;142;0;0;0;1.08
0.6000;CRA;142;0;0;0;1.08
0.6000;CRA;141;0;0;0;1.08
0.6000;CRA;142;0;0;0;1.08
0.6000;CRA;141;0;0;0;1.08
0.6000;CRA;141;0;0;0;1.08
0.8000;ULT;1220383;0;0;0;367.42
0.8000;ULT;1227328;0;0;0;367.42
0.8000;ULT;1207572;0;0;0;367.42
0.8000;ULT;1235264;0;0;0;367.42
0.8000;ULT;1234779;0;0;0;367.42
0.8000;ULT;1211941;0;0;0;367.42
0.8000;ULT;1197747;0;0;0;367.42
0.8000;ULT;1238025;0;0;0;367.42
0.8000;ULT;1244663;0;0;0;367.42
0.8000;ULT;1254277;0;0;0;367.42
0.8000;ULT;1239688;0;0;0;367.42
0.8000;ULT;1241607;0;0;0;367.42
0.8000;ULT;1254997;0;0;0;367.42
0.8000;ULT;1240161;0;0;0;367.42
0.8000;ULT;1239665;0;0;0;367.42
0.8000;ULT;1253844;0;0;0;367.42
0.8000;ULT;1241866;0;0;0;367.42
0.8000;ULT;1235922;0;0;0;367.42
0.8000;ULT;1253265;0;0;0;367.42
0.8000;ULT;1240898;0;0;0;367.42
0.8000;ULT;2000001;0;0;1;570.20
0.8000;ULT;2000002;0;0;1;583.89
0.8000;ULT;2000001;0;0;1;584.28
0.8000;ULT;2000000;0;0;1;583.96
0.8000;ULT;2000001;0;0;1;584.37
0.8000;ULT;2000000;0;0;1;584.37
0.8000;ULT;2000002;0;0;1;596.29
0.8000;ULT;2000001;0;0;1;589.06
0.8000;ULT;2000000;0;0;1;588.95
0.8000;ULT;2000001;0;0;1;604.47
0.8000;ULT;2000000;0;0;1;604.66
0.8000;ULT;2000000;0;0;1;614.73
0.8000;ULT;2000001;0;0;1;614.73
0.8000;ULT;2000000;0;0;1;600.72
0.8000;ULT;2000000;0;0;1;601.88
0.8000;ULT;2000001;0;0;1;600.87
0.8000;ULT;2000001;0;0;1;601.36
0.8000;ULT;2000000;0;0;1;601.50
0.8000;ULT;2000001;0;0;1;588.18
0.8000;ULT;2000000;0;0;1;594.78
0.8000;RULT;105;0;0;0;1.01
0.8000;RULT;96;0;0;0;1.01
0.8000;RULT;96;0;0;0;1.01
0.8000;RULT;97;0;0;0;1.01
0.8000;RULT;96;0;0;0;1.01
0.8000;RULT;96;0;0;0;1.01
0.8000;RULT;96;0;0;0;1.01
0.8000;RULT;97;0;0;0;1.01
0.8000;RULT;96;0;0;0;1.01
0.8000;RULT;96;0;0;0;1.01
0.8000;RULT;96;0;0;0;1.01
0.8000;RULT;95;0;0;0;1.01
0.8000;RULT;95;0;0;0;1.01
0.8000;RULT;96;0;0;0;1.01
0.8000;RULT;96;0;0;0;1.01
0.8000;RULT;96;0;0;0;1.01
0.8000;RULT;96;0;0;0;1.01
0.8000;RULT;96;0;0;0;1.01
0.8000;RULT;96;0;0;0;1.01
0.8000;RULT;96;0;0;0;1.01
0.8000;RULT;1898;0;0;0;10.19
0.8000;RULT;1863;0;0;0;10.19
0.8000;RULT;1873;0;0;0;10.19
0.8000;RULT;1864;0;0;0;10.19
0.8000;RULT;1874;0;0;0;10.19
0.8000;RULT;1871;0;0;0;10.19
0.8000;RULT;1865;0;0;0;10.19
0.8000;RULT;1871;0;0;0;10.19
0.8000;RULT;1865;0;0;0;10.19
0.8000;RULT;1862;0;0;0;10.19
0.8000;RULT;1868;0;0;0;10.19
0.8000;RULT;1868;0;0;0;10.19
0.8000;RULT;1870;0;0;0;10.19
0.8000;RULT;1876;0;0;0;10.19
0.8000;RULT;1865;0;0;0;10.19
0.8000;RULT;1870;0;0;0;10.19
0.8000;RULT;1870;0;0;0;10.19
0.8000;RULT;1867;0;0;0;10.19
0.8000;RULT;1866;0;0;0;10.19
0.8000;RULT;1862;0;0;0;10.19
0.8000;ILP;32581;0;0;0;0.00
0.8000;ILP;32804;0;0;0;0.00
0.8000;ILP;32990;0;0;0;0.00
0.8000;ILP;33517;0;0;0;0.00
0.8000;ILP;32972;0;0;0;0.00
0.8000;ILP;32831;0;0;0;0.00
0.8000;ILP;33137;0;0;0;0.00
0.8000;ILP;32920;0;0;0;0.00
0.8000;ILP;32835;0;0;0;0.00
0.8000;ILP;32535;0;0;0;0.00
0.8000;ILP;32724;0;0;0;0.00
0.8000;ILP;33019;0;0;0;0.00
0.8000;ILP;32792;0;0;0;0.00
0.8000;ILP;33092;0;0;0;0.00
0.8000;ILP;33674;0;0;0;0.00
0.8000;ILP;32975;0;0;0;0.00
0.8000;ILP;33636;0;0;0;0.00
0.8000;ILP;32284;0;0;0;0.00
0.8000;ILP;32130;0;0;0;0.00
0.8000;ILP;32164;0;0;0;0.00
0.8000;ILP;39750;0;0;0;0.00
0.8000;ILP;39041;0;0;0;0.00
0.8000;ILP;39958;0;0;0;0.00
0.8000;ILP;39971;0;0;0;0.00
0.8000;ILP;40374;0;0;0;0.00
0.8000;ILP;39429;0;0;0;0.00
0.8000;ILP;39502;0;0;0;0.00
0.8000;ILP;39745;0;0;0;0.00
0.8000;ILP;40101;0;0;0;0.00
0.8000;ILP;38750;0;0;0;0.00
0.8000;ILP;39330;0;0;0;0.00
0.8000;ILP;40017;0;0;0;0.00
0.8000;ILP;39308;0;0;0;0.00
0.8000;ILP;39307;0;0;0;0.00
0.8000;ILP;39792;0;0;0;0.00
0.8000;ILP;40310;0;0;0;0.00
0.8000;ILP;39371;0;0;0;0.00
0.8000;ILP;39057;0;0;0;0.00
0.8000;ILP;40121;0;0;0;0.00
0.8000;ILP;39124;0;0;0;0.00
0.8000;CP;130623;0;0;0;0.00
0.8000;CP;146566;0;0;0;0.00
0.8000;CP;146215;0;0;0;0.00
0.8000;CP;146419;0;0;0;0.00
0.8000;CP;147668;0;0;0;0.00
0.8000;CP;146836;0;0;0;0.00
0.8000;CP;145920;0;0;0;0.00
0.8000;CP;146147;0;0;0;0.00
0.8000;CP;146424;0;0;0;0.00
0.8000;CP;145709;0;0;0;0.00
0.8000;CP;146802;0;0;0;0.00
0.8000;CP;145669;0;0;0;0.00
0.8000;CP;146612;0;0;0;0.00
0.8000;CP;125982;0;0;0;0.00
0.8000;CP;128683;0;0;0;0.00
0.8000;CP;146762;0;0;0;0.00
0.8000;CP;147962;0;0;0;0.00
0.8000;CP;145985;0;0;0;0.00
0.8000;CP;146185;0;0;0;0.00
0.8000;CP;147093;0;0;0;0.00
0.8000;CP;229771;0;0;0;0.00
0.8000;CP;232292;0;0;0;0.00
0.8000;CP;231704;0;0;0;0.00
0.8000;CP;238165;0;0;0;0.00
0.8000;CP;225513;0;0;0;0.00
0.8000;CP;274178;0;0;0;0.00
0.8000;CP;274761;0;0;0;0.00
0.8000;CP;276690;0;0;0;0.00
0.8000;CP;274615;0;0;0;0.00
0.8000;CP;273311;0;0;0;0.00
0.8000;CP;273888;0;0;0;0.00
0.8000;CP;274341;0;0;0;0.00
0.8000;CP;226036;0;0;0;0.00
0.8000;CP;269114;0;0;0;0.00
0.8000;CP;274971;0;0;0;0.00
0.8000;CP;275553;0;0;0;0.00
0.8000;CP;274419;0;0;0;0.00
0.8000;CP;274610;0;0;0;0.00
0.8000;CP;273051;0;0;0;0.00
0.8000;CP;274121;0;0;0;0.00
0.8000;SCP;125604;0;0;0;0.00
0.8000;SCP;126515;0;0;0;0.00
0.8000;SCP;127049;0;0;0;0.00
0.8000;SCP;125954;0;0;0;0.00
0.8000;SCP;125822;0;0;0;0.00
0.8000;SCP;126151;0;0;0;0.00
0.8000;SCP;125918;0;0;0;0.00
0.8000;SCP;125940;0;0;0;0.00
0.8000;SCP;125494;0;0;0;0.00
0.8000;SCP;122232;0;0;0;0.00
0.8000;SCP;124265;0;0;0;0.00
0.8000;SCP;126525;0;0;0;0.00
0.8000;SCP;125875;0;0;0;0.00
0.8000;SCP;126155;0;0;0;0.00
0.8000;SCP;126001;0;0;0;0.00
0.8000;SCP;126722;0;0;0;0.00
0.8000;SCP;125799;0;0;0;0.00
0.8000;SCP;125726;0;0;0;0.00
0.8000;SCP;126502;0;0;0;0.00
0.8000;SCP;133799;0;0;0;0.00
0.8000;SCP;304119;0;0;0;0.00
0.8000;SCP;291657;0;0;0;0.00
0.8000;SCP;291190;0;0;0;0.00
0.8000;SCP;291738;0;0;0;0.00
0.8000;SCP;291393;0;0;0;0.00
0.8000;SCP;292162;0;0;0;0.00
0.8000;SCP;291254;0;0;0;0.00
0.8000;SCP;290907;0;0;0;0.00
0.8000;SCP;285685;0;0;0;0.00
0.8000;SCP;291511;0;0;0;0.00
0.8000;SCP;292179;0;0;0;0.00
0.8000;SCP;291018;0;0;0;0.00
0.8000;SCP;291185;0;0;0;0.00
0.8000;SCP;291692;0;0;0;0.00
0.8000;SCP;290520;0;0;0;0.00
0.8000;SCP;289485;0;0;0;0.00
0.8000;SCP;286869;0;0;0;0.00
0.8000;SCP;290742;0;0;0;0.00
0.8000;SCP;291231;0;0;0;0.00
0.8000;SCP;291742;0;0;0;0.00
0.8000;KAB;397;0;0;0;0.00
0.8000;KAB;49;0;0;0;0.00
0.8000;KAB;49;0;0;0;0.00
0.8000;KAB;48;0;0;0;0.00
0.8000;KAB;48;0;0;0;0.00
0.8000;KAB;48;0;0;0;0.00
0.8000;KAB;48;0;0;0;0.00
0.8000;KAB;49;0;0;0;0.00
0.8000;KAB;48;0;0;0;0.00
0.8000;KAB;48;0;0;0;0.00
0.8000;KAB;48;0;0;0;0.00
0.8000;KAB;48;0;0;0;0.00
0.8000;KAB;48;0;0;0;0.00
0.8000;KAB;48;0;0;0;0.00
0.8000;KAB;48;0;0;0;0.00
0.8000;KAB;48;0;0;0;0.00
0.8000;KAB;48;0;0;0;0.00
0.8000;KAB;48;0;0;0;0.00
0.8000;KAB;48;0;0;0;0.00
0.8000;KAB;48;0;0;0;0.00
0.8000;KAB;1884371;0;0;0;0.00
0.8000;KAB;1869501;0;0;0;0.00
0.8000;KAB;1869961;0;0;0;0.00
0.8000;KAB;1869222;0;0;0;0.00
0.8000;KAB;1868918;0;0;0;0.00
0.8000;KAB;1865894;0;0;0;0.00
0.8000;KAB;1865074;0;0;0;0.00
0.8000;KAB;1864563;0;0;0;0.00
0.8000;KAB;1865248;0;0;0;0.00
0.8000;KAB;1867898;0;0;0;0.00
0.8000;KAB;1868295;0;0;0;0.00
0.8000;KAB;1868348;0;0;0;0.00
0.8000;KAB;1869336;0;0;0;0.00
0.8000;KAB;1867904;0;0;0;0.00
0.8000;KAB;1868404;0;0;0;0.00
0.8000;KAB;1867752;0;0;0;0.00
0.8000;KAB;1868181;0;0;0;0.00
0.8000;KAB;1864069;0;0;0;0.00
0.8000;KAB;1864367;0;0;0;0.00
0.8000;KAB;1865408;0;0;0;0.00
0.8000;BFDC;187;0;0;0;1.33
0.8000;BFDC;184;0;0;0;1.33
0.8000;BFDC;183;0;0;0;1.33
0.8000;BFDC;183;0;0;0;1.33
0.8000;BFDC;183;0;0;0;1.33
0.8000;BFDC;182;0;0;0;1.33
0.8000;BFDC;182;0;0;0;1.33
0.8000;BFDC;183;0;0;0;1.33
0.8000;BFDC;183;0;0;0;1.33
0.8000;BFDC;182;0;0;0;1.33
0.8000;BFDC;191;0;0;0;1.33
0.8000;BFDC;187;0;0;0;1.33
0.8000;BFDC;187;0;0;0;1.33
0.8000;BFDC;187;0;0;0;1.33
0.8000;BFDC;187;0;0;0;1.33
0.8000;BFDC;187;0;0;0;1.33
0.8000;BFDC;187;0;0;0;1.33
0.8000;BFDC;182;0;0;0;1.33
0.8000;BFDC;182;0;0;0;1.33
0.8000;BFDC;183;0;0;0;1.33
0.8000;BFDC;458;0;0;0;3.16
0.8000;BFDC;457;0;0;0;3.16
0.8000;BFDC;456;0;0;0;3.16
0.8000;BFDC;455;0;0;0;3.16
0.8000;BFDC;455;0;0;0;3.16
0.8000;BFDC;460;0;0;0;3.16
0.8000;BFDC;457;0;0;0;3.16
0.8000;BFDC;457;0;0;0;3.16
0.8000;BFDC;456;0;0;0;3.16
0.8000;BFDC;457;0;0;0;3.16
0.8000;BFDC;458;0;0;0;3.16
0.8000;BFDC;457;0;0;0;3.16
0.8000;BFDC;461;0;0;0;3.16
0.8000;BFDC;457;0;0;0;3.16
0.8000;BFDC;457;0;0;0;3.16
0.8000;BFDC;456;0;0;0;3.16
0.8000;BFDC;456;0;0;0;3.16
0.8000;BFDC;457;0;0;0;3.16
0.8000;BFDC;456;0;0;0;3.16
0.8000;BFDC;462;0;0;0;3.16
0.8000;CRA;94;0;0;0;0.42
0.8000;CRA;64;0;0;0;0.42
0.8000;CRA;62;0;0;0;0.42
0.8000;CRA;60;0;0;0;0.42
0.8000;CRA;59;0;0;0;0.42
0.8000;CRA;59;0;0;0;0.42
0.8000;CRA;58;0;0;0;0.42
0.8000;CRA;58;0;0;0;0.42
0.8000;CRA;57;0;0;0;0.42
0.8000;CRA;57;0;0;0;0.42
0.8000;CRA;57;0;0;0;0.42
0.8000;CRA;57;0;0;0;0.42
0.8000;CRA;56;0;0;0;0.42
0.8000;CRA;56;0;0;0;0.42
0.8000;CRA;56;0;0;0;0.42
0.8000;CRA;56;0;0;0;0.42
0.8000;CRA;56;0;0;0;0.42
0.8000;CRA;56;0;0;0;0.42
0.8000;CRA;56;0;0;0;0.42
0.8000;CRA;55;0;0;0;0.42
0.8000;CRA;3707;0;0;0;11.40
0.8000;CRA;3682;0;0;0;11.40
0.8000;CRA;3680;0;0;0;11.40
0.8000;CRA;3682;0;0;0;11.40
0.8000;CRA;3675;0;0;0;11.40
0.8000;CRA;3690;0;0;0;11.40
0.8000;CRA;3677;0;0;0;11.40
0.8000;CRA;3682;0;0;0;11.40
0.8000;CRA;3686;0;0;0;11.40
0.8000;CRA;3671;0;0;0;11.40
0.8000;CRA;3675;0;0;0;11.40
0.8000;CRA;3683;0;0;0;11.40
0.8000;CRA;3688;0;0;0;11.40
0.8000;CRA;3680;0;0;0;11.40
0.8000;CRA;3674;0;0;0;11.40
0.8000;CRA;3675;0;0;0;11.40
0.8000;CRA;3679;0;0;0;11.40
0.8000;CRA;3680;0;0;0;11.40
0.8000;CRA;3678;0;0;0;11.40
0.8000;CRA;3677;0;0;0;11.40
1.0000;ULT;158398;0;0;0;48.56
1.0000;ULT;163245;0;0;0;48.56
1.0000;ULT;163109;0;0;0;48.56
1.0000;ULT;163003;0;0;0;48.56
1.0000;ULT;162729;0;0;0;48.56
1.0000;ULT;159268;0;0;0;48.56
1.0000;ULT;163221;0;0;0;48.56
1.0000;ULT;163094;0;0;0;48.56
1.0000;ULT;162666;0;0;0;48.56
1.0000;ULT;160187;0;0;0;48.56
1.0000;ULT;163153;0;0;0;48.56
1.0000;ULT;163162;0;0;0;48.56
1.0000;ULT;162922;0;0;0;48.56
1.0000;ULT;162562;0;0;0;48.56
1.0000;ULT;157071;0;0;0;48.56
1.0000;ULT;163117;0;0;0;48.56
1.0000;ULT;163050;0;0;0;48.56
1.0000;ULT;162726;0;0;0;48.56
1.0000;ULT;162129;0;0;0;48.56
1.0000;ULT;163212;0;0;0;48.56
1.0000;ULT;2000002;0;0;1;589.11
1.0000;ULT;2000001;0;0;1;588.86
1.0000;ULT;2000001;0;0;1;605.93
1.0000;ULT;2000001;0;0;1;605.65
1.0000;ULT;2000001;0;0;1;613.08
1.0000;ULT;2000001;0;0;1;617.56
1.0000;ULT;2000001;0;0;1;617.38
1.0000;ULT;2000000;0;0;1;617.57
1.0000;ULT;2000000;0;0;1;617.25
1.0000;ULT;2000001;0;0;1;617.48
1.0000;ULT;2000000;0;0;1;614.64
1.0000;ULT;2000000;0;0;1;617.16
1.0000;ULT;2000001;0;0;1;617.17
1.0000;ULT;2000000;0;0;1;617.14
1.0000;ULT;2000000;0;0;1;617.22
1.0000;ULT;2000000;0;0;1;617.20
1.0000;ULT;2000001;0;0;1;616.81
1.0000;ULT;2000001;0;0;1;617.26
1.0000;ULT;2000001;0;0;1;616.96
1.0000;ULT;2000001;0;0;1;617.28
1.0000;RULT;54;0;0;0;0.55
1.0000;RULT;53;0;0;0;0.55
1.0000;RULT;54;0;0;0;0.55
1.0000;RULT;54;0;0;0;0.55
1.0000;RULT;53;0;0;0;0.55
1.0000;RULT;54;0;0;0;0.55
1.0000;RULT;53;0;0;0;0.55
1.0000;RULT;54;0;0;0;0.55
1.0000;RULT;53;0;0;0;0.55
1.0000;RULT;53;0;0;0;0.55
1.0000;RULT;53;0;0;0;0.55
1.0000;RULT;53;0;0;0;0.55
1.0000;RULT;53;0;0;0;0.55
1.0000;RULT;53;0;0;0;0.55
1.0000;RULT;54;0;0;0;0.55
1.0000;RULT;53;0;0;0;0.55
1.0000;RULT;53;0;0;0;0.55
1.0000;RULT;53;0;0;0;0.55
1.0000;RULT;53;0;0;0;0.55
1.0000;RULT;54;0;0;0;0.55
1.0000;RULT;82;0;0;0;0.86
1.0000;RULT;82;0;0;0;0.86
1.0000;RULT;82;0;0;0;0.86
1.0000;RULT;82;0;0;0;0.86
1.0000;RULT;82;0;0;0;0.86
1.0000;RULT;81;0;0;0;0.86
1.0000;RULT;82;0;0;0;0.86
1.0000;RULT;82;0;0;0;0.86
1.0000;RULT;82;0;0;0;0.86
1.0000;RULT;82;0;0;0;0.86
1.0000;RULT;82;0;0;0;0.86
1.0000;RULT;81;0;0;0;0.86
1.0000;RULT;82;0;0;0;0.86
1.0000;RULT;82;0;0;0;0.86
1.0000;RULT;82;0;0;0;0.86
1.0000;RULT;82;0;0;0;0.86
1.0000;RULT;82;0;0;0;0.86
1.0000;RULT;82;0;0;0;0.86
1.0000;RULT;81;0;0;0;0.86
1.0000;RULT;82;0;0;0;0.86
1.0000;ILP;38045;0;0;0;0.00
1.0000;ILP;37657;0;0;0;0.00
1.0000;ILP;37448;0;0;0;0.00
1.0000;ILP;37304;0;0;0;0.00
1.0000;ILP;37685;0;0;0;0.00
1.0000;ILP;38273;0;0;0;0.00
1.0000;ILP;37830;0;0;0;0.00
1.0000;ILP;37413;0;0;0;0.00
1.0000;ILP;37282;0;0;0;0.00
1.0000;ILP;37107;0;0;0;0.00
1.0000;ILP;37244;0;0;0;0.00
1.0000;ILP;37490;0;0;0;0.00
1.0000;ILP;37476;0;0;0;0.00
1.0000;ILP;37346;0;0;0;0.00
1.0000;ILP;37460;0;0;0;0.00
1.0000;ILP;37508;0;0;0;0.00
1.0000;ILP;37248;0;0;0;0.00
1.0000;ILP;37459;0;0;0;0.00
1.0000;ILP;37463;0;0;0;0.00
1.0000;ILP;37739;0;0;0;0.00
1.0000;ILP;37592;0;0;0;0.00
1.0000;ILP;36668;0;0;0;0.00
1.0000;ILP;36723;0;0;0;0.00
1.0000;ILP;36766;0;0;0;0.00
1.0000;ILP;36750;0;0;0;0.00
1.0000;ILP;36627;0;0;0;0.00
1.0000;ILP;36612;0;0;0;0.00
1.0000;ILP;36500;0;0;0;0.00
1.0000;ILP;36557;0;0;0;0.00
1.0000;ILP;36686;0;0;0;0.00
1.0000;ILP;36483;0;0;0;0.00
1.0000;ILP;36458;0;0;0;0.00
1.0000;ILP;36450;0;0;0;0.00
1.0000;ILP;36501;0;0;0;0.00
1.0000;ILP;37329;0;0;0;0.00
1.0000;ILP;36552;0;0;0;0.00
1.0000;ILP;36470;0;0;0;0.00
1.0000;ILP;36422;0;0;0;0.00
1.0000;ILP;36534;0;0;0;0.00
1.0000;ILP;36506;0;0;0;0.00
1.0000;CP;143115;0;0;0;0.00
1.0000;CP;147275;0;0;0;0.00
1.0000;CP;163683;0;0;0;0.00
1.0000;CP;162982;0;0;0;0.00
1.0000;CP;162238;0;0;0;0.00
1.0000;CP;162174;0;0;0;0.00
1.0000;CP;163126;0;0;0;0.00
1.0000;CP;162254;0;0;0;0.00
1.0000;CP;162320;0;0;0;0.00
1.0000;CP;162235;0;0;0;0.00
1.0000;CP;162199;0;0;0;0.00
1.0000;CP;162311;0;0;0;0.00
1.0000;CP;153866;0;0;0;0.00
1.0000;CP;141733;0;0;0;0.00
1.0000;CP;159353;0;0;0;0.00
1.0000;CP;162245;0;0;0;0.00
1.0000;CP;161756;0;0;0;0.00
1.0000;CP;162355;0;0;0;0.00
1.0000;CP;162758;0;0;0;0.00
1.0000;CP;162516;0;0;0;0.00
1.0000;CP;138694;0;0;0;0.00
1.0000;CP;141551;0;0;0;0.00
1.0000;CP;140631;0;0;0;0.00
1.0000;CP;141391;0;0;0;0.00
1.0000;CP;140732;0;0;0;0.00
1.0000;CP;140781;0;0;0;0.00
1.0000;CP;140913;0;0;0;0.00
1.0000;CP;141368;0;0;0;0.00
1.0000;CP;141933;0;0;0;0.00
1.0000;CP;141036;0;0;0;0.00
1.0000;CP;140836;0;0;0;0.00
1.0000;CP;141356;0;0;0;0.00
1.0000;CP;140495;0;0;0;0.00
1.0000;CP;140743;0;0;0;0.00
1.0000;CP;140881;0;0;0;0.00
1.0000;CP;141223;0;0;0;0.00
1.0000;CP;141460;0;0;0;0.00
1.0000;CP;141304;0;0;0;0.00
1.0000;CP;141437;0;0;0;0.00
1.0000;CP;141175;0;0;0;0.00
1.0000;SCP;72797;0;0;0;0.00
1.0000;SCP;72924;0;0;0;0.00
1.0000;SCP;72925;0;0;0;0.00
1.0000;SCP;72905;0;0;0;0.00
1.0000;SCP;72871;0;0;0;0.00
1.0000;SCP;72804;0;0;0;0.00
1.0000;SCP;72882;0;0;0;0.00
1.0000;SCP;72924;0;0;0;0.00
1.0000;SCP;72741;0;0;0;0.00
1.0000;SCP;72768;0;0;0;0.00
1.0000;SCP;72693;0;0;0;0.00
1.0000;SCP;73179;0;0;0;0.00
1.0000;SCP;71290;0;0;0;0.00
1.0000;SCP;71020;0;0;0;0.00
1.0000;SCP;70751;0;0;0;0.00
1.0000;SCP;71664;0;0;0;0.00
1.0000;SCP;71712;0;0;0;0.00
1.0000;SCP;71751;0;0;0;0.00
1.0000;SCP;73304;0;0;0;0.00
1.0000;SCP;71606;0;0;0;0.00
1.0000;SCP;197942;0;0;0;0.00
1.0000;SCP;197034;0;0;0;0.00
1.0000;SCP;198555;0;0;0;0.00
1.0000;SCP;196718;0;0;0;0.00
1.0000;SCP;197737;0;0;0;0.00
1.0000;SCP;197792;0;0;0;0.00
1.0000;SCP;197132;0;0;0;0.00
1.0000;SCP;196980;0;0;0;0.00
1.0000;SCP;197193;0;0;0;0.00
1.0000;SCP;198054;0;0;0;0.00
1.0000;SCP;197627;0;0;0;0.00
1.0000;SCP;197777;0;0;0;0.00
1.0000;SCP;197940;0;0;0;0.00
1.0000;SCP;197153;0;0;0;0.00
1.0000;SCP;197354;0;0;0;0.00
1.0000;SCP;197987;0;0;0;0.00
1.0000;SCP;197809;0;0;0;0.00
1.0000;SCP;198260;0;0;0;0.00
1.0000;SCP;197948;0;0;0;0.00
1.0000;SCP;197623;0;0;0;0.00
1.0000;KAB;446;0;0;0;0.00
1.0000;KAB;111;0;0;0;0.00
1.0000;KAB;109;0;0;0;0.00
1.0000;KAB;107;0;0;0;0.00
1.0000;KAB;106;0;0;0;0.00
1.0000;KAB;107;0;0;0;0.00
1.0000;KAB;106;0;0;0;0.00
1.0000;KAB;107;0;0;0;0.00
1.0000;KAB;107;0;0;0;0.00
1.0000;KAB;107;0;0;0;0.00
1.0000;KAB;107;0;0;0;0.00
1.0000;KAB;108;0;0;0;0.00
1.0000;KAB;108;0;0;0;0.00
1.0000;KAB;115;0;0;0;0.00
1.0000;KAB;107;0;0;0;0.00
1.0000;KAB;107;0;0;0;0.00
1.0000;KAB;107;0;0;0;0.00
1.0000;KAB;109;0;0;0;0.00
1.0000;KAB;112;0;0;0;0.00
1.0000;KAB;114;0;0;0;0.00
1.0000;KAB;459;0;0;0;0.00
1.0000;KAB;126;0;0;0;0.00
1.0000;KAB;122;0;0;0;0.00
1.0000;KAB;121;0;0;0;0.00
1.0000;KAB;121;0;0;0;0.00
1.0000;KAB;121;0;0;0;0.00
1.0000;KAB;122;0;0;0;0.00
1.0000;KAB;121;0;0;0;0.00
1.0000;KAB;121;0;0;0;0.00
1.0000;KAB;128;0;0;0;0.00
1.0000;KAB;121;0;0;0;0.00
1.0000;KAB;121;0;0;0;0.00
1.0000;KAB;121;0;0;0;0.00
1.0000;KAB;120;0;0;0;0.00
1.0000;KAB;121;0;0;0;0.00
1.0000;KAB;120;0;0;0;0.00
1.0000;KAB;121;0;0;0;0.00
1.0000;KAB;121;0;0;0;0.00
1.0000;KAB;121;0;0;0;0.00
1.0000;KAB;121;0;0;0;0.00
1.0000;BFDC;93;0;0;0;0.65
1.0000;BFDC;92;0;0;0;0.65
1.0000;BFDC;91;0;0;0;0.65
1.0000;BFDC;91;0;0;0;0.65
1.0000;BFDC;91;0;0;0;0.65
1.0000;BFDC;91;0;0;0;0.65
1.0000;BFDC;91;0;0;0;0.65
1.0000;BFDC;91;0;0;0;0.65
1.0000;BFDC;91;0;0;0;0.65
1.0000;BFDC;91;0;0;0;0.65
1.0000;BFDC;91;0;0;0;0.65
1.0000;BFDC;91;0;0;0;0.65
1.0000;BFDC;91;0;0;0;0.65
1.0000;BFDC;91;0;0;0;0.65
1.0000;BFDC;91;0;0;0;0.65
1.0000;BFDC;91;0;0;0;0.65
1.0000;BFDC;91;0;0;0;0.65
1.0000;BFDC;91;0;0;0;0.65
1.0000;BFDC;91;0;0;0;0.65
1.0000;BFDC;91;0;0;0;0.65
1.0000;BFDC;152;0;0;0;1.09
1.0000;BFDC;150;0;0;0;1.09
1.0000;BFDC;149;0;0;0;1.09
1.0000;BFDC;149;0;0;0;1.09
1.0000;BFDC;148;0;0;0;1.09
1.0000;BFDC;148;0;0;0;1.09
1.0000;BFDC;148;0;0;0;1.09
1.0000;BFDC;148;0;0;0;1.09
1.0000;BFDC;148;0;0;0;1.09
1.0000;BFDC;148;0;0;0;1.09
1.0000;BFDC;147;0;0;0;1.09
1.0000;BFDC;148;0;0;0;1.09
1.0000;BFDC;148;0;0;0;1.09
1.0000;BFDC;148;0;0;0;1.09
1.0000;BFDC;152;0;0;0;1.09
1.0000;BFDC;148;0;0;0;1.09
1.0000;BFDC;148;0;0;0;1.09
1.0000;BFDC;148;0;0;0;1.09
1.0000;BFDC;148;0;0;0;1.09
1.0000;BFDC;148;0;0;0;1.09
1.0000;CRA;24;0;0;0;0.02
1.0000;CRA;23;0;0;0;0.02
1.0000;CRA;22;0;0;0;0.02
1.0000;CRA;22;0;0;0;0.02
1.0000;CRA;22;0;0;0;0.02
1.0000;CRA;22;0;0;0;0.02
1.0000;CRA;22;0;0;0;0.02
1.0000;CRA;22;0;0;0;0.02
1.0000;CRA;22;0;0;0;0.02
1.0000;CRA;22;0;0;0;0.02
1.0000;CRA;22;0;0;0;0.02
1.0000;CRA;22;0;0;0;0.02
1.0000;CRA;22;0;0;0;0.02
1.0000;CRA;22;0;0;0;0.02
1.0000;CRA;22;0;0;0;0.02
1.0000;CRA;22;0;0;0;0.02
1.0000;CRA;22;0;0;0;0.02
1.0000;CRA;22;0;0;0;0.02
1.0000;CRA;22;0;0;0;0.02
1.0000;CRA;22;0;0;0;0.02
1.0000;CRA;112;0;0;0;0.75
1.0000;CRA;104;0;0;0;0.75
1.0000;CRA;103;0;0;0;0.75
1.0000;CRA;102;0;0;0;0.75
1.0000;CRA;100;0;0;0;0.75
1.0000;CRA;100;0;0;0;0.75
1.0000;CRA;99;0;0;0;0.75
1.0000;CRA;99;0;0;0;0.75
1.0000;CRA;104;0;0;0;0.75
1.0000;CRA;99;0;0;0;0.75
1.0000;CRA;100;0;0;0;0.75
1.0000;CRA;98;0;0;0;0.75
1.0000;CRA;99;0;0;0;0.75
1.0000;CRA;99;0;0;0;0.75
1.0000;CRA;98;0;0;0;0.75
1.0000;CRA;97;0;0;0;0.75
1.0000;CRA;97;0;0;0;0.75
1.0000;CRA;97;0;0;0;0.75
1.0000;CRA;97;0;0;0;0.75
1.0000;CRA;96;0;0;0;0.75
